4 0.41770781250000005 0.7620375 0.41302031250000004 0.7620375 0.41015625 0.759259375 0.4036453125 0.7615734375 0.40442656250000003 0.7708328125 0.40390625 0.778240625 0.41197968749999997 0.7791671874999999 0.41640625 0.7759265625 0.41979218749999997 0.7745375
4 0.47473906250000003 0.8935187499999999 0.47473906250000003 0.8736109375 0.47473906250000003 0.8569437499999999 0.47760468749999996 0.8523140625 0.48151093749999996 0.8384265624999999 0.48411406250000005 0.8226859375 0.48411406250000005 0.8013890625 0.48229218749999997 0.7875 0.47552031250000004 0.7740734375 0.46927031250000006 0.76944375 0.46875 0.7754624999999999 0.46979218749999996 0.8 0.46640625 0.8120375 0.46119843749999995 0.8268515624999999 0.46119843749999995 0.8421296875 0.4609375 0.8578703125 0.45911406250000003 0.8680562500000001 0.45703125 0.8722218749999999 0.45130156250000003 0.8773140625 0.44479218749999994 0.8796296874999999 0.44192656250000006 0.8819437499999999 0.43697968749999994 0.8722218749999999 0.43567656250000003 0.871296875 0.4283859375 0.8726859375 0.42161406250000005 0.878703125 0.4203125 0.8870374999999999 0.425 0.8953703125000001 0.4296875 0.8990734375 0.42552031250000005 0.9101859375 0.42916718749999994 0.921296875 0.434375 0.9189812500000001 0.44244843749999996 0.9134265625 0.46588593749999996 0.884721875 0.45703125 0.8981484375000001
4 0.47578125 0.9273140625 0.47291718749999995 0.9226859375 0.4671875 0.925 0.46276093749999997 0.9347218749999999 0.4609375 0.9467593750000001 0.46276093749999997 0.9546296875 0.46536406250000006 0.9583328124999999 0.46979218749999996 0.9615734375 0.47682343749999995 0.953240625 0.47682343749999995 0.9384265624999999
4 0.49453125 0.7032406250000001 0.49557343749999994 0.6953703124999999 0.49973906250000005 0.683796875 0.5 0.6731484375 0.496875 0.6643515625 0.4890625 0.6615734375 0.48645781250000003 0.6699078125 0.48645781250000003 0.6736109375 0.48854218749999995 0.6902781250000001 0.4796875 0.7041671875 0.47890625 0.7148140625 0.48072968749999995 0.722221875 0.48072968749999995 0.7231484375 0.48515625 0.728703125 0.4934890625 0.727778125 0.4934890625 0.7134265625
4 0.60390625 0.9625 0.5984375 0.9509265625 0.5934890625 0.9509265625 0.5794265625 0.9509265625 0.5713546875 0.9546296875 0.5739578125 0.9666671875 0.5807296875 0.984259375 0.6026046875 0.9856484375000001 0.60234375 0.978703125
4 0.590625 0.8550921875 0.5916671874999999 0.8268515624999999 0.58359375 0.80601875 0.5838546874999999 0.7976859375 0.5825515625000001 0.7800921875 0.5809890625 0.7708328125 0.5786453125000001 0.7620375 0.57578125 0.75601875 0.5692703125 0.753240625 0.5690109375 0.75 0.5713546875 0.740740625 0.5682296874999999 0.7101859375 0.56328125 0.6921296875 0.5609375 0.6902781250000001 0.5596359375 0.6763890625 0.5565109374999999 0.65694375 0.5520828125 0.628703125 0.5494796875 0.608796875 0.5458328125 0.59444375 0.54609375 0.584259375 0.5427078125 0.56898125 0.5427078125 0.55555625 0.5434890625000001 0.540740625 0.5447921874999999 0.5259265625 0.5447921874999999 0.5203703125 0.5388015625 0.5208328125 0.5380203125 0.5324078125 0.5364578125 0.5458328125 0.5364578125 0.5828703125 0.5359375 0.603703125 0.53515625 0.6245375 0.5369796874999999 0.6435187499999999 0.5393234375 0.6833328125 0.5471359375 0.7490734375 0.5494796875 0.7888890625 0.5494796875 0.8092593750000001 0.5536453125 0.8398140625 0.5546875 0.853240625 0.5546875 0.8699078124999999 0.5546875 0.8833328125 0.55703125 0.8893515624999999 0.56640625 0.8939812500000001 0.5989578125 0.8893515624999999 0.596875 0.86944375
4 0.7544265625000001 0.9550921875 0.7364578125000001 0.9407406249999999 0.72890625 0.9444437499999999 0.71953125 0.9495374999999999 0.7078125 0.9398140625 0.7018234375 0.9476859375 0.7096359375 0.9703703125 0.71171875 0.9717593750000001 0.7184890625 0.99398125 0.72578125 0.99351875 0.7283859374999999 0.9851859375 0.7479171874999999 0.9819437499999999 0.75234375 0.9773140625
4 0.6888015625 0.852778125 0.6848953125 0.8606484375000001 0.6856765625000001 0.8736109375 0.6955734375 0.8916671875000001 0.7010421874999999 0.8870374999999999 0.70234375 0.8717593750000001
4 0.6651046875 0.8398140625 0.6705734375 0.847221875 0.6744796875 0.847221875 0.6755203125 0.822221875 0.6640625 0.8240734375000001
4 0.6192703125000001 0.6958328125000001 0.6151046874999999 0.6921296875 0.6130203125 0.6884265625 0.61015625 0.6796296875000001 0.6098953125000001 0.6740734374999999 0.609375 0.66944375 0.6096359375 0.6625 0.6096359375 0.6574078125 0.6080734375 0.6449078125 0.5950515625 0.6078703125 0.5760421874999999 0.5541671874999999 0.5736984374999999 0.553240625 0.5708328125000001 0.5486109375 0.5638015625 0.5231484375 0.5619796874999999 0.509259375 0.5604171874999999 0.509259375 0.5528640625000001 0.5231484375 0.5578125 0.53101875 0.5611984375 0.534259375 0.5645828125000001 0.5421296875 0.5645828125000001 0.5486109375 0.5638015625 0.558796875 0.5651046875 0.5708328125000001 0.5690109375 0.5763890625 0.571875 0.5773140625 0.575 0.584259375 0.575 0.5949078125 0.5744796875 0.6023140625 0.5752609375 0.6129625 0.5815109374999999 0.6273140625 0.5893234374999999 0.6375 0.5908859375 0.6513890625000001 0.59765625 0.671296875 0.6033859374999999 0.6800921875 0.60703125 0.6865734375 0.60703125 0.6986109375 0.6192703125000001 0.722221875 0.6268234374999999 0.728703125 0.6278640625 0.7379625 0.63359375 0.7453703125 0.6377609375 0.76944375 0.6427078125000001 0.7736109375 0.6471359375 0.78055625 0.6471359375 0.7870375000000001 0.6479171874999999 0.7990734374999999 0.6552078125 0.803703125 0.6638015625 0.8 0.6255203125000001 0.715740625 0.6234375 0.70555625
4 0.525 0.521296875 0.5197921875 0.5259265625 0.5197921875 0.53194375 0.521875 0.5361109374999999 0.5270828125 0.528240625 0.5286453125 0.51944375