4 0.4075520833333333 0.9662045454545455 0.4078125 0.9740738636363637 0.40911458333333334 0.9787045454545454 0.4158854166666667 0.9953712121212122 0.4317708333333333 0.9953712121212122 0.44375 0.9865738636363636 0.44296875 0.984721590909091 0.4432291666666667 0.9777784090909092 0.4518229166666667 0.9694450757575758 0.4549479166666667 0.9717594696969698 0.45546875 0.9703712121212121 0.4549479166666667 0.967592803030303 0.4588541666666667 0.9407405303030303 0.45989583333333334 0.9393522727272727 0.45651041666666664 0.9361117424242424 0.4549479166666667 0.9319450757575758 0.45078125 0.9333333333333333 0.4471354166666667 0.9189810606060606 0.4395833333333333 0.9115738636363636 0.4388020833333333 0.9134261363636363 0.4276041666666667 0.9166666666666666 0.4239583333333333 0.9203712121212122 0.4166666666666667 0.9444450757575757 0.41302083333333334 0.9509261363636363 0.41171875 0.9587954545454546 0.4075520833333333 0.9662045454545455
4 0.4861979166666667 0.9958333333333332 0.48671875 0.9898143939393939 0.48671875 0.9861117424242425 0.48411458333333335 0.9819450757575757 0.47942708333333334 0.9662045454545455 0.47578125 0.9620378787878788 0.47369791666666666 0.955092803030303 0.47109375 0.9532405303030302 0.46822916666666664 0.9546287878787878 0.4674479166666667 0.9587954545454546 0.4588541666666667 0.9634261363636364 0.45286458333333335 0.9861117424242425 0.45260416666666664 0.9939810606060606 0.45989583333333334 0.9995378787878787 0.484375 0.9995378787878787 0.4861979166666667 0.9958333333333332
4 0.44088541666666664 0.9171287878787879 0.44635416666666666 0.9203712121212122 0.4484375 0.9236117424242424 0.4549479166666667 0.9259261363636364 0.4622395833333333 0.9254621212121212 0.4778645833333333 0.9166666666666666 0.4828125 0.9083333333333333 0.48125 0.9041666666666667 0.48385416666666664 0.8958333333333334 0.48385416666666664 0.8921287878787878 0.48125 0.8879621212121211 0.4669270833333333 0.8782405303030303 0.45807291666666666 0.8773143939393939 0.4515625 0.8810189393939394 0.446875 0.880092803030303 0.4434895833333333 0.8819450757575757 0.43802083333333336 0.8893522727272727 0.43463541666666666 0.8976856060606061 0.43385416666666665 0.9064810606060606 0.4354166666666667 0.9120378787878788 0.4390625 0.9138882575757576 0.44088541666666664 0.9171287878787879
4 0.4588541666666667 0.859721590909091 0.4669270833333333 0.8541666666666666 0.46979166666666666 0.8462954545454545 0.4765625 0.8407405303030303 0.48098958333333336 0.8282405303030302 0.4864583333333333 0.8185189393939394 0.48854166666666665 0.8064810606060606 0.48776041666666664 0.802314393939394 0.4901041666666667 0.7990738636363637 0.49244791666666665 0.7986117424242424 0.4947916666666667 0.7870378787878788 0.4947916666666667 0.7680549242424243 0.4822916666666667 0.7592594696969697 0.4747395833333333 0.7634261363636363 0.47317708333333336 0.7759261363636364 0.4713541666666667 0.784721590909091 0.46979166666666666 0.7875 0.4666666666666667 0.7861117424242424 0.4627604166666667 0.7930549242424243 0.4546875 0.7995378787878789 0.45078125 0.797685606060606 0.4354166666666667 0.8296287878787878 0.43359375 0.8412045454545455 0.43411458333333336 0.8453712121212121 0.44036458333333334 0.8555549242424243 0.4588541666666667 0.859721590909091
4 0.4635416666666667 0.7203712121212121 0.45807291666666666 0.730092803030303 0.45078125 0.7513882575757576 0.45078125 0.7634261363636363 0.4544270833333333 0.7662045454545454 0.46901041666666665 0.7643522727272727 0.47604166666666664 0.7578712121212121 0.4822916666666667 0.7560189393939394 0.4875 0.7444450757575758 0.48385416666666664 0.7236117424242424 0.4783854166666667 0.7125 0.4791666666666667 0.7064810606060606 0.4825520833333333 0.705092803030303 0.484375 0.7009261363636363 0.48072916666666665 0.6935189393939394 0.47734375 0.6810189393939393 0.4783854166666667 0.672685606060606 0.48098958333333336 0.6703712121212122 0.48333333333333334 0.6643522727272728 0.48723958333333334 0.6620378787878788 0.48802083333333335 0.6587954545454545 0.4901041666666667 0.6578712121212121 0.48723958333333334 0.6564810606060606 0.48541666666666666 0.6513882575757576 0.4875 0.6462954545454546 0.48385416666666664 0.6421287878787878 0.48385416666666664 0.6384261363636363 0.4822916666666667 0.6361117424242425 0.4786458333333333 0.6384261363636363 0.4666666666666667 0.6583333333333333 0.46458333333333335 0.6671287878787879 0.46536458333333336 0.6851856060606061 0.4630208333333333 0.6930549242424242 0.46197916666666666 0.7037045454545454 0.4635416666666667 0.7203712121212121
4 0.48828125 0.6879621212121213 0.4979166666666667 0.6893522727272727 0.4986979166666667 0.6805549242424243 0.49609375 0.6634261363636363 0.4942708333333333 0.6606477272727272 0.490625 0.659721590909091 0.4869791666666667 0.6620378787878788 0.4869791666666667 0.6657405303030304 0.48411458333333335 0.6736117424242424 0.48515625 0.6851856060606061 0.48828125 0.6879621212121213
4 0.4856770833333333 0.6541666666666667 0.4890625 0.6587954545454545 0.4942708333333333 0.6587954545454545 0.4953125 0.6578712121212121 0.49765625 0.6407405303030302 0.5 0.6152784090909091 0.5028645833333333 0.5203712121212121 0.5028645833333333 0.5013882575757576 0.5018229166666667 0.49861174242424244 0.49713541666666666 0.5 0.4953125 0.5055549242424242 0.4864583333333333 0.5634261363636364 0.4830729166666667 0.5759261363636363 0.48046875 0.6041666666666666 0.48098958333333336 0.6143522727272727 0.47994791666666664 0.6273143939393939 0.484375 0.6412045454545454 0.4856770833333333 0.6541666666666667
4 0.5083333333333333 0.5541666666666667 0.50859375 0.5842594696969696 0.509375 0.5916666666666667 0.5138020833333333 0.5995378787878788 0.5151041666666667 0.6046287878787879 0.5145833333333333 0.6083333333333333 0.5106770833333333 0.6115738636363637 0.51484375 0.6217594696969697 0.5140625 0.6273143939393939 0.5166666666666667 0.6347215909090909 0.5169270833333334 0.6462954545454546 0.5184895833333333 0.65 0.5182291666666666 0.6541666666666667 0.5213541666666667 0.657407196969697 0.5221354166666666 0.6601856060606061 0.52109375 0.669907196969697 0.5273156250000001 0.6900189393939393 0.5239552083333333 0.7004734848484849 0.5270354166666666 0.7149109848484849 0.5191947916666667 0.7273579545454546 0.5275958333333334 0.7582253787878788 0.53235625 0.7890909090909091 0.5343166666666667 0.8055208333333334 0.5302083333333333 0.8208333333333333 0.5294270833333333 0.8254621212121211 0.52734375 0.827778409090909 0.5255208333333333 0.8337954545454546 0.5328125 0.8509261363636363 0.5486979166666667 0.8560189393939394 0.5682291666666667 0.8532405303030304 0.5713541666666667 0.8453712121212121 0.5684895833333333 0.8416666666666667 0.5671875 0.8342594696969696 0.5708333333333333 0.8217594696969697 0.5736979166666667 0.817592803030303 0.575 0.8129621212121213 0.575 0.8032405303030303 0.5763020833333333 0.7990738636363637 0.5755208333333334 0.7865738636363636 0.5770833333333333 0.7828712121212121 0.571875 0.780092803030303 0.5684895833333333 0.7722215909090909 0.5677083333333334 0.767592803030303 0.5645833333333333 0.7662045454545454 0.56328125 0.760185606060606 0.56328125 0.7532405303030303 0.56484375 0.7319450757575757 0.5619791666666667 0.7129621212121212 0.5565104166666667 0.702778409090909 0.5520833333333334 0.702314393939394 0.5497395833333333 0.6944450757575757 0.5502604166666667 0.6907405303030303 0.5583333333333333 0.6851856060606061 0.553125 0.669907196969697 0.553125 0.6652784090909091 0.5515625 0.6638882575757576 0.55078125 0.6537045454545455 0.5486979166666667 0.6439810606060606 0.5450520833333333 0.6384261363636363 0.5455729166666666 0.6268522727272727 0.5403645833333334 0.6185189393939393 0.5380208333333333 0.6111117424242424 0.5377604166666666 0.6064810606060606 0.53359375 0.5930549242424242 0.5330729166666667 0.5837954545454546 0.5309895833333333 0.5796287878787878 0.5255208333333333 0.5490738636363637 0.5135416666666667 0.505092803030303 0.5098958333333333 0.5009261363636364 0.5057291666666667 0.49953787878787875 0.5057291666666667 0.5180549242424243 0.50703125 0.5259261363636364 0.5065104166666666 0.5356477272727272 0.5083333333333333 0.5541666666666667
4 0.6002604166666666 0.7365738636363637 0.60390625 0.7513882575757576 0.60390625 0.7555549242424242 0.6111979166666667 0.7689810606060606 0.6151041666666667 0.769907196969697 0.6151041666666667 0.7754621212121212 0.61953125 0.7759261363636364 0.6348958333333333 0.7726856060606061 0.6411458333333333 0.7680549242424243 0.6393229166666666 0.7541666666666667 0.640625 0.7486117424242424 0.6401041666666667 0.744907196969697 0.6346354166666667 0.7361117424242424 0.6283854166666667 0.7310189393939394 0.6182291666666667 0.715278409090909 0.6140625 0.7055549242424243 0.6145833333333334 0.7000000000000001 0.6135416666666667 0.697685606060606 0.6067708333333334 0.6967594696969697 0.6026041666666667 0.6935189393939394 0.59921875 0.6768522727272727 0.5919270833333333 0.672221590909091 0.58671875 0.6759261363636364 0.5888020833333333 0.6861117424242424 0.5869791666666667 0.6972215909090909 0.5942708333333333 0.7319450757575757 0.6002604166666666 0.7365738636363637
4 0.5690104166666666 0.9212954545454546 0.5729166666666666 0.9120378787878788 0.5734375 0.9078712121212121 0.5705729166666667 0.905092803030303 0.5674479166666667 0.8972215909090909 0.5674479166666667 0.892592803030303 0.5713541666666667 0.8884261363636363 0.57109375 0.8837954545454546 0.5723958333333333 0.8805549242424242 0.5700520833333333 0.8759261363636364 0.5658854166666667 0.8745378787878787 0.5609375 0.869907196969697 0.5510416666666667 0.8722215909090909 0.55 0.8731477272727273 0.55078125 0.8768522727272727 0.54375 0.890278409090909 0.5434895833333333 0.9078712121212121 0.5565104166666667 0.9254621212121212 0.5640625 0.9268522727272727 0.5690104166666666 0.9212954545454546
4 0.5596354166666667 0.982407196969697 0.559375 0.9879621212121212 0.5572916666666666 0.9939810606060606 0.5580729166666667 0.9995378787878787 0.5958333333333333 0.9995378787878787 0.5955729166666667 0.9939810606060606 0.5916666666666667 0.9898143939393939 0.58984375 0.9740738636363637 0.5828125 0.9587954545454546 0.5828125 0.9546287878787878 0.5802083333333333 0.9518522727272727 0.5716145833333334 0.9532405303030302 0.5666666666666667 0.9546287878787878 0.5638020833333334 0.9587954545454546 0.5638020833333334 0.9629621212121212 0.5625 0.9662045454545455 0.5627604166666667 0.9768522727272728 0.5596354166666667 0.982407196969697
4 0.63671875 0.7962954545454546 0.6377604166666667 0.8064810606060606 0.6388020833333333 0.807407196969697 0.6427083333333333 0.8050928030303031 0.64375 0.8069450757575758 0.64296875 0.8134261363636364 0.6411458333333333 0.8180549242424242 0.6421875 0.8199071969696969 0.6419270833333334 0.8263882575757576 0.6432291666666666 0.8314810606060606 0.6411458333333333 0.8379621212121212 0.64140625 0.8569450757575757 0.6403645833333333 0.8689810606060606 0.6419270833333334 0.8731477272727273 0.6479166666666667 0.8773143939393939 0.65390625 0.8967594696969696 0.6559895833333333 0.9004621212121212 0.66171875 0.9009261363636364 0.6669270833333333 0.8976856060606061 0.671875 0.8921287878787878 0.6752604166666667 0.8782405303030303 0.6786458333333333 0.8726856060606061 0.67734375 0.8643522727272727 0.678125 0.8611117424242424 0.67578125 0.8564810606060606 0.6763020833333333 0.8532405303030304 0.675 0.8523143939393939 0.67109375 0.8375 0.66796875 0.8351856060606061 0.6658854166666667 0.8138882575757576 0.66171875 0.8106477272727273 0.6611979166666667 0.8064810606060606 0.65625 0.797221590909091 0.6518229166666667 0.7930549242424243 0.64609375 0.7837954545454545 0.6434895833333333 0.7833333333333333 0.6424479166666667 0.7805549242424242 0.6369791666666667 0.7828712121212121 0.640625 0.7884261363636363 0.6385416666666667 0.7944450757575757 0.6346354166666667 0.7944450757575757 0.63671875 0.7962954545454546
4 0.6229166666666667 0.8564810606060606 0.62421875 0.8490738636363636 0.6333333333333333 0.8462954545454545 0.63671875 0.8430549242424242 0.6377604166666667 0.8375 0.6372395833333333 0.8296287878787878 0.6330729166666667 0.8120378787878787 0.6263020833333334 0.807407196969697 0.6190104166666667 0.8125 0.6135416666666667 0.8129621212121213 0.6104166666666667 0.817128787878788 0.6114583333333333 0.8259261363636363 0.6138020833333333 0.830092803030303 0.6151041666666667 0.8384261363636364 0.6229166666666667 0.8564810606060606
4 0.61171875 0.7879621212121212 0.6182291666666667 0.7828712121212121 0.61640625 0.7791666666666667 0.6075520833333333 0.7717594696969696 0.6080729166666666 0.767592803030303 0.6072916666666667 0.7662045454545454 0.6049479166666667 0.7694450757575757 0.5994791666666667 0.767592803030303 0.5984375 0.7791666666666667 0.5994791666666667 0.7837954545454545 0.6033854166666667 0.7902784090909091 0.61171875 0.7879621212121212
4 0.5682291666666667 0.6708333333333333 0.5682291666666667 0.6740738636363637 0.5721354166666667 0.677314393939394 0.5747395833333333 0.6736117424242424 0.578125 0.6768522727272727 0.5791666666666667 0.6800928030303031 0.5822916666666667 0.6814810606060606 0.5846354166666666 0.6814810606060606 0.5880208333333333 0.6777784090909091 0.5893229166666667 0.6657405303030304 0.5869791666666667 0.6583333333333333 0.5877604166666667 0.6541666666666667 0.58046875 0.6458333333333334 0.5744791666666667 0.642592803030303 0.57265625 0.6393522727272727 0.5682291666666667 0.6388882575757576 0.5638020833333334 0.644907196969697 0.5630208333333333 0.6462954545454546 0.5643229166666667 0.6523143939393939 0.5640625 0.6620378787878788 0.5682291666666667 0.6708333333333333
4 0.5692 0.6119810606060606 0.5645645833333333 0.591655303030303 0.5636375 0.582316287878788 0.55313125 0.5735265151515152 0.5460239583333333 0.5641875000000001 0.5432427083333333 0.5515511363636364 0.5392260416666667 0.5389166666666667 0.5339729166666667 0.5279299242424242 0.5253208333333333 0.522435606060606 0.526865625 0.5350719696969697 0.5305739583333333 0.5499034090909091 0.5382989583333334 0.578469696969697 0.5444791666666667 0.5883579545454546 0.54756875 0.6070359848484849 0.5540583333333333 0.603191287878788 0.561475 0.6048390151515152 0.55869375 0.6152765151515152 0.5540583333333333 0.6218693181818181 0.5546760416666667 0.629560606060606 0.5596208333333333 0.6405473484848485 0.5732177083333333 0.6356041666666666 0.5682729166666667 0.6246155303030303 0.5661104166666667 0.6218693181818181 0.5692 0.6119810606060606