4 0.40286458333333336 0.7967594696969698 0.40963541666666664 0.7851856060606061 0.415625 0.7782405303030303 0.4200520833333333 0.7759261363636364 0.4239583333333333 0.7773143939393939 0.43203125 0.7726856060606061 0.43697916666666664 0.767592803030303 0.43515625 0.7634261363636363 0.43984375 0.7555549242424242 0.4421875 0.732407196969697 0.4479166666666667 0.7097215909090909 0.446875 0.7046287878787878 0.44973958333333336 0.669907196969697 0.44921875 0.6629621212121212 0.45078125 0.655092803030303 0.453125 0.6513882575757576 0.453125 0.6486117424242424 0.4549479166666667 0.6467594696969696 0.4549479166666667 0.6421287878787878 0.45078125 0.640278409090909 0.44765625 0.6365738636363636 0.4401041666666667 0.6412045454545454 0.4348958333333333 0.6504621212121212 0.434375 0.6578712121212121 0.4315104166666667 0.6601856060606061 0.42578125 0.6708333333333333 0.42135416666666664 0.6851856060606061 0.41510416666666666 0.6967594696969697 0.4125 0.7092594696969696 0.40677083333333336 0.7245378787878788 0.40390625 0.7277784090909091 0.403125 0.732407196969697 0.4041666666666667 0.7374999999999999 0.4015625 0.7513882575757576 0.3984375 0.7606477272727273 0.3963541666666667 0.7828712121212121 0.39791666666666664 0.7875 0.3958333333333333 0.7912045454545454 0.39947916666666666 0.7967594696969698 0.40286458333333336 0.7967594696969698
4 0.45598958333333334 0.630092803030303 0.4588541666666667 0.6333333333333333 0.4661458333333333 0.6319450757575757 0.4671875 0.6277784090909091 0.4671875 0.6069450757575757 0.4630208333333333 0.5990738636363636 0.45859375 0.6018522727272728 0.45 0.625 0.44973958333333336 0.6273143939393939 0.45078125 0.6291666666666667 0.4557291666666667 0.6268522727272727 0.45598958333333334 0.630092803030303
4 0.3572916666666667 0.9111117424242424 0.3645833333333333 0.9134261363636363 0.37604166666666666 0.9120378787878788 0.38125 0.9083333333333333 0.38177083333333334 0.9032405303030303 0.38567708333333334 0.894907196969697 0.38619791666666664 0.8726856060606061 0.3815104166666667 0.8587954545454546 0.3768229166666667 0.8560189393939394 0.37395833333333334 0.8578712121212122 0.36875 0.8564810606060606 0.3658854166666667 0.8611117424242424 0.3606770833333333 0.8787045454545455 0.35182291666666665 0.892592803030303 0.35052083333333334 0.9 0.353125 0.9037045454545455 0.35390625 0.9078712121212121 0.3572916666666667 0.9111117424242424
4 0.3888020833333333 0.8560189393939394 0.3924479166666667 0.8537045454545454 0.3919270833333333 0.8407405303030303 0.39375 0.830092803030303 0.39401041666666664 0.8138882575757576 0.3921875 0.8111117424242424 0.3854166666666667 0.8106477272727273 0.384375 0.8064810606060606 0.38671875 0.8037045454545454 0.38645833333333335 0.8013882575757575 0.38177083333333334 0.797221590909091 0.37838541666666664 0.797221590909091 0.3729166666666667 0.8046287878787879 0.36796875 0.8212954545454546 0.36692708333333335 0.8379621212121212 0.37005208333333334 0.8467594696969697 0.38125 0.8560189393939394 0.3888020833333333 0.8560189393939394
4 0.72578125 0.6361117424242425 0.74375 0.6430549242424243 0.7471354166666667 0.6421287878787878 0.7505208333333333 0.6384261363636363 0.7497395833333333 0.6324071969696969 0.7466145833333333 0.6268522727272727 0.7348958333333333 0.6194450757575758 0.7268229166666667 0.610185606060606 0.7239583333333334 0.6092594696969698 0.7166666666666667 0.6120378787878789 0.71484375 0.6166666666666667 0.7151041666666667 0.6263882575757576 0.7166666666666667 0.6287045454545455 0.7192708333333333 0.6287045454545455 0.72578125 0.6361117424242425
4 0.6971354166666667 0.6087954545454546 0.7026041666666667 0.6041666666666666 0.6973958333333333 0.5944450757575758 0.67734375 0.5791666666666667 0.6622395833333333 0.5712954545454546 0.6588541666666666 0.5717594696969697 0.6559895833333333 0.5750000000000001 0.6559895833333333 0.5796287878787878 0.6588541666666666 0.5837954545454546 0.68515625 0.6037045454545454 0.6971354166666667 0.6087954545454546
4 0.634375 0.5643522727272727 0.6385416666666667 0.5657405303030303 0.6395833333333333 0.5643522727272727 0.6359375 0.5615738636363636 0.6354166666666666 0.5527784090909091 0.6270833333333333 0.5384261363636363 0.6190104166666667 0.5388882575757576 0.6145833333333334 0.5453712121212122 0.6140625 0.5486117424242424 0.6182291666666667 0.5532405303030303 0.6309895833333333 0.5597215909090909 0.634375 0.5643522727272727
4 0.6817708333333333 0.5564810606060606 0.68046875 0.5490738636363637 0.6747395833333333 0.5421287878787879 0.66484375 0.5402784090909091 0.6614583333333334 0.542592803030303 0.6611979166666667 0.5490738636363637 0.6651041666666667 0.5541666666666667 0.67734375 0.5597215909090909 0.6817708333333333 0.5564810606060606
4 0.6934895833333333 0.5708333333333333 0.69609375 0.5680549242424242 0.6958333333333333 0.5601856060606061 0.6934895833333333 0.5569450757575758 0.68515625 0.5555549242424243 0.6815104166666667 0.5587954545454545 0.6809895833333334 0.5606477272727273 0.6830729166666667 0.5643522727272727 0.6875 0.5689810606060607 0.6934895833333333 0.5708333333333333
4 0.7104166666666667 0.5717594696969697 0.7104166666666667 0.5638882575757576 0.7091145833333333 0.5615738636363636 0.6997395833333333 0.557871212121212 0.6973958333333333 0.5625 0.696875 0.5652784090909091 0.6981770833333333 0.5685189393939394 0.70859375 0.5736117424242425 0.7104166666666667 0.5717594696969697
4 0.7216145833333333 0.5935189393939394 0.7190104166666667 0.5953712121212121 0.7208333333333333 0.6009261363636363 0.7268229166666667 0.6013882575757576 0.7270833333333333 0.594907196969697 0.7294927083333334 0.5930549242424242 0.7440104166666667 0.5958333333333333 0.7484375 0.6009261363636363 0.7583333333333333 0.607407196969697 0.7861979166666667 0.6226856060606061 0.7986979166666667 0.6277784090909091 0.8028645833333333 0.6273143939393939 0.8059895833333334 0.6314810606060607 0.8130208333333333 0.6305549242424242 0.8067708333333333 0.614814393939394 0.80234375 0.614814393939394 0.80078125 0.6111117424242424 0.7903645833333334 0.6083333333333333 0.7768229166666667 0.5986117424242424 0.7432291666666667 0.582407196969697 0.7203125 0.5680549242424242 0.7140625 0.567128787878788 0.71171875 0.5699071969696969 0.7122395833333334 0.5759261363636363 0.7174479166666666 0.5856477272727272 0.72265625 0.5898143939393939 0.7216145833333333 0.5935189393939394
4 0.8299479166666667 0.6481477272727272 0.8401041666666667 0.6541666666666667 0.87890625 0.6736117424242424 0.8940104166666667 0.6782405303030303 0.9002604166666667 0.6837954545454545 0.9033854166666667 0.6842594696969697 0.9041666666666667 0.6888882575757576 0.9080729166666667 0.6884261363636364 0.9135416666666667 0.6930549242424242 0.9286458333333333 0.6944450757575757 0.93359375 0.6893522727272727 0.9333333333333333 0.677314393939394 0.92734375 0.6652784090909091 0.9239583333333333 0.6615738636363636 0.9104166666666667 0.6620378787878788 0.9002604166666667 0.6564810606060606 0.8927083333333333 0.6555549242424242 0.8651041666666667 0.6407405303030302 0.8606770833333334 0.640278409090909 0.8338541666666667 0.6263882575757576 0.8296875 0.6259261363636364 0.8184895833333333 0.6189810606060606 0.809375 0.6180549242424243 0.8088541666666667 0.6194450757575758 0.8119791666666667 0.630092803030303 0.8171875 0.6324071969696969 0.8299479166666667 0.6481477272727272
4 0.8596354166666667 0.607407196969697 0.8690104166666667 0.6152784090909091 0.883246875 0.6212954545454545 0.88984375 0.6263882575757576 0.8981770833333333 0.6282405303030303 0.9106770833333333 0.6342594696969697 0.91640625 0.6333333333333333 0.9200520833333333 0.6305549242424242 0.91875 0.6231477272727273 0.9119791666666667 0.6162045454545454 0.8838541666666667 0.6083333333333333 0.8770833333333333 0.605092803030303 0.8690104166666667 0.5981477272727272 0.8572916666666667 0.5986117424242424 0.8497395833333333 0.5939810606060606 0.8479166666666667 0.594907196969697 0.84765625 0.5990738636363636 0.8494791666666667 0.6037045454545454 0.85703125 0.6027784090909091 0.8596354166666667 0.607407196969697
4 0.7378052083333333 0.560215909090909 0.7406510416666666 0.5609564393939394 0.7942927083333333 0.585753787878788 0.7994791666666666 0.5870378787878788 0.81015625 0.5912045454545455 0.8158854166666667 0.590278409090909 0.8221354166666667 0.5953712121212121 0.8260416666666667 0.592592803030303 0.8416666666666667 0.5958333333333333 0.84453125 0.5953712121212121 0.8458333333333333 0.5930549242424242 0.8458333333333333 0.5916666666666667 0.840625 0.5879621212121212 0.8299479166666667 0.5828712121212121 0.825 0.5828712121212121 0.8130208333333333 0.5782405303030302 0.7912895833333333 0.5668901515151514 0.7752604166666667 0.5625 0.7721145833333334 0.5624810606060606 0.769096875 0.5609299242424243 0.7611854166666667 0.5581893939393939 0.736846875 0.5484147727272727 0.7283854166666667 0.5486117424242424 0.72578125 0.5527784090909091 0.7252604166666666 0.5564810606060606 0.732184375 0.5579962121212122 0.734196875 0.5568863636363637 0.7378052083333333 0.560215909090909
4 0.48411458333333335 0.5486117424242424 0.48203125 0.5333333333333333 0.4778645833333333 0.532407196969697 0.4744791666666667 0.5407405303030304 0.4744791666666667 0.5569450757575758 0.47760416666666666 0.5601856060606061 0.48203125 0.557407196969697 0.48411458333333335 0.5486117424242424
4 0.48984375 0.5212954545454546 0.49505208333333334 0.5106477272727273 0.4953125 0.504628787878788 0.49921875 0.49027840909090914 0.4984375 0.48518560606060607 0.49765625 0.4842594696969697 0.49140625 0.4930549242424243 0.4901041666666667 0.5037045454545455 0.484375 0.5171287878787878 0.4859375 0.5217594696969696 0.48984375 0.5212954545454546
4 0.61953125 0.5212954545454546 0.6171875 0.5143522727272727 0.6111979166666667 0.5083333333333333 0.6072916666666667 0.5087954545454546 0.6065104166666667 0.5106477272727273 0.6059895833333333 0.5134261363636363 0.6083333333333333 0.517592803030303 0.6140625 0.5212954545454546 0.61953125 0.5212954545454546
4 0.6393229166666666 0.5287045454545455 0.63828125 0.5254621212121212 0.6330729166666667 0.525 0.6328125 0.5291666666666667 0.6338541666666667 0.5328712121212121 0.6388020833333333 0.5314810606060606 0.6393229166666666 0.5287045454545455
4 0.6697916666666667 0.5342594696969697 0.6809895833333334 0.5379621212121212 0.6854166666666667 0.5361117424242424 0.6877604166666667 0.5388882575757576 0.6932291666666667 0.5388882575757576 0.69453125 0.5333333333333333 0.6697916666666667 0.5203712121212121 0.64296875 0.5134261363636363 0.6421875 0.5143522727272727 0.6434895833333333 0.5189810606060606 0.6515625 0.5254621212121212 0.6697916666666667 0.5342594696969697
4 0.3859375 0.5379621212121212 0.3807291666666667 0.5393522727272728 0.3776041666666667 0.5444450757575757 0.3776041666666667 0.5564810606060606 0.3848958333333333 0.5583333333333333 0.38828125 0.5560189393939393 0.3859375 0.5379621212121212