4 0.46458281250000005 0.652778125 0.47890625 0.5888890625000001 0.5020828125000001 0.48055624999999996 0.4986984375 0.48055624999999996 0.459375 0.5879624999999999 0.446875 0.584721875 0.40234375 0.7064812500000001 0.3528640625 0.772221875 0.3265625 0.8800921875000001 0.3713546875 0.9106484375000001 0.40260468749999995 0.8208328125 0.44088593749999994 0.70694375
4 0.6763015625000001 0.709721875 0.64375 0.716203125 0.6328125 0.7074078125 0.6322921874999999 0.7657406250000001 0.6919265625000001 0.777778125 0.7033859375 0.759721875
4 0.7940109375 0.6953703124999999 0.8018234375000001 0.6717593749999999 0.7552078125 0.634259375 0.74375 0.659721875
4 0.7044265625 0.6240734375 0.71796875 0.596759375 0.6924484375 0.5824078125 0.6825515625 0.6023140625
4 0.6216140625000001 0.5601859375 0.6278640625 0.5449078125 0.5802078125000001 0.515278125 0.5763015625000001 0.5245375
4 0.8283859375 0.621759375 0.7575515625 0.5898140625 0.753125 0.5995375000000001 0.7729171874999999 0.6129625 0.8143234375 0.6384265625000001
4 0.7057296875 0.5606484375 0.6994796875 0.5703703124999999 0.7138015625 0.5796296875 0.7192703125000001 0.5675921875000001
4 0.6703125 0.5481484375 0.6682296875 0.55555625 0.6815109374999999 0.5625 0.6846359375 0.55555625
4 0.6356765625 0.5370375000000001 0.63828125 0.528240625 0.59921875 0.5078703124999999 0.5973953125 0.5157406250000001
4 0.59296875 0.6064812500000001 0.58203125 0.6134265625 0.6119796875 0.69444375 0.6330734375 0.6875 0.6216140625000001 0.6384265625000001
4 0.9984375 0.7023140625 0.8989578125 0.65601875 0.8919265624999999 0.6773140625 0.9419265625 0.7143515625 0.9984375 0.7425921875