4 0.35078125 0.9984375 0.3697921875 0.9907406249999999 0.365625 0.9606484375000001 0.3151046875 0.9375 0.2966140625 0.9634265624999999 0.2903640625 0.9930562500000001 0.2971359375 0.9984375
4 0.40208281250000005 0.784259375 0.3778640625 0.784259375 0.3739578125 0.8120375 0.3697921875 0.8361109375 0.3911453125 0.8550921875 0.4036453125 0.833796875
4 0.44375 0.6699078125 0.42890625 0.6490734375 0.42916718749999994 0.66944375 0.425 0.6902781250000001 0.43020781250000006 0.715278125 0.45104218749999997 0.7009265625000001
4 0.9513015625 0.6791671874999999 0.9411453125 0.6523140625 0.915625 0.6361109375 0.9026046875 0.6361109375 0.8919265624999999 0.65601875 0.8927078125 0.666203125 0.9109375 0.6824078124999999 0.9515625 0.69444375
4 0.9984375 0.6291671875 0.9924484375 0.634259375 0.98828125 0.646296875 0.9921875 0.658796875 0.9958328125 0.6699078125 0.9984375 0.665740625
4 0.9984375 0.6203703125 0.9984375 0.6092593749999999 0.9921875 0.6060187499999999 0.9802078125 0.6138890625 0.9848953125 0.6254625 0.99765625 0.6296296875
4 0.8927078125 0.6148140625 0.8859375 0.5995375000000001 0.8736984375000001 0.590278125 0.8716140625 0.6018515625 0.8739578124999999 0.615278125 0.8807296875 0.621296875 0.88984375 0.6273140625
4 0.94140625 0.6226859375 0.9213546875 0.616203125 0.91640625 0.6199078124999999 0.9158859375 0.628703125 0.9216140625 0.6361109375 0.940625 0.6393515625
4 0.7828125 0.603703125 0.76953125 0.5893515625 0.75625 0.58055625 0.75 0.584259375 0.75234375 0.5953703124999999 0.7684890625 0.5986109374999999 0.7783859375 0.60694375
4 0.821875 0.61898125 0.8127609375 0.6125 0.80703125 0.6120375 0.8052078125 0.6175921875 0.8158859375 0.6268515625 0.82109375 0.6277781250000001
4 0.8354171875 0.6023140625 0.8401046875 0.5921296875000001 0.8401046875 0.584721875 0.81875 0.5754625 0.80078125 0.5745375 0.79921875 0.583796875 0.8057296875000001 0.590278125 0.8231765624999999 0.5995375000000001
4 0.7848953125 0.5666671875 0.7786453125 0.5648140625 0.7763015625 0.5643515625 0.77421875 0.5726859375 0.7783859375 0.5768515625 0.7841140625 0.5726859375
4 0.71640625 0.5625 0.7111984375 0.5569437500000001 0.7078125 0.5601859375 0.7057296875 0.5666671875 0.7098953125 0.571759375 0.7169265625000001 0.571296875
4 0.69296875 0.5523140625 0.6861984375 0.5453703125 0.68125 0.5481484375 0.6799484375 0.553703125 0.6846359375 0.5569437500000001 0.6911453125 0.558796875
4 0.4713546875 0.5916671874999999 0.48020781250000005 0.5611109375 0.48463593749999995 0.534721875 0.490625 0.5175921875 0.484375 0.5074078125 0.47994843749999994 0.5226859375 0.46770781250000004 0.55648125 0.4544265625 0.6046296875 0.4479171875 0.6236109375 0.4515625 0.6328703124999999 0.46536406250000006 0.6254625
4 0.7265625 0.5351859375 0.71953125 0.5328703124999999 0.7203125 0.546296875 0.7208328125000001 0.552778125 0.7296875 0.5550921875 0.7309890625000001 0.5458328125
4 0.8877609375000001 0.5708328125000001 0.8747390625 0.56898125 0.8716140625 0.58194375 0.8721359375000001 0.5861109375 0.8817703124999999 0.5884265625 0.8877609375000001 0.5824078125
4 0.6221359375 0.665740625 0.6122390625 0.6541671874999999 0.6052078125 0.6615734375 0.6065109375 0.6819437500000001 0.6169265625 0.6953703124999999 0.6244796874999999 0.6930562499999999