4 0.9499658203125 0.6990737847222221 0.9437158203125 0.6611111111111111 0.9015283203125 0.6351848958333333 0.8968408203125 0.6657404513888889 0.9499658203125 0.6990737847222221
4 0.3984033203125 0.8500000000000001 0.408298828125 0.8157404513888888 0.386423828125 0.7944444444444445 0.375486328125 0.8074071180555555 0.378611328125 0.8564817708333333 0.3984033203125 0.8500000000000001
4 0.444236328125 0.6944444444444444 0.43538232421875 0.6555555555555556 0.427048828125 0.6796293402777778 0.431736328125 0.6981484375 0.444236328125 0.6944444444444444
4 0.500486328125 0.4842595486111111 0.4499658203125 0.6185182291666667 0.46194482421875 0.6185182291666667 0.500486328125 0.4842595486111111
4 0.71663232421875 0.5740737847222221 0.716111328125 0.5620373263888889 0.708298828125 0.5583333333333333 0.70881982421875 0.5712960069444445 0.71663232421875 0.5740737847222221
4 0.6905908203125 0.5583333333333333 0.68850732421875 0.5472222222222222 0.68069482421875 0.5444444444444445 0.68069482421875 0.5574071180555555 0.6905908203125 0.5583333333333333
4 0.78538232421875 0.6120373263888889 0.7843408203125 0.6009262152777778 0.75256982421875 0.575 0.752048828125 0.5925928819444445 0.78538232421875 0.6120373263888889
4 0.82131982421875 0.6314817708333333 0.822361328125 0.6222222222222222 0.8077783203125 0.6157404513888889 0.80569482421875 0.6212960069444444 0.82131982421875 0.6314817708333333
4 0.875486328125 0.6620373263888889 0.87444482421875 0.6527777777777778 0.862986328125 0.6416666666666667 0.8609033203125 0.6555555555555556 0.875486328125 0.6620373263888889
4 0.783298828125 0.5759262152777778 0.79006982421875 0.5703706597222222 0.781736328125 0.5620373263888889 0.77444482421875 0.5731484375 0.783298828125 0.5759262152777778
4 0.8109033203125 0.5879626736111111 0.808298828125 0.5722222222222223 0.80100732421875 0.5888888888888889 0.8109033203125 0.5879626736111111
4 0.83538232421875 0.6027777777777777 0.84163232421875 0.5925928819444445 0.8218408203125 0.5787039930555555 0.8140283203125 0.5916666666666667 0.83538232421875 0.6027777777777777
4 0.8905908203125 0.6194444444444445 0.88694482421875 0.6064817708333333 0.877048828125 0.6092595486111111 0.88225732421875 0.6287039930555556 0.8905908203125 0.6194444444444445