4 0.6807296875 0.8453703125 0.6744796875 0.8782406249999999 0.6890625 0.8791671875 0.678125 0.9120375 0.6986984374999999 0.9333328125 0.7106765625 0.9513890625 0.7372390625 0.9407406249999999 0.7614578125 0.9324078124999999 0.7091140625000001 0.8333328124999999
4 0.5893234374999999 0.6976859375 0.5966140625 0.722221875 0.6263015625 0.7050921875 0.6322921874999999 0.6856484375 0.60390625 0.6370375 0.5986984375 0.6388890625 0.58671875 0.6625 0.5947921875 0.677778125 0.59921875 0.69351875
4 0.47473906250000003 0.54444375 0.46848906250000005 0.5476859375 0.46796875 0.5601859375 0.47369843749999996 0.5634265625 0.4791671875 0.55555625
4 0.5609375 0.5782406250000001 0.5596359375 0.5666671875 0.5572921875 0.553240625 0.5481765625 0.55648125 0.5408859374999999 0.566203125 0.54765625 0.571296875 0.5481765625 0.577778125
4 0.5328125 0.5421296875 0.5427078125 0.541203125 0.5416671875 0.5291671874999999 0.5325515625 0.509721875 0.5239578125000001 0.496759375 0.5216140625000001 0.49861093749999996 0.5208328125 0.5074078125 0.5247390625 0.5138890625 0.5322921875 0.5333328125000001
4 0.9203125 0.596759375 0.91328125 0.591203125 0.85 0.5703703124999999 0.8489578124999999 0.5833328125 0.8669265625 0.5921296875000001 0.8653640625 0.5995375000000001 0.87109375 0.603703125 0.8747390625 0.5953703124999999 0.9953125 0.6388890625 0.9880203125 0.6106484375 0.9283859375000001 0.59351875 0.9260421875 0.5976859375
4 0.825 0.5763890625 0.8354171875 0.5800921875 0.83515625 0.5652781250000001 0.828125 0.5611109375 0.82578125 0.5666671875
4 0.8140625 0.5708328125000001 0.8122390625 0.5583328125 0.8078125 0.55648125 0.8059890624999999 0.5666671875
4 0.78359375 0.5620375 0.7895828125000001 0.5652781250000001 0.7994796875 0.566203125 0.7880203125 0.55555625 0.7791671874999999 0.5481484375 0.7744796875 0.559259375
4 0.3278640625 0.5791671875 0.3247390625 0.59351875 0.3377609375 0.5953703124999999 0.3361984375 0.5782406250000001
4 0.3575515625 0.5546296875000001 0.3497390625 0.5597218749999999 0.3494796875 0.577778125 0.3674484375 0.577778125 0.36640625 0.5546296875000001