4 0.31145849609375 0.6158246527777778 0.32864599609375 0.5954539930555556 0.29427099609375 0.5973055555555555 0.2796875 0.6297135416666666 0.31145849609375 0.6158246527777778
4 0.39739599609375 0.5473055555555555 0.4046875 0.5436024305555556 0.40416650390625 0.5324913194444444 0.3953125 0.5361944444444444 0.3953125 0.5473055555555555 0.39739599609375 0.5473055555555555
4 0.4203125 0.5287873263888889 0.41875 0.5186024305555555 0.41197900390625 0.5223055555555556 0.4125 0.5343428819444445 0.4203125 0.5287873263888889
4 0.47864599609375 0.49174999999999996 0.47239599609375 0.48619444444444443 0.45520849609375 0.4982317708333333 0.46666650390625 0.5028611111111112 0.47864599609375 0.49174999999999996
4 0.54635400390625 0.5250833333333333 0.53854150390625 0.5111944444444444 0.52864599609375 0.5176762152777779 0.53541650390625 0.5287873263888889 0.54635400390625 0.5250833333333333
4 0.55208349609375 0.5445277777777778 0.55 0.5315651041666667 0.54270849609375 0.5334166666666667 0.54166650390625 0.5445277777777778 0.55208349609375 0.5445277777777778
4 0.56979150390625 0.5824913194444444 0.56197900390625 0.5537873263888888 0.55416650390625 0.5556388888888889 0.55208349609375 0.5806388888888888 0.56979150390625 0.5824913194444444
4 0.61302099609375 0.6528611111111111 0.621875 0.663046875 0.64375 0.6769357638888889 0.63125 0.6454539930555555 0.60625 0.6158246527777778 0.6015625 0.6195277777777778 0.59479150390625 0.638046875 0.61302099609375 0.6528611111111111
4 0.66822900390625 0.7741579861111112 0.6921875 0.8019357638888889 0.70729150390625 0.8250833333333333 0.72239599609375 0.8537873263888889 0.71197900390625 0.888046875 0.74375 0.9250833333333333 0.77239599609375 0.94175 0.77291650390625 0.9861944444444445 0.77552099609375 1 0.81666650390625 0.9991579861111111 0.82760400390625 0.9750833333333334 0.8 0.8945277777777778 0.75260400390625 0.8269357638888889 0.696875 0.7519357638888889 0.65885400390625 0.7241579861111112 0.6328125 0.7148984375 0.63489599609375 0.7584166666666667 0.66822900390625 0.7741579861111112
4 0.7921875 0.6760095486111112 0.79114599609375 0.6426762152777779 0.76770849609375 0.6454539930555555 0.76822900390625 0.6797135416666666 0.7921875 0.6760095486111112
4 0.696875 0.6037873263888889 0.69270849609375 0.588046875 0.68489599609375 0.5852690972222222 0.68333349609375 0.6037873263888889 0.696875 0.6037873263888889
4 0.98697900390625 0.6287873263888889 0.984375 0.6019357638888888 0.95729150390625 0.5954539930555556 0.96302099609375 0.6324913194444445 0.98697900390625 0.6287873263888889
4 0.92239599609375 0.5797135416666667 0.79947900390625 0.5473055555555555 0.78333349609375 0.5602690972222222 0.928125 0.6084166666666666 0.92239599609375 0.5797135416666667