4 0.4265625 0.5148140625 0.43932343749999997 0.5111109375 0.45364531250000006 0.50601875 0.4596359375 0.5046296875 0.46666718749999997 0.5027781250000001 0.4713546875 0.5018515625 0.47838593749999997 0.49861093749999996 0.4875 0.49398125000000004 0.47708281250000006 0.49444375 0.47213593749999994 0.49629687499999997 0.46588593749999996 0.4976859375 0.4578125 0.4995375 0.45078125 0.5013890625 0.446875 0.5023140625 0.43776093749999995 0.5046296875 0.42526093749999994 0.5083328125000001 0.41484375 0.5125 0.40078125 0.51805625 0.3872390625 0.5240734375 0.41119843749999996 0.522221875 0.41692656250000004 0.51944375
4 0.41223906250000003 0.5388890625 0.41328125 0.534259375 0.3940109375 0.5296296875000001 0.25234375 0.6074078125 0.1229171875 0.6884265625 0.060676562499999996 0.71851875 0.01953125 0.740740625 0.009375 0.7541671875 0 0.7578703124999999 0.0010421875000000001 0.7726859375 0 0.8106484375 0.2682296875 0.6268515625
4 0.0403640625 0.8194437499999999 0.011979687499999999 0.8111109375 0.0078125 0.8638890625 0.0260421875 0.8958328124999999 0.047395312499999995 0.8680562500000001 0.037239062499999996 0.8486109374999999
4 0.046354687500000005 0.8370374999999999 0.0557296875 0.8611109375 0.0809890625 0.8425921875 0.07109375 0.8083328125 0.056510937500000004 0.8074078124999999
4 0.1479171875 0.7856484375 0.1541671875 0.7689812500000001 0.2401046875 0.6902781250000001 0.41458281250000006 0.5490734374999999 0.40703125 0.5416671875 0.2752609375 0.6393515625 0.23359375 0.6773140625 0.17890625 0.7143515625 0.1546875 0.7398140625 0.08046875 0.7833328125000001 0.0783859375 0.8120375 0.0927078125 0.8226859375 0.1341140625 0.7800921875
4 0.6921875 0.8245374999999999 0.6973953125000001 0.8574078125 0.7171875 0.8777781250000001 0.7390625 0.8574078125 0.7268234375 0.816203125
4 0.5713546875 0.6046296875 0.5778640625 0.6449078125 0.5958328125000001 0.64444375 0.6192703125000001 0.6638890625 0.6377609375 0.6611109374999999 0.5994796874999999 0.6106484375 0.58203125 0.5851859375 0.5838546874999999 0.5726859375 0.5739578125 0.5726859375 0.5692703125 0.5523140625 0.5393234375 0.5236109375 0.5369796874999999 0.5384265625 0.5596359375 0.583796875 0.559375 0.5995375000000001
4 0.9466140624999999 0.7870375000000001 0.9606765625 0.797221875 0.9684890625 0.78101875 0.9598953124999999 0.7574078125 0.94609375 0.7685187499999999
4 0.9549484375 0.5981484375 0.9583328124999999 0.6203703125 0.9684890625 0.6240734375 0.98515625 0.628240625 0.9880203125 0.6134265625 0.9768234375 0.6023140625 0.9708328125 0.6018515625
4 0.8666671875 0.5731484375 0.8690109375 0.584259375 0.8783859375 0.591203125 0.8828125 0.5763890625 0.8778640624999999 0.5648140625 0.871875 0.5675921875000001
4 0.8171875 0.5615734375 0.8182296875 0.56944375 0.8268234375000001 0.5708328125000001 0.82734375 0.5625 0.8205734375 0.5541671874999999
4 0.8463546875000001 0.5782406250000001 0.8541671875000001 0.5800921875 0.8541671875000001 0.5703703124999999 0.84765625 0.5629625