4 0.63046875 0.6995378787878788 0.63046875 0.7018522727272727 0.6252604166666667 0.7087954545454546 0.6286458333333333 0.7106477272727272 0.6294270833333333 0.7134261363636364 0.634375 0.717592803030303 0.6359375 0.7236117424242424 0.63828125 0.7268522727272728 0.66953125 0.7981477272727273 0.6708333333333333 0.8092594696969697 0.6697916666666667 0.8143522727272727 0.6723958333333333 0.8268522727272727 0.6796875 0.8356477272727272 0.6880208333333333 0.840278409090909 0.7013020833333333 0.8388882575757576 0.7052083333333333 0.8407405303030303 0.7151041666666667 0.8328712121212121 0.7158854166666667 0.8296287878787878 0.7135416666666666 0.8240738636363636 0.71328125 0.817592803030303 0.7075520833333333 0.7935189393939394 0.7033854166666667 0.7851856060606061 0.70234375 0.777778409090909 0.6953125 0.7671287878787878 0.6916666666666667 0.7569450757575757 0.6903645833333333 0.7462954545454545 0.6817708333333333 0.7310189393939394 0.6690104166666667 0.7194450757575758 0.6669270833333333 0.7143522727272728 0.6625 0.7087954545454546 0.6578125 0.6967594696969697 0.6463541666666667 0.6888882575757576 0.6427083333333333 0.6916666666666667 0.640625 0.6907405303030303 0.6388020833333333 0.6810189393939393 0.63125 0.672221590909091 0.6247395833333333 0.6759261363636364 0.6216145833333333 0.682407196969697 0.6190104166666667 0.6847215909090909 0.6247395833333333 0.6879621212121213 0.6244791666666667 0.6930549242424242 0.6286458333333333 0.6958333333333333 0.63046875 0.6995378787878788
4 0.5838541666666667 0.6356477272727273 0.5973958333333333 0.6412045454545454 0.6036458333333333 0.6513882575757576 0.6109375 0.659721590909091 0.6205729166666667 0.6578712121212121 0.6205729166666667 0.6458333333333334 0.6177083333333333 0.6421287878787878 0.61171875 0.6287045454545455 0.6020833333333333 0.6189810606060606 0.603125 0.614814393939394 0.59921875 0.6032405303030304 0.5955729166666667 0.5995378787878788 0.5872395833333334 0.5990738636363636 0.5822916666666667 0.6018522727272728 0.5794270833333334 0.607407196969697 0.58046875 0.6111117424242424 0.57890625 0.6152784090909091 0.5815104166666667 0.630092803030303 0.5838541666666667 0.6356477272727273
4 0.5408854166666667 0.5532405303030303 0.5447916666666667 0.5569450757575758 0.54921875 0.5560189393939393 0.5515625 0.5592594696969697 0.5604166666666667 0.5638882575757576 0.5692708333333333 0.5611117424242424 0.5692708333333333 0.5550928030303031 0.5625 0.5430549242424243 0.5546875 0.5351856060606061 0.55234375 0.5291666666666667 0.53671875 0.5092594696969697 0.5333333333333333 0.5074071969696969 0.5296875 0.5078712121212121 0.528125 0.5134261363636363 0.5278645833333333 0.517592803030303 0.5315104166666667 0.5296287878787879 0.5385416666666667 0.5421287878787879 0.5408854166666667 0.5532405303030303
4 0.6838541666666667 0.5560189393939393 0.6890625 0.5606477272727273 0.69765625 0.5634261363636364 0.7361979166666667 0.5865738636363637 0.7799479166666666 0.6087954545454546 0.78359375 0.6124999999999999 0.79453125 0.6166666666666667 0.7989583333333333 0.6208333333333333 0.8322916666666667 0.6365738636363636 0.86171875 0.6546287878787879 0.9041666666666667 0.677314393939394 0.9119791666666667 0.6782405303030303 0.9197916666666667 0.6837954545454545 0.9229166666666667 0.682407196969697 0.9265625 0.6875 0.9260416666666667 0.6893522727272727 0.9268229166666667 0.6898143939393939 0.9346354166666667 0.692592803030303 0.9385416666666667 0.6912045454545455 0.9466145833333334 0.6935189393939394 0.9481770833333333 0.6972215909090909 0.95234375 0.6990738636363636 0.953125 0.6967594696969697 0.9513020833333333 0.6949071969696969 0.9510416666666667 0.6912045454545455 0.9546875 0.6875 0.9588541666666667 0.6902784090909091 0.9625 0.6879621212121213 0.9658854166666667 0.6902784090909091 0.9674479166666666 0.6893522727272727 0.9669270833333333 0.6731477272727273 0.9630208333333333 0.6754621212121212 0.959375 0.672685606060606 0.9546875 0.6736117424242424 0.9486979166666667 0.6671287878787879 0.93828125 0.6606477272727272 0.9361979166666666 0.6560189393939394 0.9223958333333333 0.6555549242424242 0.9197916666666667 0.6532405303030303 0.9065104166666667 0.6504621212121212 0.90078125 0.6462954545454546 0.8924479166666667 0.6439810606060606 0.88828125 0.6462954545454546 0.8838541666666667 0.6435189393939394 0.8838541666666667 0.639814393939394 0.8856770833333333 0.6384261363636363 0.8825520833333333 0.6319450757575757 0.7291666666666666 0.5652784090909091 0.7268229166666667 0.5601856060606061 0.72109375 0.5560189393939393 0.7127604166666667 0.5569450757575758 0.7013020833333333 0.5495378787878789 0.6911458333333333 0.547685606060606 0.6872395833333333 0.5458333333333333 0.6854166666666667 0.5430549242424243 0.6625 0.5319450757575758 0.6346354166666667 0.5208333333333334 0.6263020833333334 0.5208333333333334 0.6299479166666667 0.527778409090909 0.6354166666666666 0.5305549242424242 0.6424479166666667 0.5370378787878788 0.6838541666666667 0.5560189393939393
4 0.6890625 0.5967594696969697 0.6966145833333334 0.6041666666666666 0.7015625 0.6027784090909091 0.7013020833333333 0.594907196969697 0.6856770833333333 0.5842594696969696 0.6697916666666667 0.5763882575757576 0.6622395833333333 0.5708333333333333 0.6541666666666667 0.5712954545454546 0.65390625 0.5763882575757576 0.659375 0.5763882575757576 0.6768229166666667 0.592592803030303 0.6890625 0.5967594696969697
4 0.7557291666666667 0.655092803030303 0.75703125 0.652778409090909 0.7583333333333333 0.6462954545454546 0.75625 0.640278409090909 0.7479166666666667 0.6337954545454546 0.7440104166666667 0.6347215909090909 0.7424479166666667 0.6379621212121211 0.7416666666666667 0.6490738636363637 0.7440104166666667 0.6537045454545455 0.7528645833333333 0.6555549242424242 0.7557291666666667 0.655092803030303
4 0.6833333333333333 0.5291666666666667 0.6864583333333333 0.5333333333333333 0.6981770833333333 0.5361117424242424 0.7200520833333334 0.5462954545454546 0.7278645833333334 0.547685606060606 0.7361979166666667 0.5527784090909091 0.7791666666666667 0.5685189393939394 0.7872395833333333 0.5699071969696969 0.7940104166666667 0.5740738636363636 0.8234375 0.5851856060606061 0.8358072916666667 0.5879621212121212 0.8572916666666667 0.6055549242424243 0.8575520833333333 0.6027784090909091 0.86171875 0.5990738636363636 0.9067708333333333 0.6157405303030303 0.9174479166666667 0.6180549242424243 0.9236979166666667 0.6226856060606061 0.9627604166666667 0.6356477272727273 0.9856770833333334 0.6462954545454546 0.9997395833333333 0.6486117424242424 0.9997395833333333 0.6291666666666667 0.9940104166666667 0.6268522727272727 0.9916666666666667 0.629628787878788 0.9888020833333333 0.630092803030303 0.9825520833333333 0.625 0.9731770833333333 0.625 0.9677947916666666 0.6231477272727273 0.9614583333333333 0.6180549242424243 0.9588541666666667 0.6124999999999999 0.8609375 0.5856477272727272 0.853125 0.5787045454545454 0.8421875 0.5740738636363636 0.8353302083333334 0.5759261363636363 0.8302083333333333 0.5694450757575757 0.8247395833333333 0.5685189393939394 0.8171875 0.5634261363636364 0.8075520833333333 0.5615738636363636 0.7950520833333333 0.5555549242424243 0.7778645833333333 0.5555549242424243 0.7684895833333333 0.5462954545454546 0.72109375 0.5351856060606061 0.71640625 0.5361117424242424 0.7083333333333334 0.5305549242424242 0.7005208333333334 0.5310189393939394 0.6815104166666667 0.5217594696969696 0.6770833333333334 0.5212954545454546 0.67109375 0.5245378787878788 0.6705729166666666 0.5254621212121212 0.6736979166666667 0.5296287878787879 0.6825520833333333 0.5305549242424242 0.6833333333333333 0.5291666666666667
4 0.8796875 0.592592803030303 0.8854166666666666 0.5962954545454545 0.8971354166666666 0.5953712121212121 0.896875 0.5879621212121212 0.89296875 0.5791666666666667 0.88515625 0.5740738636363636 0.8770833333333333 0.5652784090909091 0.8705729166666667 0.5689810606060607 0.86328125 0.5699071969696969 0.8549479166666667 0.5754621212121211 0.8552083333333333 0.5796287878787878 0.8575520833333333 0.5828712121212121 0.8731770833333333 0.5921287878787879 0.8796875 0.592592803030303
4 0.9552083333333333 0.6111117424242424 0.95546875 0.607407196969697 0.9536458333333333 0.5990738636363636 0.9471354166666667 0.5851856060606061 0.94296875 0.5847215909090909 0.9401041666666666 0.5916666666666667 0.93828125 0.6041666666666666 0.9388020833333334 0.6106477272727273 0.9427083333333334 0.6138882575757575 0.9513020833333333 0.6143522727272727 0.9552083333333333 0.6111117424242424
4 0.84453125 0.5759261363636363 0.83828125 0.5601856060606061 0.8333333333333334 0.5592594696969697 0.8317708333333333 0.5606477272727273 0.8315104166666667 0.5717594696969697 0.83359375 0.5768522727272727 0.8390625 0.577778409090909 0.84453125 0.5759261363636363
4 0.7893229166666667 0.5564810606060606 0.7869791666666667 0.5486117424242424 0.7830729166666667 0.5453712121212122 0.7734375 0.5444450757575757 0.771875 0.5467594696969698 0.7721354166666666 0.552314393939394 0.775 0.5564810606060606 0.7791666666666667 0.557871212121212 0.7893229166666667 0.5564810606060606
4 0.7442708333333333 0.5407405303030304 0.7440104166666667 0.5328712121212121 0.7408854166666666 0.5273143939393939 0.7375 0.5282405303030303 0.7356770833333334 0.532407196969697 0.7354166666666667 0.5407405303030304 0.7361979166666667 0.542592803030303 0.7408854166666666 0.5435189393939394 0.7442708333333333 0.5407405303030304
4 0.97109375 0.5962954545454545 0.99375 0.6055549242424243 0.9997395833333333 0.6041666666666666 0.9997395833333333 0.6023143939393939 0.9869791666666666 0.5981477272727272 0.9776041666666667 0.5916666666666667 0.9705729166666667 0.5893522727272728 0.9653645833333333 0.5907405303030303 0.96015625 0.5875 0.95390625 0.5870378787878788 0.953125 0.5879621212121212 0.9549479166666667 0.5921287878787879 0.9666666666666667 0.5986117424242424 0.97109375 0.5962954545454545
4 0.8377604166666667 0.5527784090909091 0.8390625 0.5490738636363637 0.8380208333333333 0.5430549242424243 0.8338541666666667 0.5402784090909091 0.8328125 0.5416666666666666 0.8309895833333333 0.544907196969697 0.83203125 0.5518522727272727 0.83359375 0.5537045454545454 0.8377604166666667 0.5527784090909091
4 0.9088541666666666 0.5736117424242425 0.9119791666666667 0.572685606060606 0.9151041666666667 0.5680549242424242 0.9171875 0.5601856060606061 0.9083333333333333 0.5537045454545454 0.9002604166666667 0.5527784090909091 0.8994791666666667 0.5560189393939393 0.8921875 0.5606477272727273 0.8903645833333333 0.5643522727272727 0.8932291666666666 0.567592803030303 0.9020833333333333 0.5722215909090909 0.9088541666666666 0.5736117424242425
4 0 0.910501893939394 0.006159375 0.9021780303030303 0.22185208333333334 0.7122708333333333 0.236471875 0.7070738636363636 0.261640625 0.6706534090909091 0.28885833333333333 0.6524431818181818 0.3216364583333334 0.6243484848484848 0.35675625 0.5946912878787879 0.40943541666666666 0.5483863636363636 0.4404583333333333 0.5228920454545455 0.4387020833333333 0.5156079545454545 0.4322635416666667 0.51925 0.41967916666666666 0.5312159090909091 0.35939062499999996 0.5712784090909091 0.3310020833333333 0.5900094696969697 0.2964677083333333 0.6175833333333334 0.24554479166666668 0.6560852272727273 0.23003333333333334 0.6394356060606061 0.25900729166666664 0.6331931818181818 0.2806635416666667 0.6160227272727272 0.29383333333333334 0.6024962121212121 0.305540625 0.6097803030303031 0.30788125 0.5988541666666667 0.318125 0.588967803030303 0.34592812500000003 0.5712784090909091 0.371975 0.5561893939393939 0.38602291666666666 0.5457840909090909 0.42143437499999997 0.524971590909091 0.43197083333333336 0.5150871212121212 0.4255322916666667 0.5124848484848484 0.399778125 0.524971590909091 0.37724270833333334 0.5385 0.3511958333333334 0.5525473484848485 0.3251489583333333 0.5655549242424243 0.30905208333333334 0.580123106060606 0.29324791666666666 0.5770018939393939 0.28329791666666665 0.5775208333333333 0.2797854166666667 0.5910492424242424 0.271884375 0.5998939393939394 0.2636895833333333 0.5910492424242424 0.2563729166666667 0.5967727272727272 0.25783645833333335 0.6071780303030303 0.25139791666666667 0.6165435606060606 0.23559375 0.6212253787878788 0.14662916666666667 0.6623295454545454 0.14721458333333332 0.6274696969696969 0.13228854166666668 0.6222670454545455 0.13199583333333334 0.6534848484848486 0.129946875 0.6633693181818182 0.12467916666666666 0.6415170454545455 0.119996875 0.6373541666666667 0.119709375 0.6628484848484848 0.107125 0.6716950757575757 0.106246875 0.6909450757575758 0.09805208333333333 0.6774166666666667 0.09805208333333333 0.6737746212121212 0.08897916666666666 0.6701325757575757 0.08693124999999999 0.6722140151515151 0.08546770833333334 0.689905303030303 0.08722291666666666 0.6992689393939394 0.08488229166666666 0.7049924242424243 0.07815104166666667 0.6956268939393939 0.07727291666666666 0.6737746212121212 0.07463854166666667 0.6612878787878789 0.065859375 0.6649299242424243 0.06615208333333333 0.6805397727272727 0.06615208333333333 0.6940662878787879 0.06351770833333333 0.7117556818181818 0.062346875 0.7211212121212122 0.05795729166666667 0.7304867424242424 0.05444479166666667 0.7336079545454546 0.052396875 0.7190397727272728 0.05210416666666667 0.7023920454545455 0.05268958333333333 0.6878238636363636 0.05034791666666667 0.6722140151515151 0.04917708333333334 0.6597272727272727 0.04654375 0.6508825757575758 0.043616666666666665 0.667532196969697 0.043323958333333336 0.6841818181818181 0.039227083333333336 0.709155303030303 0.038934375 0.718 0.03512916666666666 0.7216420454545455 0.030158333333333336 0.7018712121212122 0.02342708333333333 0.7065530303030303 0.016403125 0.7065530303030303 0.0120125 0.7190397727272728 0.012890625 0.7393314393939394 0.012890625 0.7450549242424243 0.0120125 0.7533806818181819 0 0.73725 0 0.8048882575757575 0.024889583333333333 0.7913617424242424 0.06908229166666667 0.7580625 0.11327395833333333 0.7258049242424243 0.13639479166666665 0.7138371212121212 0.171221875 0.6867821969696969 0.19639062499999999 0.667532196969697 0.20575625 0.6612878787878789 0.204878125 0.6774166666666667 0.198146875 0.6836609848484849 0.19287916666666666 0.6930265151515151 0.174440625 0.7143579545454545 0.15658854166666666 0.728405303030303 0.14634479166666667 0.740373106060606 0.13346770833333332 0.746096590909091 0.12527395833333335 0.7419337121212121 0.11971250000000001 0.7617045454545455 0.10888437499999999 0.7695094696969697 0.09717812499999999 0.7835568181818182 0.0927875 0.7700284090909091 0.08547083333333334 0.7674280303030303 0.08313020833333334 0.7835568181818182 0.07815520833333332 0.7814753787878789 0.07288645833333333 0.7788731060606061 0.06878958333333333 0.780435606060606 0.068496875 0.7918806818181818 0.06703333333333333 0.7970833333333334 0.0608875 0.787719696969697 0.055912500000000004 0.789280303030303 0.04859583333333333 0.8002064393939394 0.04683958333333334 0.8111325757575758 0.039522916666666665 0.8033276515151515 0.035133333333333336 0.8054090909090909 0.03601145833333333 0.8189356060606061 0.03688958333333334 0.8283011363636364 0.029280208333333335 0.8298617424242424 0.02840208333333333 0.8132140151515151 0.022256249999999998 0.8184166666666667 0.0055739583333333335 0.8257007575757577 0 0.8345454545454545 0 0.910501893939394