4 0.3091140625 0.5921296875000001 0.3 0.59305625 0.2942703125 0.5981484375 0.2916671875 0.608796875 0.2864578125 0.6148140625 0.2830734375 0.6175921875 0.2807296875 0.6208328125 0.2817703125 0.6273140625 0.30625 0.61805625 0.3122390625 0.6064812500000001
4 0.9984375 0.615278125 0.9903640625 0.6143515625 0.9817703124999999 0.6143515625 0.9802078125 0.603240625 0.9744796875 0.5976859375 0.9697921875000001 0.59444375 0.9625 0.5925921875 0.9572921875 0.5981484375 0.9596359375000001 0.6078703125 0.9588546875 0.616203125 0.9578125 0.6101859375 0.9588546875 0.6222218749999999 0.9658859375000001 0.6300921875000001 0.9768234375 0.6263890625 0.98359375 0.6305562499999999 0.99140625 0.6365734375 0.9981765625 0.6361109375 0.9984375 0.63148125
4 0.92265625 0.6083328125 0.9247390624999999 0.6013890625 0.9221359375 0.5925921875 0.9200515625 0.590278125 0.9192703124999999 0.58194375 0.91796875 0.5782406250000001 0.915625 0.577778125 0.91484375 0.5814812500000001 0.9096359375 0.58194375 0.9044265625 0.5824078125 0.9005203125 0.584721875 0.8953125 0.5870375 0.8924484375 0.5893515625 0.8947921875 0.596296875 0.8989578125 0.5995375000000001 0.9145828125 0.6050921875
4 0.8833328125 0.5884265625 0.8841140624999999 0.5800921875 0.8791671875 0.571759375 0.87421875 0.571759375 0.8723953124999999 0.5791671875 0.8721359375000001 0.5828703125 0.8723953124999999 0.5875 0.878125 0.591203125
4 0.8421875 0.56944375 0.8393234375 0.5634265625 0.8346359375000001 0.5625 0.83203125 0.566203125 0.8317703125 0.5731484375 0.8375 0.5763890625 0.8416671875 0.575
4 0.7921875 0.5620375 0.7966140625 0.5611109375 0.7986984374999999 0.5629625 0.8028640625 0.5620375 0.80234375 0.553703125 0.7984375 0.5490734374999999 0.7895828125000001 0.547221875 0.7822921875 0.5523140625 0.78046875 0.5541671874999999 0.78203125 0.5597218749999999 0.7875 0.5620375
4 0.8119796875 0.5680562499999999 0.81484375 0.5666671875 0.8140625 0.5597218749999999 0.8153640624999999 0.5550921875 0.8151046875000001 0.55 0.8098953124999999 0.5486109375 0.8088546875 0.5523140625 0.8065109375 0.5550921875 0.8049484375 0.5634265625 0.80625 0.5675921875000001
4 0.78984375 0.677778125 0.7932296875 0.66805625 0.78828125 0.658796875 0.78984375 0.6481484375 0.7817703125000001 0.6351859375 0.7744796875 0.634721875 0.7666671875 0.6421296875 0.7651046874999999 0.65555625 0.7643234375 0.6675921875 0.7690109374999999 0.6763890625 0.78125 0.6800921875
4 0.7979171875 0.9984375 0.8083328125 0.9879625000000001 0.81015625 0.9671296875 0.8135421875000001 0.9384265624999999 0.8130203125 0.9148140625 0.8028640625 0.9013890625000001 0.7872390625000001 0.8935187499999999 0.784375 0.8699078124999999 0.7747390625 0.8453703125 0.7638015625000001 0.8254625000000001 0.7432296875 0.8157406249999999 0.7361984374999999 0.8416671875 0.73125 0.8638890625 0.7174484375 0.8777781250000001 0.7234375 0.8884265625 0.73359375 0.9092593750000001 0.7408859375 0.9240734375 0.753125 0.93148125 0.7684890625 0.9444437499999999 0.7736984375 0.9513890625 0.7692703125 0.9643515624999999 0.7736984375 0.9791671875000001 0.78046875 0.9984375
4 0.6794265625 0.7884265625 0.6958328125000001 0.8050921875 0.7033859375 0.8148140625 0.7114578125000001 0.8268515624999999 0.7234375 0.8175921875000001 0.7177078125 0.791203125 0.7143234374999999 0.7615734375 0.7028640625 0.7453703125 0.6895828125000001 0.758796875 0.6828125 0.74351875 0.6729171875 0.7254625 0.6513015625 0.71805625 0.6385421874999999 0.7143515625 0.6317703125 0.7310187499999999 0.63046875 0.74305625 0.6377609375 0.7657406250000001 0.6424484374999999 0.76944375 0.6497390625 0.7685187499999999 0.66796875 0.7796296875000001
4 0.61953125 0.65 0.6161453125 0.6606484375 0.6268234374999999 0.6740734374999999 0.6359375 0.6731484375 0.6354171875 0.6550921875 0.6263015625 0.6361109375 0.6106765625 0.6138890625 0.6018234375 0.6203703125 0.5979171875 0.633796875 0.5966140625 0.6388890625 0.5989578125 0.6435187499999999 0.6083328125 0.6490734375
4 0.5671875 0.5791671875 0.5666671875 0.5708328125000001 0.5630203125000001 0.5606484375 0.5546875 0.5504625 0.5515625 0.5541671874999999 0.5510421875 0.5638890625 0.5484375 0.5699078125 0.5536453125 0.5782406250000001 0.5598953125 0.5810187499999999
4 0.5442703125 0.5199078125 0.5408859374999999 0.5111109375 0.53515625 0.5111109375 0.5309890625 0.5134265625000001 0.5294265625000001 0.5185187499999999 0.53359375 0.5236109375 0.5380203125 0.525 0.5408859374999999 0.528703125 0.5442703125 0.5268515625