4 0.7453125 0.9236109375 0.7393234375 0.9388890625 0.7361984374999999 0.9625 0.75390625 0.9984375 0.8325515625 0.996296875 0.815625 0.9254625000000001 0.7861984375 0.8995374999999999 0.7630203125 0.9106484375000001
4 0.7239578125 0.8236109375 0.7026046874999999 0.8379625 0.6979171875 0.8453703125 0.6966140625 0.8736109375 0.7033859375 0.8995374999999999 0.7166671874999999 0.9115734375000001 0.7356765625 0.9171296874999999 0.75703125 0.8930562500000001 0.7588546875 0.8638890625 0.7388015625000001 0.8291671875000001
4 0.6703125 0.734721875 0.6526046875 0.715278125 0.6421875 0.691203125 0.62890625 0.68148125 0.6158859375 0.6578703124999999 0.60625 0.653240625 0.5958328125000001 0.659721875 0.5958328125000001 0.6824078124999999 0.60390625 0.691203125 0.6104171875 0.70555625 0.6276046875 0.74351875 0.63984375 0.75648125 0.6635421874999999 0.778240625 0.6643234375 0.7833328125000001 0.6739578125000001 0.8106484375 0.67578125 0.821296875 0.68203125 0.8268515624999999 0.68984375 0.8421296875 0.7216140625 0.8194437499999999 0.6997390625000001 0.7824078125 0.6802078125000001 0.734721875
4 0.5815109374999999 0.5856484375 0.575 0.572221875 0.5692703125 0.558796875 0.5638015625 0.553703125 0.5591140625000001 0.552778125 0.5528640625000001 0.5597218749999999 0.5528640625000001 0.56851875 0.5541671874999999 0.58194375 0.56875 0.59305625 0.5783859375 0.6060187499999999 0.5838546874999999 0.6134265625 0.5890625 0.6208328125 0.5903640625000001 0.6254625 0.6015625 0.640278125 0.6125 0.6375 0.60234375 0.6143515625 0.5890625 0.5953703124999999
4 0.5518234375 0.5388890625 0.5489578125000001 0.5435187499999999 0.5484375 0.5481484375 0.5541671874999999 0.5550921875 0.5604171874999999 0.5504625 0.56171875 0.5467593749999999 0.5596359375 0.5416671875
4 0.534375 0.5203703125 0.5330734374999999 0.5231484375 0.5325515625 0.5291671874999999 0.5325515625 0.53194375 0.5325515625 0.5333328125000001 0.5380203125 0.5379625 0.5432296875 0.5333328125000001 0.5432296875 0.5268515625 0.540625 0.5226859375
4 0.5356765625000001 0.5148140625 0.5309890625 0.5143515625 0.53046875 0.5143515625 0.53125 0.5208328125 0.5354171875 0.5208328125 0.53671875 0.5203703125 0.5369796874999999 0.5157406250000001
4 0.5278640625000001 0.5023140625 0.52578125 0.5041671875 0.52578125 0.5055562499999999 0.52578125 0.50694375 0.52890625 0.5129625 0.534375 0.5125 0.5330734374999999 0.50648125 0.5309890625 0.503703125
4 0.6416671875 0.5513890625 0.6359375 0.5458328125 0.6338546875 0.55 0.6315109375 0.553240625 0.6302078125 0.5546296875000001 0.6286453125 0.5574078124999999 0.628125 0.5615734375 0.6328125 0.566203125 0.6393234375 0.56944375 0.64296875 0.5703703124999999 0.6434890625 0.5578703125
4 0.8755203125 0.615740625 0.8666671875 0.6171296875000001 0.8635421875 0.6236109375 0.8692703125 0.6370375 0.8822921875 0.6458328125 0.8838546875000001 0.6407406250000001 0.8822921875 0.6240734375
4 0.8390625 0.6083328125 0.8346359375000001 0.6092593749999999 0.8328125 0.6115734374999999 0.8328125 0.61898125 0.8348953124999999 0.621296875 0.8411453124999999 0.625 0.84609375 0.6259265625 0.8505203124999999 0.6226859375 0.8479171875 0.6106484375
4 0.9393234375 0.59305625 0.9354171875 0.590278125 0.9260421875 0.590278125 0.9200515625 0.59351875 0.9171875 0.596759375 0.9143234375 0.6013890625 0.9143234375 0.603240625 0.91484375 0.6134265625 0.9338546875 0.6199078124999999 0.94375 0.6231484375 0.9505203124999999 0.6199078124999999 0.94921875 0.6064812500000001
4 0.8911453125 0.5768515625 0.8791671875 0.572221875 0.8734375 0.5731484375 0.8690109375 0.58194375 0.87421875 0.596759375 0.8786453125 0.59351875 0.88359375 0.59444375 0.8921875 0.5990734375 0.8953125 0.5921296875000001
4 0.8341140625 0.55648125 0.8278640625 0.5611109375 0.82578125 0.5634265625 0.82578125 0.5708328125000001 0.8263015625 0.5745375 0.83203125 0.58194375 0.8432296875 0.5800921875 0.8479171875 0.5810187499999999 0.8453125 0.5666671875
4 0.7997390625 0.5509265625 0.79140625 0.5490734374999999 0.7833328125000001 0.5439812500000001 0.7760421875 0.5421296875 0.7716140625000001 0.5421296875 0.7661453125000001 0.5421296875 0.7653640625 0.547221875 0.7658859375 0.5550921875 0.7674484374999999 0.5550921875 0.77265625 0.5583328125 0.7872390625000001 0.5634265625 0.7981765625 0.565740625 0.8028640625 0.5666671875
4 0.7583328125000001 0.541203125 0.7567703125 0.5361109374999999 0.75625 0.534259375 0.7505203125000001 0.5324078125 0.7484375 0.533796875 0.7479171874999999 0.534721875 0.7471359375 0.547221875 0.7546875 0.5523140625 0.7572921874999999 0.5513890625 0.7588546875 0.5490734374999999
4 0.7255203125 0.528703125 0.7171875 0.5263890625000001 0.71640625 0.533796875 0.7203125 0.5388890625 0.7263015625 0.5421296875 0.7270828125000001 0.5375 0.7270828125000001 0.5324078125
4 0.7385421875 0.53194375 0.7377609374999999 0.53194375 0.7364578125000001 0.53194375 0.7375 0.5416671875 0.7401046874999999 0.54305625 0.74296875 0.541203125 0.74296875 0.533796875
4 0.7098953125 0.5263890625000001 0.7083328125 0.5199078125 0.7005203125 0.51944375 0.6971359374999999 0.51944375 0.6942703125 0.5226859375 0.690625 0.5245375 0.690625 0.5254624999999999 0.696875 0.5291671874999999 0.70390625 0.5324078125 0.7065109374999999 0.534259375 0.7083328125 0.5324078125