4 0.7203125 0.6297135416666666 0.70572900390625 0.5973055555555555 0.67135400390625 0.5954539930555556 0.68854150390625 0.6158246527777778 0.7203125 0.6297135416666666
4 0.6046875 0.5473055555555555 0.6046875 0.5361944444444444 0.59583349609375 0.5324913194444444 0.5953125 0.5436024305555556 0.60260400390625 0.5473055555555555 0.6046875 0.5473055555555555
4 0.5875 0.5343428819444445 0.58802099609375 0.5223055555555556 0.58125 0.5186024305555555 0.5796875 0.5287873263888889 0.5875 0.5343428819444445
4 0.53333349609375 0.5028611111111112 0.54479150390625 0.4982317708333333 0.52760400390625 0.48619444444444443 0.52135400390625 0.49174999999999996 0.53333349609375 0.5028611111111112
4 0.46458349609375 0.5287873263888889 0.47135400390625 0.5176762152777779 0.46145849609375 0.5111944444444444 0.45364599609375 0.5250833333333333 0.46458349609375 0.5287873263888889
4 0.45833349609375 0.5445277777777778 0.45729150390625 0.5334166666666667 0.45 0.5315651041666667 0.44791650390625 0.5445277777777778 0.45833349609375 0.5445277777777778
4 0.44791650390625 0.5806388888888888 0.44583349609375 0.5556388888888889 0.43802099609375 0.5537873263888888 0.43020849609375 0.5824913194444444 0.44791650390625 0.5806388888888888
4 0.40520849609375 0.638046875 0.3984375 0.6195277777777778 0.39375 0.6158246527777778 0.36875 0.6454539930555555 0.35625 0.6769357638888889 0.378125 0.663046875 0.38697900390625 0.6528611111111111 0.40520849609375 0.638046875
4 0.36510400390625 0.7584166666666667 0.3671875 0.7148984375 0.34114599609375 0.7241579861111112 0.303125 0.7519357638888889 0.24739599609375 0.8269357638888889 0.2 0.8945277777777778 0.17239599609375 0.9750833333333334 0.18333349609375 0.9991579861111111 0.22447900390625 1 0.22708349609375 0.9861944444444445 0.22760400390625 0.94175 0.25625 0.9250833333333333 0.28802099609375 0.888046875 0.27760400390625 0.8537873263888889 0.29270849609375 0.8250833333333333 0.3078125 0.8019357638888889 0.33177099609375 0.7741579861111112 0.36510400390625 0.7584166666666667
4 0.23177099609375 0.6797135416666666 0.23229150390625 0.6454539930555555 0.20885400390625 0.6426762152777779 0.2078125 0.6760095486111112 0.23177099609375 0.6797135416666666
4 0.31666650390625 0.6037873263888889 0.31510400390625 0.5852690972222222 0.30729150390625 0.588046875 0.303125 0.6037873263888889 0.31666650390625 0.6037873263888889
4 0.03697900390625 0.6324913194444445 0.04270849609375 0.5954539930555556 0.015625 0.6019357638888888 0.01302099609375 0.6287873263888889 0.03697900390625 0.6324913194444445
4 0.071875 0.6084166666666666 0.21666650390625 0.5602690972222222 0.20052099609375 0.5473055555555555 0.07760400390625 0.5797135416666667 0.071875 0.6084166666666666