4 0.6643234375 0.7018515625 0.6625 0.6995375 0.6515625 0.6828703125 0.6466140625000001 0.6851859375 0.6421875 0.6953703124999999 0.6364578125 0.7083328125 0.6359375 0.71944375 0.6359375 0.725 0.6463546874999999 0.73055625 0.6552078125 0.73055625 0.665625 0.73055625 0.6661453125000001 0.7125
4 0.44635468749999996 0.5106484375 0.4453125 0.503703125 0.44375 0.5 0.44088593749999994 0.5023140625 0.43567656250000003 0.50601875 0.4328125 0.50601875 0.42890625 0.50601875 0.4265625 0.509721875 0.42369843749999997 0.5148140625 0.42109375 0.5185187499999999 0.4231765625 0.5240734375 0.42578125 0.5231484375 0.446875 0.5138890625 0.44739531250000003 0.5111109375
4 0.66953125 0.5615734375 0.66328125 0.5611109375 0.6559890625 0.5703703124999999 0.6565109375 0.5782406250000001 0.6578125 0.5856484375 0.6669265625 0.5833328125 0.6760421875 0.5810187499999999 0.67265625 0.5731484375
4 0.62578125 0.5379625 0.6190109374999999 0.5361109374999999 0.6158859375 0.540278125 0.6182296875 0.5495375 0.6192703125000001 0.5546296875000001 0.6244796874999999 0.55601875 0.62890625 0.5550921875 0.6270828125000001 0.54444375
4 0.9984375 0.691203125 0.9947921875000001 0.6870375 0.9856765624999999 0.6800921875 0.9799484375 0.66944375 0.9575515625 0.653240625 0.9497390625 0.6490734375 0.9388015624999999 0.6509265625 0.9364578124999999 0.6458328125 0.9283859375000001 0.6449078125 0.9200515625 0.64305625 0.9151046875000001 0.6370375 0.909375 0.6245375 0.90625 0.6259265625 0.9018234375 0.6296296875 0.8921875 0.6296296875 0.8809890625 0.6203703125 0.8653640625 0.6064812500000001 0.8583328124999999 0.603703125 0.8526046875000001 0.603703125 0.83984375 0.60555625 0.8346359375000001 0.6050921875 0.82265625 0.6 0.8052078125 0.5953703124999999 0.79453125 0.590278125 0.7822921875 0.5865734375 0.7661453125000001 0.5800921875 0.7567703125 0.572221875 0.7505203125000001 0.56898125 0.7505203125000001 0.5699078125 0.7520828125000001 0.58194375 0.75703125 0.584721875 0.7684890625 0.5925921875 0.7723953125 0.5990734375 0.7895828125000001 0.60555625 0.7973953125000001 0.60694375 0.8166671875 0.6203703125 0.8260421875 0.6231484375 0.8330734375000001 0.6259265625 0.8346359375000001 0.6328703124999999 0.8479171875 0.6370375 0.85859375 0.6407406250000001 0.8760421875000001 0.6504624999999999 0.8807296875 0.6550921875 0.8888015625 0.6620375000000001 0.896875 0.66805625 0.9026046875 0.66944375 0.9125 0.66944375 0.9184890625 0.6768515625 0.9325515624999999 0.68101875 0.9411453125 0.684259375 0.9596359375000001 0.6981484375 0.9776046875000001 0.7083328125 0.9872390624999999 0.7148140625 0.9984375 0.7273140625
4 0.9984375 0.5925921875 0.9973953124999999 0.5925921875 0.9916671875 0.5925921875 0.98125 0.5898140625 0.96796875 0.5833328125 0.9614578125 0.578703125 0.9578125 0.58194375 0.9575515625 0.5870375 0.95859375 0.5981484375 0.9640625 0.6041671875 0.9682296875 0.6023140625 0.975 0.6064812500000001 0.9942703125 0.6120375 0.9984375 0.6120375
4 0.9432296875 0.5740734375 0.9411453125 0.5745375 0.9388015624999999 0.578703125 0.9375 0.5888890625000001 0.9395828125 0.59351875 0.9421875 0.597221875 0.9489578125 0.597221875 0.946875 0.5824078125
4 0.9265625 0.5671296875 0.921875 0.5648140625 0.9169265624999999 0.56944375 0.91484375 0.5782406250000001 0.91484375 0.5824078125 0.9213546875 0.5875 0.92421875 0.5888890625000001 0.9296875 0.583796875 0.9291671875 0.5782406250000001
4 0.909375 0.5782406250000001 0.9088546875000001 0.5708328125000001 0.9072921875000001 0.565740625 0.9015625 0.5620375 0.89453125 0.5583328125 0.8875 0.55601875 0.88046875 0.55601875 0.87421875 0.5615734375 0.8625 0.5541671874999999 0.8541671875000001 0.55 0.84765625 0.546296875 0.8440109375 0.5523140625 0.83203125 0.5504625 0.825 0.5398140625 0.82265625 0.541203125 0.8125 0.54444375 0.8091140625 0.54444375 0.7971359375 0.541203125 0.7864578125 0.5356484375 0.7791671874999999 0.5324078125 0.7768234374999999 0.5375 0.7708328125 0.547221875 0.7760421875 0.5509265625 0.7822921875 0.5486109375 0.7919265625 0.5541671874999999 0.7989578125000001 0.55601875 0.8041671875 0.5578703125 0.8177078124999999 0.5620375 0.82578125 0.5648140625 0.83046875 0.5666671875 0.84140625 0.5708328125000001 0.8466140624999999 0.56898125 0.8549484375 0.5740734375 0.8606765624999999 0.5763890625 0.8739578124999999 0.578703125 0.88359375 0.58194375 0.8955734375000001 0.584259375 0.909375 0.5879624999999999 0.909375 0.5833328125
4 0.7549484375 0.53148125 0.75234375 0.53055625 0.7471359375 0.5291671874999999 0.74453125 0.5291671874999999 0.73984375 0.527778125 0.73671875 0.5268515625 0.7356765625 0.5199078125 0.721875 0.516203125 0.7200515625 0.5185187499999999 0.71796875 0.5203703125 0.71484375 0.5226859375 0.7122390625 0.5254624999999999 0.7109375 0.53101875 0.7119796875 0.5328703124999999 0.7145828125 0.533796875 0.7208328125000001 0.5351859375 0.7260421874999999 0.5365734375 0.734375 0.5384265625 0.73984375 0.5384265625 0.75 0.5421296875 0.7559890625000001 0.540740625 0.7559890625000001 0.5365734375
4 0.7028640625 0.5259265625 0.703125 0.5236109375 0.7028640625 0.5185187499999999 0.7036453125000001 0.5125 0.67734375 0.503703125 0.67578125 0.5050921875000001 0.6731765625 0.50694375 0.6721359375 0.5083328125000001 0.6716140625 0.5101859375 0.6708328125 0.5111109375 0.66796875 0.5129625 0.6661453125000001 0.5166671875 0.6661453125000001 0.5189812500000001 0.6671875 0.521296875 0.66796875 0.521296875 0.6729171875 0.5226859375 0.6794265625 0.5259265625 0.68046875 0.5259265625 0.6872390625 0.5259265625 0.6981765625 0.528703125 0.7013015625000001 0.5291671874999999
4 0.7109375 0.5550921875 0.7104171874999999 0.5481484375 0.70625 0.5458328125 0.7044265625 0.5467593749999999 0.703125 0.5481484375 0.7015625 0.55601875 0.7018234375 0.5578703125 0.7041671875 0.5629625 0.7067703125 0.5638890625 0.7125 0.5648140625 0.7122390625 0.5611109375