4 0.7372390625 0.834721875 0.7270828125000001 0.827778125 0.7247390625000001 0.8263890625 0.7200515625 0.8143515625 0.7106765625 0.8004625000000001 0.70078125 0.7888890625 0.6932296874999999 0.784721875 0.6890625 0.7879625 0.6861984375 0.7953703125 0.6825515625 0.8046296875 0.68203125 0.8171296874999999 0.68359375 0.8296296875 0.6942703125 0.833796875 0.69609375 0.8310187499999999 0.7020828125 0.841203125 0.71015625 0.8509265625 0.7143234374999999 0.8504625000000001 0.72265625 0.8634265624999999 0.7302078125 0.878703125 0.7489578125 0.86944375 0.7518234374999999 0.8611109375 0.7502609375 0.853703125 0.74140625 0.8421296875
4 0.6703125 0.721296875 0.6559890625 0.7171296875000001 0.6520828125 0.7240734375 0.6513015625 0.733796875 0.6424484374999999 0.740740625 0.6419265625 0.746296875 0.6401046874999999 0.7523140625 0.6408859375 0.7731484375 0.6520828125 0.7861109374999999 0.6611984375 0.7939812500000001 0.69609375 0.777778125 0.6877609375 0.759721875 0.68359375 0.7495375 0.6802078125000001 0.7333328125
4 0.6143234375 0.6490734375 0.6114578125000001 0.6490734375 0.6080734375 0.653240625 0.60859375 0.6708328125 0.62265625 0.672221875 0.6268234374999999 0.6699078125 0.6255203125000001 0.6583328125000001 0.6151046874999999 0.65
4 0.56796875 0.5620375 0.5630203125000001 0.5597218749999999 0.5622390625 0.5606484375 0.5596359375 0.5796296875 0.56875 0.5791671875 0.571875 0.5768515625 0.5734375 0.571296875 0.5723953125000001 0.5671296875
4 0.61015625 0.53194375 0.6088546874999999 0.5268515625 0.603125 0.5240734375 0.6018234375 0.5273140625 0.6015625 0.53194375 0.6015625 0.5379625 0.6065109375 0.5393515625 0.6096359375 0.540740625 0.6114578125000001 0.540278125 0.6109375 0.5361109374999999
4 0.5859375 0.5175921875 0.58515625 0.5175921875 0.5825515625000001 0.5185187499999999 0.58203125 0.5226859375 0.5815109374999999 0.5263890625000001 0.5817703125 0.528703125 0.5877609374999999 0.5291671874999999 0.5893234374999999 0.5273140625 0.5890625 0.5226859375 0.5885421875 0.5189812500000001
4 0.12109375 0.7342593749999999 0.11458281249999999 0.728703125 0.10546875 0.7296296875 0.0997390625 0.7375 0.0973953125 0.7449078124999999 0.0947921875 0.7546296875 0.09140625 0.7699078125 0.0947921875 0.78194375 0.11171875 0.7833328125000001 0.1247390625 0.7736109375 0.1268234375 0.75601875 0.1234375 0.74351875
4 0.14765625 0.7013890625 0.1401046875 0.6921296875 0.1325515625 0.691203125 0.1260421875 0.6990734375 0.1200515625 0.7041671875 0.1174484375 0.7060187499999999 0.1166671875 0.7134265625 0.1203125 0.7296296875 0.1260421875 0.7375 0.1424484375 0.7356484375 0.1502609375 0.7342593749999999 0.1518234375 0.7236109374999999 0.1520828125 0.7171296875000001
4 0.1848953125 0.696296875 0.1815109375 0.6916671875 0.1794265625 0.6898140625 0.1760421875 0.6898140625 0.17265625 0.6958328125000001 0.1736984375 0.70694375 0.1760421875 0.715740625 0.1796875 0.7138890625000001 0.1838546875 0.7125 0.18515625 0.7083328125 0.1856765625 0.7032406250000001
4 0.21484375 0.6629625 0.2138015625 0.6583328125000001 0.21171875 0.65648125 0.2041671875 0.6523140625 0.2020828125 0.6513890625000001 0.1986984375 0.6518515625 0.19609375 0.6578703124999999 0.19453125 0.665278125 0.1940109375 0.6731484375 0.2026046875 0.6759265625 0.2104171875 0.6773140625 0.2143234375 0.6736109375 0.2161453125 0.66944375
4 0.3002609375 0.6254625 0.30546875 0.625 0.3119796875 0.6236109375 0.3166671875 0.6268515625 0.3221359375 0.6305562499999999 0.3276046875 0.6259265625 0.3309890625 0.6175921875 0.3330734375 0.6138890625 0.3411453125 0.6101859375 0.34609375 0.6009265625 0.3489578125 0.5981484375 0.3549484375 0.596296875 0.36015625 0.59351875 0.36484375 0.5833328125 0.3627609375 0.578703125 0.35703125 0.5773140625 0.3471359375 0.58055625 0.34609375 0.5763890625 0.340625 0.571759375 0.3385421875 0.575 0.33203125 0.5791671875 0.3221359375 0.5870375 0.315625 0.5888890625000001 0.3125 0.5953703124999999 0.3002609375 0.5986109374999999 0.2971359375 0.603240625 0.2934890625 0.6060187499999999 0.2893234375 0.6050921875 0.2794265625 0.6041671875 0.2776046875 0.6046296875 0.2765625 0.61898125 0.2729171875 0.6231484375 0.2677078125 0.6236109375 0.26171875 0.6254625 0.2578125 0.6263890625 0.253125 0.6268515625 0.2557296875 0.6351859375 0.2606765625 0.6356484375 0.2638015625 0.6361109375 0.2638015625 0.6407406250000001 0.2619796875 0.6435187499999999 0.2609375 0.6518515625 0.2611984375 0.6583328125000001 0.2713546875 0.6523140625 0.2828125 0.6439812500000001 0.28828125 0.6407406250000001 0.2927078125 0.6370375
4 0.784375 0.584259375 0.7760421875 0.578703125 0.771875 0.5768515625 0.7708328125 0.571759375 0.7697921875 0.5648140625 0.7653640625 0.5620375 0.7609375 0.558796875 0.7572921874999999 0.5578703125 0.7544265625000001 0.5597218749999999 0.7526046875 0.565740625 0.7518234374999999 0.572221875 0.7484375 0.5745375 0.7447921875 0.5740734375 0.7440109374999999 0.5703703124999999 0.7427078125000001 0.5648140625 0.7380203125 0.5611109375 0.7328125 0.5611109375 0.7286453125000001 0.5569437500000001 0.7276046875 0.5546296875000001 0.7239578125 0.553240625 0.7192703125000001 0.55648125 0.7151046875 0.552778125 0.7083328125 0.5486109375 0.7041671875 0.5486109375 0.6986984374999999 0.547221875 0.6919265625000001 0.5453703125 0.684375 0.5435187499999999 0.6796875 0.5388890625 0.67421875 0.5351859375 0.66484375 0.5356484375 0.66171875 0.5365734375 0.6627609375 0.5439812500000001 0.6661453125000001 0.5481484375 0.67265625 0.55 0.6776046874999999 0.552778125 0.6817703125000001 0.5541671874999999 0.68515625 0.55601875 0.68515625 0.55648125 0.68984375 0.5601859375 0.6942703125 0.5611109375 0.6958328125000001 0.5638890625 0.6989578125 0.5629625 0.7005203125 0.5629625 0.7044265625 0.5671296875 0.7091140625000001 0.5652781250000001 0.7125 0.571759375 0.7205734374999999 0.5745375 0.7244796874999999 0.5773140625 0.728125 0.5800921875 0.73515625 0.5851859375 0.740625 0.5884265625 0.7484375 0.5925921875 0.7552078125 0.5925921875 0.75859375 0.591203125 0.7677078125000001 0.591203125 0.76875 0.5949078125 0.7721359375 0.5976859375 0.7807296874999999 0.603703125 0.7880203125 0.6115734374999999 0.79140625 0.6083328125 0.796875 0.5925921875 0.7903640625 0.5879624999999999
4 0.8638015625 0.5708328125000001 0.8572921875 0.56898125 0.8541671875000001 0.5745375 0.8471359375 0.571759375 0.8434890625 0.5699078125 0.8375 0.5643515625 0.8346359375000001 0.5648140625 0.8307296875000001 0.5680562499999999 0.8244796875 0.5680562499999999 0.8231765624999999 0.5629625 0.8205734375 0.55601875 0.8153640624999999 0.5578703125 0.81484375 0.56898125 0.8130203125 0.5768515625 0.8143234375 0.58194375 0.8184890625 0.58194375 0.82109375 0.5800921875 0.8252609375000001 0.5791671875 0.8276046875 0.5824078125 0.8302078125 0.5861109375 0.8375 0.5884265625 0.8416671875 0.5888890625000001 0.84921875 0.59398125 0.8520828125 0.5949078125 0.8546875 0.59351875 0.8614578125 0.59305625 0.8692703125 0.5921296875000001 0.8677078125 0.58194375