4 0.5947916666666667 0.644907196969697 0.5958333333333333 0.6476856060606061 0.5963541666666666 0.6587954545454545 0.6028645833333334 0.6708333333333333 0.6151041666666667 0.6861117424242424 0.6223958333333334 0.6898143939393939 0.6317708333333333 0.6888882575757576 0.6416666666666667 0.6805549242424243 0.6432291666666666 0.6689810606060606 0.6390625 0.657407196969697 0.6190104166666667 0.6254621212121213 0.6119791666666666 0.6222215909090909 0.6018229166666667 0.6240738636363636 0.5953125 0.6305549242424242 0.5958333333333333 0.6375000000000001 0.5930989583333334 0.6416666666666667 0.5908854166666667 0.6421287878787878 0.5947916666666667 0.644907196969697
4 0.5911458333333334 0.6226856060606061 0.6046875 0.6226856060606061 0.6114583333333333 0.6208333333333333 0.6135416666666667 0.6175928030303031 0.6122395833333333 0.610185606060606 0.6059895833333333 0.5995378787878788 0.5994791666666667 0.592592803030303 0.5942708333333333 0.590278409090909 0.5916666666666667 0.5856477272727272 0.5877604166666667 0.5837954545454546 0.584375 0.5907405303030303 0.5830729166666667 0.6004621212121212 0.5822916666666667 0.6106477272727273 0.5830729166666667 0.6143522727272727 0.5875 0.620371212121212 0.5911458333333334 0.6226856060606061
4 0.676459375 0.8056420454545455 0.6777614583333332 0.8079583333333333 0.6816677083333332 0.8098087121212121 0.6873968749999999 0.8088844696969697 0.6928656249999999 0.8130511363636364 0.701459375 0.8130511363636364 0.7045843749999999 0.8098087121212121 0.7090114583333332 0.7982348484848485 0.7084906249999999 0.7899015151515151 0.7032822916666667 0.7783276515151515 0.6920531249999999 0.7698920454545455 0.6941677083333333 0.7431420454545455 0.689740625 0.7361988636363637 0.6855739583333332 0.7329583333333334 0.6767197916666666 0.7324943181818182 0.6763291666666666 0.7405378787878788 0.6763291666666666 0.7489261363636364 0.6771145833333333 0.7631818181818182 0.6696885416666666 0.774625 0.6720322916666667 0.7787916666666667 0.6712510416666666 0.7824943181818181 0.676459375 0.8056420454545455
4 0.7440104166666667 0.9685189393939394 0.7432291666666667 0.9749999999999999 0.7440104166666667 0.977314393939394 0.74765625 0.9800928030303031 0.7484375 0.9828712121212122 0.74765625 0.9861117424242425 0.7505208333333333 0.990278409090909 0.7518229166666667 0.9953712121212122 0.75625 0.9967594696969697 0.7578125 0.9995378787878787 0.7643229166666666 0.9995378787878787 0.7645833333333333 0.9976856060606061 0.7692708333333333 0.9962954545454545 0.784375 0.9972215909090909 0.79296875 0.9958333333333332 0.7986979166666667 0.9995378787878787 0.8036458333333333 0.9995378787878787 0.8078125 0.9962954545454545 0.8184895833333333 0.9967594696969697 0.8203125 0.9939810606060606 0.821875 0.982407196969697 0.8205729166666667 0.9787045454545454 0.82265625 0.9745378787878789 0.821875 0.9708333333333333 0.8182291666666667 0.9666666666666667 0.8182291666666667 0.9625 0.8044270833333333 0.9518522727272727 0.7997395833333333 0.9430549242424242 0.7989583333333333 0.9384261363636364 0.7916666666666666 0.927314393939394 0.7885416666666667 0.9185189393939394 0.78828125 0.9157405303030304 0.7911458333333333 0.9120378787878788 0.79140625 0.8907405303030302 0.7934895833333333 0.8847215909090909 0.7932291666666667 0.8717594696969697 0.7908854166666667 0.8611117424242424 0.7825520833333334 0.8583333333333333 0.7791666666666667 0.8439810606060606 0.7708333333333334 0.8430549242424242 0.76796875 0.844907196969697 0.7651041666666667 0.8532405303030304 0.7567708333333333 0.8689810606060606 0.75 0.8870378787878788 0.7486979166666666 0.892592803030303 0.7513020833333334 0.9004621212121212 0.75078125 0.9041666666666667 0.7560552083333333 0.905092803030303 0.7591145833333334 0.9185189393939394 0.7520833333333333 0.9254621212121212 0.7479166666666667 0.9249999999999999 0.74296875 0.9305549242424243 0.7401041666666667 0.9314810606060606 0.73984375 0.9347215909090909 0.7338541666666667 0.9430549242424242 0.73359375 0.947685606060606 0.7361979166666667 0.9592594696969696 0.7416666666666667 0.9620378787878788 0.7440104166666667 0.9685189393939394
4 0.5799479166666667 0.594907196969697 0.5817708333333333 0.5921287878787879 0.5822916666666667 0.5875 0.58125 0.5837954545454546 0.5802083333333333 0.582407196969697 0.5770833333333333 0.5837954545454546 0.5752604166666667 0.5759261363636363 0.5697916666666667 0.5657405303030303 0.5640625 0.5615738636363636 0.5604166666666667 0.5648143939393939 0.55859375 0.5694450757575757 0.5580729166666667 0.580092803030303 0.56015625 0.5842594696969696 0.5760416666666667 0.5958333333333333 0.5799479166666667 0.594907196969697
4 0.6833333333333333 0.8398143939393939 0.68515625 0.8412045454545455 0.68515625 0.8453712121212121 0.68828125 0.8481477272727272 0.6981770833333333 0.8509261363636363 0.7010416666666667 0.8490738636363636 0.7052083333333333 0.85 0.709375 0.8453712121212121 0.7036458333333333 0.8259261363636363 0.6971354166666667 0.8199071969696969 0.6901041666666666 0.8185189393939394 0.6856770833333333 0.8199071969696969 0.6778645833333333 0.8152784090909091 0.6731770833333334 0.8152784090909091 0.6658854166666667 0.8189810606060607 0.6630208333333333 0.8245378787878788 0.6635416666666667 0.8337954545454546 0.6651041666666667 0.8370378787878788 0.6692708333333334 0.8388882575757576 0.6833333333333333 0.8398143939393939
4 0.7518229166666667 0.5893522727272728 0.7598958333333333 0.5884261363636364 0.7635416666666667 0.590278409090909 0.7794270833333333 0.6 0.7828125 0.6055549242424243 0.7880208333333333 0.6055549242424243 0.79453125 0.6124999999999999 0.7981770833333334 0.6106477272727273 0.8083333333333333 0.6157405303030303 0.8091145833333333 0.6189810606060606 0.8138020833333334 0.6231477272727273 0.82578125 0.630092803030303 0.8333333333333334 0.6314810606060607 0.8372395833333334 0.635185606060606 0.8411458333333334 0.6356477272727273 0.8494791666666667 0.642592803030303 0.8583333333333333 0.6462954545454546 0.86171875 0.6504621212121212 0.875 0.6560189393939394 0.9041666666666667 0.6745378787878789 0.9075520833333334 0.6740738636363637 0.9158854166666667 0.6791666666666667 0.9278645833333333 0.6819450757575758 0.9322916666666666 0.6893522727272727 0.9442708333333333 0.6939810606060607 0.9546875 0.7018522727272727 0.9627604166666667 0.7041666666666667 0.9703125 0.7092594696969696 0.9765625 0.7101856060606061 0.9794270833333333 0.7120378787878788 0.9822916666666667 0.7166666666666667 0.98671875 0.7166666666666667 0.9901041666666667 0.7189810606060606 0.9997395833333333 0.7180549242424242 0.9997395833333333 0.7064810606060606 0.9979166666666667 0.7064810606060606 0.9921875 0.6986117424242425 0.9807291666666667 0.692592803030303 0.978125 0.6796287878787879 0.98046875 0.6777784090909091 0.9721354166666667 0.6749999999999999 0.9705729166666667 0.672685606060606 0.9708333333333333 0.6694450757575757 0.96640625 0.6708333333333333 0.959375 0.6694450757575757 0.9536458333333333 0.6648143939393939 0.9444447916666667 0.6620378787878788 0.93671875 0.6541666666666667 0.91953125 0.6486117424242424 0.9005208333333333 0.6379621212121211 0.8455729166666667 0.6138882575757575 0.8390625 0.6129621212121212 0.82265625 0.6037045454545454 0.8140625 0.6027784090909091 0.8020833333333334 0.5944450757575758 0.7947916666666667 0.5939810606060606 0.7932291666666667 0.5916666666666667 0.7752604166666667 0.5833333333333334 0.7421875 0.5717594696969697 0.74140625 0.5722215909090909 0.7421875 0.5763882575757576 0.75 0.5837954545454546 0.7518229166666667 0.5893522727272728
4 0.6739583333333333 0.5509261363636364 0.6791666666666667 0.5486117424242424 0.678125 0.5407405303030304 0.6721354166666667 0.5351856060606061 0.66953125 0.5305549242424242 0.63046875 0.519907196969697 0.6231770833333333 0.5162045454545454 0.6192708333333333 0.5166666666666667 0.61796875 0.5185189393939394 0.6174479166666667 0.5212954545454546 0.63125 0.5328712121212121 0.6703125 0.5499999999999999 0.6739583333333333 0.5509261363636364
4 0.8700520833333333 0.590278409090909 0.87421875 0.590278409090909 0.8768229166666667 0.5875 0.8763020833333334 0.5759261363636363 0.8697916666666666 0.5643522727272727 0.8653645833333333 0.5657405303030303 0.8614583333333333 0.5731477272727273 0.8598958333333333 0.5805549242424243 0.8604166666666667 0.5837954545454546 0.8630208333333333 0.5875 0.8700520833333333 0.590278409090909
4 0.8244791666666667 0.5722215909090909 0.821875 0.5652784090909091 0.8169270833333333 0.5615738636363636 0.8106770833333333 0.5486117424242424 0.8065104166666667 0.5509261363636364 0.8015625 0.557871212121212 0.8002604166666667 0.5685189393939394 0.8109375 0.5703712121212121 0.8216145833333334 0.5763882575757576 0.8244791666666667 0.5722215909090909
4 0.8143229166666667 0.5601856060606061 0.81328125 0.552314393939394 0.8104166666666667 0.547221590909091 0.8059895833333334 0.5495378787878789 0.8010416666666667 0.5597215909090909 0.7994791666666666 0.5680549242424242 0.80234375 0.5699071969696969 0.8106770833333333 0.5657405303030303 0.8143229166666667 0.5601856060606061
4 0.7307291666666667 0.544907196969697 0.7317708333333334 0.5370378787878788 0.7286458333333333 0.5305549242424242 0.7205729166666667 0.5287045454545455 0.71171875 0.5291666666666667 0.7106770833333333 0.5342594696969697 0.7106770833333333 0.5375 0.7161458333333334 0.5435189393939394 0.72578125 0.5462954545454546 0.7307291666666667 0.544907196969697
4 0 0.8195719696969697 0.032009375 0.7914450757575757 0.22884895833333332 0.6580113636363637 0.3230375 0.605030303030303 0.34732083333333336 0.5984905303030302 0.36093333333333333 0.5723257575757575 0.3513677083333333 0.5651306818181818 0.33297187500000003 0.5769053030303031 0.21266041666666666 0.6495094696969697 0.16777395833333333 0.6907159090909091 0.13686770833333334 0.7155719696969697 0.11221666666666666 0.7247291666666666 0.06401875 0.7430435606060606 0.03974166666666667 0.7410814393939393 0.029071875 0.7554715909090909 0.026495833333333333 0.7777102272727272 0 0.7921003787878788 0 0.8195719696969697
4 0.33226875 0.6170700757575758 0.32930208333333333 0.605467803030303 0.3061625 0.6212897727272727 0.26996875000000004 0.6413314393939393 0.026107291666666664 0.8248712121212121 0.049840625 0.8522954545454545 0.156640625 0.7689659090909091 0.237928125 0.7004015151515152 0.27768229166666664 0.6666477272727273 0.33226875 0.6170700757575758
4 0.9322916666666666 0.6069450757575757 0.9325520833333333 0.5990738636363636 0.9296875 0.5935189393939394 0.9247395833333333 0.5935189393939394 0.92265625 0.6 0.92265625 0.6069450757575757 0.9247395833333333 0.6087954545454546 0.9296875 0.609721590909091 0.9322916666666666 0.6069450757575757