4 0.65390625 0.7694450757575757 0.659375 0.7708333333333334 0.6651041666666667 0.7754621212121212 0.6776041666666667 0.7745378787878788 0.6815104166666667 0.7560189393939394 0.6815104166666667 0.7439810606060606 0.678125 0.7342594696969698 0.671875 0.7319450757575757 0.6622395833333333 0.7217594696969697 0.6588541666666666 0.7236117424242424 0.6463541666666667 0.7171287878787879 0.6432291666666666 0.7194450757575758 0.6390625 0.7157405303030303 0.6359375 0.7166666666666667 0.63359375 0.7296287878787879 0.6333333333333333 0.739814393939394 0.6346354166666667 0.7481477272727273 0.64453125 0.7615738636363636 0.65390625 0.7694450757575757
4 0.69609375 0.8106477272727273 0.7059895833333333 0.817592803030303 0.7166666666666667 0.8125 0.7221354166666667 0.8064810606060606 0.7223958333333333 0.7986117424242424 0.7109375 0.7657405303030302 0.7026041666666667 0.7606477272727273 0.7013020833333333 0.7578712121212121 0.6950520833333333 0.7634261363636363 0.69296875 0.7680549242424243 0.6895833333333333 0.7712954545454546 0.6861979166666666 0.764814393939394 0.6848958333333334 0.764814393939394 0.68359375 0.7680549242424243 0.6841145833333333 0.7833333333333333 0.6854166666666667 0.7902784090909091 0.69609375 0.8106477272727273
4 0.7442708333333333 0.9189810606060606 0.7481770833333333 0.9282405303030303 0.7533854166666667 0.9314810606060606 0.76953125 0.9726856060606061 0.7752604166666667 0.9939810606060606 0.7830729166666667 0.9995378787878787 0.815625 0.9995378787878787 0.8171875 0.9870378787878787 0.8182291666666667 0.9861117424242425 0.815625 0.9777784090909092 0.8184895833333333 0.9629621212121212 0.8161458333333333 0.9569450757575757 0.8166666666666667 0.9546287878787878 0.8153645833333333 0.9504621212121211 0.8111979166666666 0.9453712121212121 0.809375 0.9342594696969697 0.8088541666666667 0.9041666666666667 0.7986979166666667 0.8962954545454546 0.7963541666666667 0.8976856060606061 0.7932291666666667 0.8962954545454546 0.78828125 0.8824071969696969 0.7877604166666666 0.8726856060606061 0.7809895833333333 0.8546287878787879 0.7674479166666667 0.8388882575757576 0.7638020833333333 0.8305549242424243 0.75859375 0.8268522727272727 0.75703125 0.8217594696969697 0.7505208333333333 0.8199071969696969 0.7424479166666667 0.8236117424242425 0.7377604166666667 0.8398143939393939 0.734375 0.8453712121212121 0.7252604166666666 0.869907196969697 0.71953125 0.8805549242424242 0.7192708333333333 0.8847215909090909 0.7283854166666667 0.8976856060606061 0.7359375 0.9120378787878788 0.7442708333333333 0.9189810606060606
4 0.7908854166666667 0.6777784090909091 0.7890625 0.6657405303030304 0.7901041666666667 0.6541666666666667 0.7895833333333333 0.6476856060606061 0.7864583333333334 0.6412045454545454 0.7791666666666667 0.6370378787878788 0.77578125 0.6384261363636363 0.7669270833333334 0.6546287878787879 0.76796875 0.6736117424242424 0.784375 0.6800928030303031 0.7880208333333333 0.6800928030303031 0.7908854166666667 0.6777784090909091
4 0.6919270833333333 0.594907196969697 0.68984375 0.5847215909090909 0.6838541666666667 0.5870378787878788 0.6833333333333333 0.5916666666666667 0.6854166666666667 0.6041666666666666 0.690625 0.6041666666666666 0.6919270833333333 0.594907196969697
4 0.8049479166666667 0.5629621212121213 0.8049479166666667 0.5527784090909091 0.7979166666666667 0.547685606060606 0.7880208333333333 0.5458333333333333 0.78359375 0.552314393939394 0.7815104166666667 0.5564810606060606 0.78671875 0.5629621212121213 0.7997395833333333 0.5643522727272727 0.8049479166666667 0.5629621212121213
4 0.5661458333333333 0.5796287878787878 0.5661458333333333 0.5722215909090909 0.5609375 0.557871212121212 0.5559895833333334 0.5546287878787879 0.5533854166666666 0.557407196969697 0.5513020833333333 0.5634261363636364 0.55 0.5680549242424242 0.5528645833333333 0.577778409090909 0.5638020833333334 0.5819450757575757 0.5661458333333333 0.5796287878787878
4 0.60703125 0.6495378787878788 0.6135416666666667 0.6504621212121212 0.6184895833333334 0.6495378787878788 0.6203125 0.6462954545454546 0.6203125 0.6384261363636363 0.6177083333333333 0.6254621212121213 0.6072916666666667 0.6124999999999999 0.5979166666666667 0.6310189393939394 0.5963541666666666 0.6384261363636363 0.5986979166666667 0.6435189393939394 0.6026041666666667 0.6467594696969696 0.60703125 0.6495378787878788
4 0.6401041666666667 0.6736117424242424 0.64140625 0.6694450757575757 0.6395833333333333 0.659721590909091 0.6348958333333333 0.6537045454545455 0.6307291666666667 0.6435189393939394 0.6223958333333334 0.6412045454545454 0.6197916666666666 0.6476856060606061 0.6192708333333333 0.6509261363636364 0.6229166666666667 0.6708333333333333 0.63046875 0.6736117424242424 0.6401041666666667 0.6736117424242424
4 0.553125 0.5439810606060606 0.5489583333333333 0.5370378787878788 0.5440104166666667 0.5384261363636363 0.5427083333333333 0.5407405303030304 0.5434895833333333 0.5444450757575757 0.5526041666666667 0.547685606060606 0.553125 0.5439810606060606
4 0.54296875 0.525 0.54296875 0.517592803030303 0.54140625 0.5134261363636363 0.5369791666666667 0.5097215909090909 0.5328125 0.5134261363636363 0.5325520833333334 0.5212954545454546 0.5341145833333333 0.5236117424242424 0.5385416666666667 0.5259261363636364 0.54296875 0.525
4 0.8205729166666667 0.5657405303030303 0.8190104166666666 0.5564810606060606 0.8145833333333333 0.5513882575757575 0.81015625 0.5527784090909091 0.8080729166666667 0.5601856060606061 0.8072916666666666 0.5643522727272727 0.8091145833333333 0.5680549242424242 0.8192708333333333 0.5680549242424242 0.8205729166666667 0.5657405303030303
4 0.8420135416666666 0.5686723484848485 0.8377604166666667 0.5629621212121213 0.8338541666666667 0.5648143939393939 0.8330729166666667 0.5680549242424242 0.83359375 0.5759261363636363 0.8419270833333333 0.5759261363636363 0.8432291666666667 0.572685606060606 0.8420135416666666 0.5686723484848485
4 0.8846354166666667 0.5875 0.88359375 0.5759261363636363 0.8807291666666667 0.5731477272727273 0.8765625 0.5722215909090909 0.8721354166666667 0.5810189393939394 0.8721354166666667 0.5875 0.8744791666666667 0.590278409090909 0.8802083333333334 0.5907405303030303 0.8846354166666667 0.5875
4 0.8497395833333333 0.5712954545454546 0.8432291666666667 0.5754621212121211 0.853125 0.5819450757575757 0.8609375 0.5796287878787878 0.86015625 0.5759261363636363 0.8497395833333333 0.5712954545454546
4 0.9239583333333333 0.6078712121212122 0.9260416666666667 0.6046287878787879 0.9208333333333333 0.5875 0.9158854166666667 0.5787045454545454 0.9015625 0.5791666666666667 0.9 0.5805549242424243 0.8979166666666667 0.5870378787878788 0.8955729166666667 0.5958333333333333 0.8986979166666667 0.5995378787878788 0.91875 0.607407196969697 0.9239583333333333 0.6078712121212122
4 0.634375 0.5013882575757576 0.6302083333333334 0.5018522727272727 0.6296875 0.5060189393939394 0.6307291666666667 0.5087954545454546 0.6359375 0.5055549242424242 0.634375 0.5013882575757576
4 0.6981770833333333 0.5212954545454546 0.69296875 0.5189810606060606 0.6924479166666667 0.5259261363636364 0.6932291666666667 0.527778409090909 0.6989583333333333 0.525 0.6981770833333333 0.5212954545454546
4 0 0.7138882575757576 0.019791666666666666 0.702778409090909 0.0296875 0.7013882575757576 0.03307291666666667 0.6967594696969697 0.042317708333333336 0.6898143939393939 0.04895833333333333 0.6898143939393939 0.0609375 0.6861117424242424 0.078125 0.6759261363636364 0.09166666666666666 0.6708333333333333 0.0984375 0.6648143939393939 0.10755208333333334 0.6611117424242424 0.11588541666666667 0.655092803030303 0.12682291666666667 0.6518522727272728 0.16692708333333334 0.6291666666666667 0.21223958333333334 0.609721590909091 0.275 0.577314393939394 0.2911458333333333 0.5662045454545455 0.2947916666666667 0.5611117424242424 0.29921875 0.5643522727272727 0.303125 0.5592594696969697 0.3140625 0.5555549242424243 0.31796875 0.552314393939394 0.3229166666666667 0.544907196969697 0.32526041666666666 0.5361117424242424 0.32421875 0.5333333333333333 0.3177083333333333 0.5287045454545455 0.315625 0.5254621212121212 0.3143229166666667 0.5194450757575757 0.3065104166666667 0.5222215909090909 0.30390625 0.5263882575757576 0.2986979166666667 0.5287045454545455 0.2953125 0.5361117424242424 0.28802083333333334 0.5402784090909091 0.2791666666666667 0.5337954545454545 0.27109375 0.5328712121212121 0.2635416666666667 0.5388882575757576 0.2591145833333333 0.5402784090909091 0.25755208333333335 0.5453712121212122 0.25703125 0.5564810606060606 0.2552083333333333 0.5606477272727273 0.24453125 0.5504621212121212 0.24296875 0.5504621212121212 0.2375 0.5546287878787879 0.2328125 0.5615738636363636 0.22447916666666667 0.5629621212121213 0.22083333333333333 0.5662045454545455 0.21927083333333333 0.5648143939393939 0.21614583333333334 0.5560189393939393 0.209375 0.5601856060606061 0.20442708333333334 0.5597215909090909 0.19739583333333333 0.5620378787878787 0.18958333333333333 0.567128787878788 0.18151041666666667 0.567592803030303 0.17838541666666666 0.5745378787878788 0.17369791666666667 0.5754621212121211 0.17239583333333333 0.5782405303030302 0.165625 0.582407196969697 0.16041666666666668 0.5879621212121212 0.15416666666666667 0.5865738636363637 0.13645833333333332 0.5916666666666667 0.13671875 0.5930549242424242 0.12552083333333333 0.6046287878787879 0.12447916666666667 0.607407196969697 0.11875 0.6111117424242424 0.1125 0.610185606060606 0.11171875 0.6069450757575757 0.10963541666666667 0.6060189393939394 0.10729166666666666 0.6013882575757576 0.10364583333333334 0.605092803030303 0.10078125 0.6018522727272728 0.09895833333333333 0.6018522727272728 0.0953125 0.6055549242424243 0.09166666666666666 0.6027784090909091 0.08854166666666667 0.6055549242424243 0.08802083333333334 0.5990738636363636 0.07213541666666666 0.5981477272727272 0.06901041666666667 0.5944450757575758 0.06171875 0.5921287878787879 0.06041666666666667 0.5898143939393939 0.05755208333333333 0.5916666666666667 0.05364583333333333 0.5898143939393939 0.05286458333333333 0.5870378787878788 0.047135416666666666 0.5893522727272728 0.04609375 0.5976856060606061 0.04088541666666667 0.597221590909091 0.035416666666666666 0.6009261363636363 0.032552083333333336 0.6064810606060606 0.030208333333333334 0.6157405303030303 0.026041666666666668 0.6212954545454545 0.023958333333333335 0.6217594696969697 0.021875 0.6189810606060606 0.016927083333333332 0.620371212121212 0.013020833333333334 0.6175928030303031 0.01015625 0.6212954545454545 0 0.6277784090909091 0 0.7138882575757576
4 0.31302083333333336 0.5995378787878788 0.3072916666666667 0.594907196969697 0.29921875 0.5958333333333333 0.2921875 0.6083333333333333 0.2911458333333333 0.6143522727272727 0.2908854166666667 0.6226856060606061 0.2947916666666667 0.6226856060606061 0.3067708333333333 0.6171287878787879 0.31302083333333336 0.5995378787878788
4 0.9817708333333334 0.6268522727272727 0.9830729166666666 0.6143522727272727 0.9822916666666667 0.5986117424242424 0.9809895833333333 0.5958333333333333 0.9700520833333334 0.5875 0.9609375 0.5944450757575758 0.9580729166666667 0.6046287878787879 0.95859375 0.6189810606060606 0.9627604166666667 0.6268522727272727 0.9778645833333334 0.629628787878788 0.9817708333333334 0.6268522727272727
4 0.9997395833333333 0.6361117424242425 0.9997395833333333 0.6162045454545454 0.9859375 0.614814393939394 0.9841145833333333 0.6175928030303031 0.9815104166666667 0.6268522727272727 0.98359375 0.6305549242424242 0.9908854166666666 0.6347215909090909 0.9997395833333333 0.6361117424242425