4 0.303125 0.5550921875 0.2908859375 0.5583328125 0.2736984375 0.5671296875 0.2713546875 0.58055625 0.2848953125 0.571759375 0.3015625 0.5666671875
4 0.42473906250000004 0.5300921875 0.43984375 0.51944375 0.43463593749999996 0.509259375 0.41744843749999994 0.5175921875 0.39921875 0.525 0.3830734375 0.5365734375 0.384375 0.553703125 0.3984375 0.5490734374999999 0.40833281250000003 0.540278125
4 0.58203125 0.5453703125 0.5684890625000001 0.54305625 0.5533859375 0.5467593749999999 0.5552078125000001 0.5671296875 0.5653640625 0.575 0.58125 0.5638890625
4 0.5395828125000001 0.621296875 0.5341140625 0.6166671874999999 0.5236984375 0.615278125 0.5158859375 0.6226859375 0.5177078125000001 0.6421296875 0.5265625 0.6486109375 0.5411453125000001 0.634721875
4 0.7356765625 0.641203125 0.7473953125 0.6273140625 0.7364578125000001 0.61805625 0.7322921874999999 0.602778125 0.721875 0.5986109374999999 0.7091140625000001 0.59444375 0.70390625 0.59444375 0.690625 0.6 0.68984375 0.6125 0.7091140625000001 0.6273140625 0.71875 0.6393515625 0.7294265625 0.6393515625
4 0.9018234375 0.7453703125 0.9041671875 0.7328703125 0.9083328125 0.7078703125 0.9013015624999999 0.6981484375 0.8958328124999999 0.6898140625 0.8802078124999999 0.6898140625 0.86484375 0.6958328125000001 0.8596359375 0.7203703124999999 0.86015625 0.7388890625 0.8869796875 0.758796875 0.8890625 0.758796875
4 0.9104171875 0.6509265625 0.9145828125 0.633796875 0.896875 0.6268515625 0.8828125 0.6268515625 0.878125 0.6388890625 0.8776046875000001 0.6509265625 0.8958328124999999 0.6615734375 0.9088546875000001 0.659721875
4 0.93203125 0.6574078125 0.9322921875000001 0.6435187499999999 0.9265625 0.6407406250000001 0.91953125 0.6407406250000001 0.9158859375 0.6513890625000001 0.9145828125 0.6620375000000001 0.92578125 0.6675921875 0.9278640625 0.6638890625
4 0.6963546875 0.5328703124999999 0.6986984374999999 0.5300921875 0.6989578125 0.525 0.6994796875 0.521296875 0.6973953125000001 0.515278125 0.6869796874999999 0.5138890625 0.6880203125000001 0.5226859375 0.6888015625 0.53101875 0.6924484375 0.5333328125000001
4 0.7625 0.55601875 0.7734375 0.55555625 0.7828125 0.5569437500000001 0.78828125 0.5578703125 0.7893234375 0.5490734374999999 0.7895828125000001 0.5425921875 0.7841140625 0.5351859375 0.7765625 0.534259375 0.7747390625 0.5296296875000001 0.7625 0.527778125 0.7591140625 0.5328703124999999 0.75390625 0.53148125 0.7494796874999999 0.5245375 0.7390625 0.522221875 0.73984375 0.528703125 0.731625 0.5264203125 0.7270828125000001 0.53194375 0.7276046875 0.5393515625 0.73203125 0.5458328125 0.7421875 0.5486109375 0.7541671875 0.5518515625
4 0.8229171875000001 0.5699078125 0.8317703125 0.5731484375 0.8372390624999999 0.56898125 0.8377609375 0.5601859375 0.83671875 0.55555625 0.8395828125 0.5523140625 0.8432296875 0.5435187499999999 0.8294265624999999 0.5398140625 0.8247390625 0.5416671875 0.8182296875 0.546296875 0.8119796875 0.55 0.8088546875 0.5606484375 0.8104171875 0.565740625 0.8166671875 0.56944375
4 0.9984375 0.59444375 0.996875 0.59444375 0.9869796875000001 0.591203125 0.9705734375 0.5870375 0.9609375 0.584259375 0.9583328124999999 0.5796296875 0.9440109375000001 0.575 0.940625 0.5759265625000001 0.9393234375 0.584259375 0.93359375 0.5856484375 0.9315109375 0.5958328125000001 0.9393234375 0.6046296875 0.9377609375 0.60694375 0.9580734375000001 0.6143515625 0.9984375 0.6236109375
4 0.5848953125 0.5254624999999999 0.5854171874999999 0.509721875 0.575 0.5046296875 0.5684890625000001 0.5046296875 0.5638015625 0.5074078125 0.5645828125000001 0.5148140625 0.5677078125 0.5189812500000001 0.5734375 0.51944375 0.57578125 0.5254624999999999 0.584375 0.5300921875
4 0.74140625 0.947221875 0.7296875 0.9402781250000001 0.7122390625 0.9546296875 0.7177078125 0.978240625 0.74140625 0.9865734375 0.7440109374999999 0.9791671875000001
4 0.7268234375 0.8199078125 0.7151046875 0.8013890625 0.7005203125 0.8111109375 0.70546875 0.8305562500000001 0.715625 0.83194375 0.72890625 0.8467593750000001