4 0.6856765625000001 0.7268515625 0.678125 0.7240734375 0.671875 0.7254625 0.6690109375 0.7384265625 0.6703125 0.75 0.6799484375 0.759721875 0.690625 0.759721875 0.6966140625 0.7629625 0.6986984374999999 0.7444437500000001
4 0.85703125 0.9199078125 0.8640625 0.9194437499999999 0.8786453125 0.896759375 0.8786453125 0.8888890625 0.8752609375 0.8856484375000001 0.8578125 0.85555625 0.8463546875000001 0.853703125 0.8408859375000001 0.8421296875 0.83203125 0.8268515624999999 0.821875 0.8199078125 0.8065109375 0.80601875 0.7986984374999999 0.7875 0.7901046875 0.7601859375 0.7796875 0.75601875 0.7713546874999999 0.75601875 0.7635421874999999 0.7546296875 0.73984375 0.7259265625 0.7252609375 0.69351875 0.7143234374999999 0.6851859375 0.7002609375 0.671296875 0.6893234374999999 0.6601859375 0.6830734374999999 0.65648125 0.678125 0.6388890625 0.66171875 0.628240625 0.65546875 0.6263890625 0.6458328125 0.6296296875 0.6424484374999999 0.6449078125 0.6432296875 0.65 0.6546875 0.659259375 0.6640625 0.6629625 0.66875 0.671296875 0.678125 0.683796875 0.6859375 0.6898140625 0.690625 0.6990734375 0.6963546875 0.716203125 0.7033859375 0.7231484375 0.7138015625 0.7453703125 0.7169265625000001 0.7638890625 0.7247390625000001 0.7671296875 0.7328125 0.78055625 0.74765625 0.7865734375 0.759375 0.797221875 0.76640625 0.8115734375000001 0.7760421875 0.8106484375 0.7877609375 0.8148140625 0.7864578125 0.81851875 0.7869796874999999 0.8268515624999999 0.7994796875 0.8398140625 0.8033859375000001 0.8504625000000001 0.8041671875 0.8611109375 0.8041671875 0.8717593750000001 0.8041671875 0.88148125 0.8169265625 0.890278125 0.8390625 0.8916671875000001 0.8471359375 0.91805625
4 0.7765625 0.9984375 0.7830734374999999 0.9745375 0.7723953125 0.9564812500000001 0.76875 0.9546296875 0.7567703125 0.9333328125 0.74375 0.921759375 0.7325515625000001 0.921759375 0.7190109375 0.9291671875 0.7166671874999999 0.9365734375000001 0.7052078125000001 0.9481484375000001 0.7046875 0.9606484375000001 0.71015625 0.9754625000000001 0.7111984375 0.9861109375 0.7291671875 0.9984375
4 0.71484375 0.8523140625 0.7078125 0.8513890625 0.7041671875 0.85555625 0.7052078125000001 0.8671296875 0.7088546874999999 0.878703125 0.7130203125000001 0.883796875 0.7236984375 0.8828703125 0.7278640625 0.8671296875
4 0.6515625 0.6 0.64765625 0.59444375 0.6401046874999999 0.5921296875000001 0.6361984374999999 0.59351875 0.6348953125000001 0.597221875 0.6322921874999999 0.6009265625 0.6296875 0.6083328125 0.6427078125000001 0.61805625 0.64453125 0.61805625 0.6481765625 0.615740625 0.653125 0.6115734374999999 0.653125 0.6064812500000001
4 0.9971359375000001 0.866203125 0.9833328124999999 0.8504625000000001 0.9596359375000001 0.8495375 0.9447921875 0.8361109375 0.92734375 0.8231484375000001 0.9057296875 0.7939812500000001 0.8877609375000001 0.7726859375 0.8635421875 0.7555562499999999 0.83125 0.7328703125 0.8158859375 0.7236109374999999 0.80390625 0.70694375 0.7890625 0.6898140625 0.7763015625 0.6824078124999999 0.7546875 0.6578703124999999 0.7401046874999999 0.640278125 0.7283859374999999 0.6300921875000001 0.7171875 0.6259265625 0.6924484375 0.6175921875 0.6872390625 0.6203703125 0.68671875 0.6365734375 0.68984375 0.6458328125 0.6955734375 0.6541671874999999 0.7002609375 0.6625 0.7052078125000001 0.66944375 0.7192703125000001 0.6824078124999999 0.73203125 0.690740625 0.73828125 0.6953703124999999 0.74375 0.7041671875 0.7520828125000001 0.7171296875000001 0.7690109374999999 0.7351859375 0.9984375 0.9984375 0.9984375 0.8833328125
4 0.6611984375 0.56898125 0.6578125 0.5648140625 0.6536453125 0.5643515625 0.6486984375 0.5666671875 0.6489578125000001 0.5736109375 0.6505203125000001 0.578703125 0.6528640625000001 0.58194375 0.6583328125000001 0.584259375 0.6622390625000001 0.584259375 0.6625 0.5726859375
4 0.6315109375 0.5416671875 0.61796875 0.5333328125000001 0.6106765625 0.5333328125000001 0.6041671875 0.5388890625 0.6057296875 0.5458328125 0.6114578125000001 0.5523140625 0.61328125 0.558796875 0.6135421875 0.5629625 0.6208328125 0.5675921875000001 0.6268234374999999 0.5648140625 0.6291671875 0.5625 0.63359375 0.55601875 0.6416671875 0.55555625 0.6361984374999999 0.54305625
4 0.93203125 0.98055625 0.93203125 0.9703703125 0.9278640625 0.9518515624999999 0.92265625 0.94351875 0.9127609375000001 0.94351875 0.9091140624999999 0.946296875 0.9057296875 0.959259375 0.90625 0.96851875 0.9096359375 0.977778125 0.9106765625 0.9796296874999999 0.9184890625 0.9916671875 0.93046875 0.9888890625
4 0.6598953125 0.55555625 0.6588546875 0.55648125 0.6591140625 0.559259375 0.6596359374999999 0.5611109375 0.6604171875 0.5638890625 0.6614578125 0.5652781250000001 0.6622390625000001 0.566203125 0.6645828125000001 0.56851875 0.665625 0.5699078125 0.66640625 0.5703703124999999 0.6682296875 0.5703703124999999 0.66953125 0.5703703124999999 0.6708328125 0.5703703124999999 0.6729171875 0.571296875 0.6739578125000001 0.572221875 0.6752609374999999 0.5726859375 0.6760421875 0.5726859375 0.67734375 0.572221875 0.67890625 0.571759375 0.6802078125000001 0.5726859375 0.6817703125000001 0.5731484375 0.68359375 0.5740734375 0.6864578125 0.5745375 0.6880203125000001 0.572221875 0.6583328125000001 0.5453703125 0.6583328125000001 0.5476859375 0.6591140625 0.55 0.66015625 0.5523140625
4 0.5950515625 0.4796296875 0.59453125 0.48287031249999995 0.5942703125000001 0.48472187499999997 0.5919265625000001 0.4865734375 0.590625 0.48796249999999997 0.5903640625000001 0.49074062500000004 0.5921875 0.49305625 0.59296875 0.49583281250000005 0.5934890625 0.4981484375 0.5955734374999999 0.5009265625 0.5966140625 0.5013890625 0.5981765625000001 0.5018515625 0.6018234375 0.503240625 0.6033859374999999 0.5046296875 0.60390625 0.50694375 0.6057296875 0.509721875 0.6057296875 0.5120375 0.6044265625 0.5148140625 0.6028640625 0.5157406250000001 0.6018234375 0.51805625 0.6018234375 0.5208328125 0.6020828125000001 0.5240734375 0.6028640625 0.5259265625 0.6044265625 0.527778125 0.6059890625000001 0.528240625 0.6083328125 0.528703125 0.6111984374999999 0.527778125 0.61328125 0.527778125 0.6138015625000001 0.5291671874999999 0.6153640625000001 0.53055625 0.61796875 0.5328703124999999 0.6192703125000001 0.5333328125000001 0.621875 0.533796875 0.62265625 0.534259375 0.6255203125000001 0.5351859375 0.6263015625 0.5370375000000001 0.6276046875 0.5375 0.6299484375 0.5384265625 0.63125 0.5384265625 0.6322921874999999 0.5370375000000001 0.6325515625 0.534721875 0.63203125 0.5296296875000001 0.63125 0.528240625 0.63046875 0.528240625 0.6278640625 0.5291671874999999 0.628125 0.51805625 0.59921875 0.49166718749999994 0.6002609375 0.475 0.6 0.4745375 0.5971359374999999 0.4745375 0.59609375 0.4745375 0.5947921875 0.47592656250000004
4 0.7953125 0.928703125 0.7893234375 0.9129625000000001 0.7864578125 0.89444375 0.7796875 0.8875 0.7674484374999999 0.8773140625 0.7596359374999999 0.859721875 0.7559890625000001 0.84351875 0.7466140625000001 0.8273140625 0.7361984374999999 0.81805625 0.7296875 0.8166671875 0.7239578125 0.822221875 0.728125 0.846296875 0.7372390625 0.8625 0.7388015625000001 0.86851875 0.7388015625000001 0.8777781250000001 0.74296875 0.8893515624999999 0.753125 0.9078703125 0.7609375 0.9185187499999999 0.7653640625 0.9208328124999999 0.771875 0.9268515624999999 0.77734375 0.9347218749999999 0.7966140625 0.9648140625 0.8088546875 0.9984375 0.82734375 0.9984375 0.8018234375000001 0.9509265625