4 0 0.8125 0.00234375 0.8125 0.0049479166666666664 0.817128787878788 0.010677083333333334 0.8217594696969697 0.014583333333333334 0.840278409090909 0.013020833333333334 0.8453712121212121 0.01328125 0.8532405303030304 0.01640625 0.8587954545454546 0.0203125 0.8606477272727273 0.022135416666666668 0.8652784090909091 0.0265625 0.8685189393939393 0.025 0.8726856060606061 0.028125 0.8805549242424242 0.03333333333333333 0.8833333333333333 0.15494791666666666 0.7726856060606061 0.3359375 0.6032405303030304 0.3416666666666667 0.6 0.34791666666666665 0.5893522727272728 0.35494791666666664 0.5837954545454546 0.3567708333333333 0.5796287878787878 0.3640625 0.5763882575757576 0.3671875 0.5703712121212121 0.3729166666666667 0.5666666666666667 0.37994791666666666 0.5560189393939393 0.3846354166666667 0.552314393939394 0.38671875 0.547685606060606 0.4002604166666667 0.5370378787878788 0.40208333333333335 0.5319450757575758 0.40234375 0.5254621212121212 0.3966145833333333 0.5222215909090909 0.396875 0.5171287878787878 0.3958333333333333 0.514814393939394 0.3885416666666667 0.510185606060606 0.3846354166666667 0.510185606060606 0.3809895833333333 0.5134261363636363 0.38333333333333336 0.5157405303030302 0.38203125 0.5189810606060606 0.37552083333333336 0.5180549242424243 0.37265625 0.5208333333333334 0.3690104166666667 0.5185189393939394 0.36822916666666666 0.5226856060606061 0.35130208333333335 0.5314810606060606 0.3455729166666667 0.5287045454545455 0.3455729166666667 0.5328712121212121 0.34270833333333334 0.5384261363636363 0.3375 0.5388882575757576 0.3338541666666667 0.5421287878787879 0.32395833333333335 0.557407196969697 0.31276041666666665 0.567128787878788 0.3106770833333333 0.5768522727272727 0.3046875 0.5759261363636363 0.2981770833333333 0.5787045454545454 0.2903645833333333 0.5754621212121211 0.28828125 0.577314393939394 0.28098958333333335 0.577314393939394 0.27447916666666666 0.5819450757575757 0.27109375 0.5782405303030302 0.2609375 0.5916666666666667 0.2596354166666667 0.5912045454545455 0.21822916666666667 0.6245378787878787 0.21041666666666667 0.6287045454545455 0.20390625 0.6356477272727273 0.19036458333333334 0.642592803030303 0.18515625 0.6421287878787878 0.17317708333333334 0.6458333333333334 0.16640625 0.6537045454545455 0.16197916666666667 0.6509261363636364 0.159375 0.655092803030303 0.14088541666666668 0.6657405303030304 0.13697916666666668 0.6643522727272728 0.12864583333333332 0.6694450757575757 0.12635416666666666 0.6754621212121212 0.11875 0.6749999999999999 0.1046875 0.682871212121212 0.09765625 0.6810189393939393 0.09375 0.6819450757575758 0.09270833333333334 0.6847215909090909 0.09427083333333333 0.6875 0.09375 0.6907405303030303 0.09166666666666666 0.6935189393939394 0.08776041666666666 0.692128787878788 0.0828125 0.6953712121212121 0.07786458333333333 0.6990738636363636 0.07708333333333334 0.7018522727272727 0.05390625 0.7203712121212121 0.05260416666666667 0.7180549242424242 0.050520833333333334 0.7180549242424242 0.04765625 0.7240738636363636 0.04609375 0.7393522727272727 0.04244791666666667 0.7393522727272727 0.03697916666666667 0.7333333333333333 0.03567708333333333 0.7342594696969698 0.03229166666666667 0.739814393939394 0.0328125 0.744907196969697 0.029427083333333333 0.7583333333333333 0.0140625 0.7606477272727273 0.010677083333333334 0.7620378787878788 0.009114583333333334 0.764814393939394 0.008072916666666667 0.7625000000000001 0.007291666666666667 0.7634261363636363 0.0067708333333333336 0.7740738636363637 0.002864583333333333 0.7773143939393939 0 0.7773143939393939 0 0.8125
4 0.6166666666666667 0.7759261363636364 0.6190104166666667 0.7851856060606061 0.62109375 0.7870378787878788 0.6229166666666667 0.7916666666666666 0.6276041666666666 0.7907405303030304 0.6286458333333333 0.7986117424242424 0.6328125 0.8069450757575758 0.6341145833333334 0.8180549242424242 0.6372395833333333 0.822685606060606 0.6377604166666667 0.8305549242424243 0.6401041666666667 0.8342594696969696 0.6432291666666666 0.8453712121212121 0.65546875 0.8624999999999999 0.6575520833333334 0.8722215909090909 0.6736979166666667 0.9013882575757576 0.7010416666666667 0.9412045454545455 0.70703125 0.9444450757575757 0.7106770833333333 0.9513882575757576 0.7145833333333333 0.9546287878787878 0.7177083333333333 0.9611117424242424 0.7200520833333334 0.9703712121212121 0.7200520833333334 0.9745378787878789 0.72890625 0.9810189393939392 0.734375 0.9995378787878787 0.7502604166666667 0.9995378787878787 0.7502604166666667 0.9939810606060606 0.7515625 0.9898143939393939 0.7510416666666667 0.9874999999999999 0.7520833333333333 0.9837954545454545 0.7541666666666667 0.9828712121212122 0.7559895833333333 0.9782405303030303 0.7549479166666667 0.9782405303030303 0.75078125 0.9680549242424242 0.7486979166666666 0.9546287878787878 0.74140625 0.9513882575757576 0.7375 0.9467594696969697 0.7333333333333333 0.9370378787878787 0.728125 0.932407196969697 0.7216145833333333 0.9217594696969698 0.7174479166666666 0.892592803030303 0.7135416666666666 0.890278409090909 0.7072916666666667 0.8819450757575757 0.7049479166666667 0.8736117424242424 0.6580729166666667 0.780092803030303 0.6580729166666667 0.7782405303030303 0.65234375 0.7694450757575757 0.6473958333333333 0.765278409090909 0.6421875 0.7638882575757576 0.6385416666666667 0.7574071969696969 0.6317708333333333 0.7513882575757576 0.6104166666666667 0.7069450757575757 0.6057291666666667 0.6935189393939394 0.6036458333333333 0.6912045454545455 0.5994791666666667 0.6810189393939393 0.59375 0.6736117424242424 0.5861979166666667 0.6703712121212122 0.5817708333333333 0.6662045454545454 0.5827791666666666 0.6554280303030302 0.5793041666666666 0.6426742424242424 0.5743718750000001 0.6402840909090909 0.5715697916666667 0.6408806818181818 0.5668614583333333 0.6416780303030303 0.5658854166666667 0.6435189393939394 0.5642833333333334 0.6414791666666667 0.56015625 0.6412045454545454 0.5565104166666667 0.6453712121212121 0.55703125 0.6541666666666667 0.56015625 0.6643522727272728 0.6151041666666667 0.775 0.6166666666666667 0.7759261363636364
4 0.42213541666666665 0.8814810606060607 0.43072916666666666 0.890278409090909 0.4356770833333333 0.8912045454545454 0.43854166666666666 0.8884261363636363 0.4421875 0.8759261363636364 0.44296875 0.869907196969697 0.4421875 0.8634261363636364 0.4434895833333333 0.8564810606060606 0.4390625 0.8476856060606061 0.43645833333333334 0.8375 0.4354166666666667 0.8361117424242424 0.4270833333333333 0.8370378787878788 0.42682291666666666 0.842592803030303 0.42265625 0.8490738636363636 0.4234375 0.855092803030303 0.42239583333333336 0.8564810606060606 0.42291666666666666 0.8620378787878789 0.42213541666666665 0.8671287878787879 0.4231770833333333 0.8773143939393939 0.42213541666666665 0.8814810606060607
4 0.3927083333333333 0.9601856060606061 0.39817708333333335 0.9509261363636363 0.4 0.9310189393939393 0.40625 0.9115738636363636 0.40729166666666666 0.9041666666666667 0.40651041666666665 0.8958333333333334 0.41302083333333334 0.8689810606060606 0.41458333333333336 0.8537045454545454 0.4205729166666667 0.8476856060606061 0.4236979166666667 0.8416666666666667 0.4236979166666667 0.8333333333333334 0.42213541666666665 0.8222215909090909 0.4161458333333333 0.8129621212121213 0.41171875 0.8129621212121213 0.4083333333333333 0.8180549242424242 0.40234375 0.8296287878787878 0.3997395833333333 0.8416666666666667 0.3971354166666667 0.8453712121212121 0.39427083333333335 0.8620378787878789 0.39375 0.8759261363636364 0.39088541666666665 0.8879621212121211 0.39140625 0.8907405303030302 0.3880208333333333 0.9087954545454545 0.38203125 0.9541666666666667 0.38125 0.9546287878787878 0.38177083333333334 0.9578712121212121 0.38046875 0.9629621212121212 0.3846354166666667 0.9666666666666667 0.3927083333333333 0.9601856060606061
4 0.43463541666666666 0.990278409090909 0.434375 0.9782405303030303 0.4296875 0.9689810606060606 0.42864583333333334 0.9625 0.42213541666666665 0.9578712121212121 0.41901041666666666 0.9537045454545454 0.4140625 0.955092803030303 0.4114583333333333 0.9611117424242424 0.40963541666666664 0.9703712121212121 0.40260416666666665 0.9745378787878789 0.4010416666666667 0.9800928030303031 0.39921875 0.9800928030303031 0.3963541666666667 0.9759261363636363 0.3919270833333333 0.982407196969697 0.38645833333333335 0.9861117424242425 0.3796875 0.9939810606060606 0.37942708333333336 0.9995378787878787 0.43515625 0.9995378787878787 0.4356770833333333 0.9944450757575758 0.43463541666666666 0.990278409090909
4 0.43125 0.7328712121212122 0.4354166666666667 0.7370378787878789 0.43645833333333334 0.7361117424242424 0.4359375 0.7319450757575757 0.43802083333333336 0.7245378787878788 0.4361979166666667 0.7166666666666667 0.43697916666666664 0.7125 0.44479166666666664 0.7078712121212121 0.4513020833333333 0.707407196969697 0.45546875 0.7018522727272727 0.45703125 0.6972215909090909 0.4588541666666667 0.6893522727272727 0.4591145833333333 0.6657405303030304 0.46145833333333336 0.6555549242424242 0.4625 0.6268522727272727 0.46380208333333334 0.6231477272727273 0.4635416666666667 0.6106477272727273 0.46588541666666666 0.5912045454545455 0.46510416666666665 0.5787045454545454 0.4627604166666667 0.5750000000000001 0.4591145833333333 0.5763882575757576 0.45703125 0.5791666666666667 0.4518229166666667 0.5953712121212121 0.4510416666666667 0.607407196969697 0.4479166666666667 0.6259261363636364 0.44505208333333335 0.6347215909090909 0.44453125 0.6412045454545454 0.43359375 0.6851856060606061 0.4315104166666667 0.707407196969697 0.43203125 0.7166666666666667 0.43046875 0.7240738636363636 0.43072916666666666 0.7305549242424243 0.43125 0.7328712121212122
4 0.4471041666666667 0.7930530303030303 0.45519583333333336 0.7879583333333333 0.461603125 0.7894564393939394 0.46413125 0.7825624999999999 0.46328854166666666 0.778066287878788 0.45502708333333336 0.7750700757575758 0.4498010416666667 0.7750700757575758 0.448284375 0.7690757575757576 0.44845208333333336 0.7618825757575758 0.45182395833333333 0.7543901515151514 0.45603958333333333 0.7444981060606061 0.4562072916666667 0.7352064393939395 0.45570208333333334 0.7271155303030302 0.4467666666666667 0.7346079545454546 0.44221458333333336 0.7352064393939395 0.43951666666666667 0.7316098484848486 0.4391802083333333 0.7412026515151515 0.44120312500000003 0.7495946969696969 0.44541770833333333 0.7540890151515152 0.4400229166666667 0.7558882575757575 0.4364822916666667 0.7549886363636364 0.4327739583333334 0.7498939393939394 0.4302447916666667 0.7432992424242424 0.42586145833333333 0.7436003787878788 0.42485 0.7474962121212121 0.4224895833333333 0.7579867424242424 0.4197916666666667 0.7708731060606061 0.41878020833333335 0.7786666666666667 0.424253125 0.7815208333333333 0.423878125 0.7835170454545455 0.4192916666666667 0.7898409090909091 0.41077291666666665 0.7870113636363636 0.40899375 0.7930037878787879 0.41835520833333334 0.8006590909090909 0.4252822916666667 0.7891761363636364 0.42724791666666667 0.7845151515151515 0.43479687499999997 0.7816628787878788 0.43884270833333333 0.7867594696969696 0.4391802083333333 0.7912537878787879 0.43547083333333336 0.789157196969697 0.43209895833333334 0.7930530303030303 0.43091875 0.7954507575757576 0.42569270833333334 0.79575 0.4223208333333333 0.797248106060606 0.420971875 0.8017443181818182 0.4189489583333333 0.8119356060606061 0.42350104166666663 0.8119356060606061 0.42687291666666666 0.8122348484848485 0.43243645833333333 0.8173295454545455 0.43243645833333333 0.8233238636363636 0.434628125 0.8275208333333333 0.43749375 0.8278200757575758 0.4433947916666667 0.8164299242424242 0.447609375 0.8098371212121211 0.4471041666666667 0.8041420454545455 0.4471041666666667 0.7930530303030303
4 0.5253604166666667 0.8122159090909091 0.5171864583333333 0.8041988636363637 0.5081677083333334 0.8026969696969697 0.5095770833333334 0.8117159090909091 0.5092947916666667 0.8247424242424243 0.5134416666666667 0.8221155303030303 0.5216968750000001 0.8262462121212121 0.5253604166666667 0.8217367424242424 0.5253604166666667 0.8122159090909091
4 0.5331104166666667 0.8011780303030303 0.5343677083333334 0.7962973484848485 0.5304802083333333 0.794467803030303 0.5283072916666667 0.792842803030303 0.5254489583333333 0.7826780303030303 0.5269354166666667 0.7729185606060606 0.5287645833333333 0.7708863636363636 0.5321947916666666 0.7688541666666666 0.5303656250000001 0.7619412878787879 0.525334375 0.7623484848484848 0.52053125 0.7615340909090909 0.5192739583333333 0.7578750000000001 0.521675 0.753810606060606 0.519959375 0.7477102272727273 0.522475 0.7426287878787878 0.5238479166666666 0.7338863636363637 0.5207604166666667 0.7294147727272726 0.5214458333333334 0.7222992424242425 0.5221322916666666 0.7159981060606061 0.5195020833333334 0.7117291666666666 0.5187020833333333 0.7062386363636364 0.5158427083333333 0.702376893939394 0.5142416666666667 0.7027840909090909 0.5116114583333333 0.7074583333333333 0.509896875 0.703189393939394 0.5097822916666667 0.6983106060606061 0.5082958333333333 0.6936344696969696 0.50589375 0.6887556818181818 0.5063520833333334 0.6814374999999999 0.5096677083333333 0.678590909090909 0.5094395833333334 0.6739166666666666 0.5049791666666666 0.6737121212121213 0.5013197916666666 0.6796079545454546 0.5026927083333333 0.6832670454545454 0.5016635416666666 0.6883503787878789 0.5009770833333334 0.6905852272727273 0.497546875 0.6881458333333333 0.49491666666666667 0.6936344696969696 0.496975 0.6983106060606061 0.49686041666666664 0.7042064393939395 0.50200625 0.7070530303030303 0.5034927083333334 0.7050189393939394 0.50509375 0.7068484848484848 0.5088677083333333 0.7096950757575757 0.5111541666666667 0.7117291666666666 0.5105822916666667 0.7153882575757576 0.5070374999999999 0.7133541666666667 0.504521875 0.7125416666666666 0.50120625 0.7139640151515152 0.500634375 0.7168106060606061 0.5013197916666666 0.722096590909091 0.5017770833333334 0.7249431818181817 0.500290625 0.7279924242424243 0.496975 0.7277878787878788 0.4930864583333333 0.7273825757575757 0.49114270833333334 0.7265681818181818 0.48679791666666666 0.7253484848484848 0.48348125 0.7235189393939393 0.47856458333333335 0.7200624999999999 0.4771916666666666 0.7206723484848485 0.47627708333333335 0.7395795454545454 0.4766197916666667 0.7641780303030303 0.48451041666666667 0.7686496212121212 0.48416770833333334 0.7597045454545455 0.48325208333333336 0.7471003787878788 0.48279479166666667 0.7389696969696969 0.48325208333333336 0.7322613636363636 0.48736875 0.7336837121212121 0.48851249999999996 0.7416117424242424 0.49217187500000004 0.7432386363636364 0.49594583333333336 0.7395795454545454 0.497546875 0.7462878787878788 0.494115625 0.7464905303030303 0.49114270833333334 0.7479147727272727 0.49045625000000004 0.7534034090909092 0.4929729166666667 0.7611287878787878 0.496403125 0.7690568181818183 0.500634375 0.7745454545454545 0.5030354166666666 0.775969696969697 0.506465625 0.7741382575757576 0.5111541666666667 0.7753598484848485 0.5124125 0.7769848484848485 0.51046875 0.7808484848484849 0.50818125 0.7841003787878787 0.5044072916666666 0.7859299242424242 0.503378125 0.791623106060606 0.50509375 0.794467803030303 0.5074947916666667 0.7969071969696969 0.5086385416666667 0.7989412878787879 0.5112687499999999 0.796501893939394 0.5176729166666667 0.8003636363636364 0.5246479166666667 0.7999564393939395 0.5331104166666667 0.8011780303030303
4 0.5359375 0.6421287878787878 0.53828125 0.6504621212121212 0.5421875 0.652778409090909 0.5484375 0.652778409090909 0.5526041666666667 0.65 0.5567708333333333 0.6384261363636363 0.5565104166666667 0.6342594696969697 0.5526041666666667 0.6268522727272727 0.5450520833333333 0.6236117424242424 0.5416666666666666 0.6185189393939393 0.5411458333333333 0.614814393939394 0.5322916666666667 0.6134261363636364 0.5299479166666666 0.6152784090909091 0.5286458333333334 0.6226856060606061 0.5291666666666667 0.6314810606060607 0.5325520833333334 0.6384261363636363 0.5359375 0.6421287878787878
4 0.5083333333333333 0.5601856060606061 0.5059895833333333 0.5643522727272727 0.5125 0.5759261363636363 0.5169270833333334 0.577314393939394 0.525 0.5847215909090909 0.5330729166666667 0.5879621212121212 0.5375 0.5930549242424242 0.5453125 0.597221590909091 0.5462364583333332 0.6048125 0.5484375 0.607407196969697 0.5505208333333333 0.6078712121212122 0.5546875 0.6166666666666667 0.5578125 0.6189810606060606 0.5604166666666667 0.6268522727272727 0.5625 0.6282405303030303 0.5627604166666667 0.6347215909090909 0.5640625 0.6384261363636363 0.5682291666666667 0.6407405303030302 0.575 0.6393522727272727 0.5799479166666667 0.6305549242424242 0.5799479166666667 0.6268522727272727 0.5783854166666667 0.6240738636363636 0.5731770833333333 0.6194450757575758 0.5721354166666667 0.6152784090909091 0.5703125 0.6143522727272727 0.56875 0.6106477272727273 0.56328125 0.6064810606060606 0.55859375 0.5967594696969697 0.553125 0.5939810606060606 0.5494791666666666 0.594907196969697 0.5341145833333333 0.5689810606060607 0.5330729166666667 0.5592594696969697 0.5255208333333333 0.552314393939394 0.51953125 0.5495378787878789 0.5190104166666667 0.5444450757575757 0.5174479166666667 0.5421287878787879 0.5140625 0.5435189393939394 0.51171875 0.5421287878787879 0.5098958333333333 0.5398143939393939 0.5098958333333333 0.5365738636363636 0.5067708333333333 0.5351856060606061 0.50546875 0.532407196969697 0.5018229166666667 0.530092803030303 0.4986979166666667 0.5333333333333333 0.496875 0.5398143939393939 0.49713541666666666 0.542592803030303 0.5052083333333334 0.5569450757575758 0.5083333333333333 0.5601856060606061
4 0.50703125 0.6495378787878788 0.5096354166666667 0.6435189393939394 0.5096354166666667 0.6412045454545454 0.5083333333333333 0.639814393939394 0.5013020833333334 0.640278409090909 0.49947916666666664 0.6384261363636363 0.4979166666666667 0.6291666666666667 0.49270833333333336 0.6314810606060607 0.48880208333333336 0.6407405303030302 0.48880208333333336 0.6439810606060606 0.49140625 0.6472215909090909 0.5018229166666667 0.65 0.50703125 0.6495378787878788
4 0.4977947916666666 0.6121041666666667 0.49713124999999997 0.6072367424242424 0.49530625 0.6020738636363636 0.4929 0.5988295454545455 0.48775625 0.5988295454545455 0.48858645833333336 0.6031060606060606 0.48983020833333335 0.6050246212121212 0.487590625 0.6109242424242424 0.4894989583333333 0.6122518939393939 0.49090937500000004 0.6162329545454545 0.49215312499999997 0.6199204545454545 0.495140625 0.6216912878787878 0.4967166666666667 0.6253787878787879 0.4992052083333334 0.6213958333333333 0.498790625 0.617560606060606 0.4977947916666666 0.6121041666666667
4 0.4898020833333333 0.584657196969697 0.4868645833333333 0.5880037878787879 0.48904895833333334 0.5928238636363636 0.49273854166666664 0.5918863636363637 0.49371770833333334 0.5888068181818181 0.49394374999999996 0.584657196969697 0.4898020833333333 0.584657196969697