4 0.02578125 0.9120375 0.0231765625 0.9055562500000001 0.021875 0.9032406249999999 0.01875 0.9 0.0169265625 0.8925921875 0.0140625 0.8921296875 0.00546875 0.8995374999999999 0.0015625 0.9115734375000001 0.0015625 0.9240734375 0.00390625 0.9393515625 0.0174484375 0.9282406249999999 0.0231765625 0.9254625000000001 0.025260937500000004 0.9226859375 0.026301562499999997 0.9143515624999999
4 0.04375 0.88101875 0.0393234375 0.8726859375 0.0325515625 0.8745375 0.0328125 0.8884265625 0.031770312499999995 0.8976859375 0.033332812499999996 0.9092593750000001 0.0440109375 0.908796875 0.0471359375 0.9032406249999999 0.04921875 0.897221875 0.04921875 0.8898140625
4 0.1010421875 0.8300921875 0.0971359375 0.8236109375 0.084375 0.8268515624999999 0.0796875 0.8375 0.0776046875 0.8476859375 0.078125 0.865278125 0.08203125 0.86851875 0.09505156249999999 0.858796875 0.0997390625 0.853240625 0.1026046875 0.85 0.1049484375 0.8421296875
4 0.1182296875 0.8018515624999999 0.11484375 0.808796875 0.11328125 0.8111109375 0.10234375 0.8101859375 0.1088546875 0.8268515624999999 0.1111984375 0.8375 0.1247390625 0.8324078125 0.1278640625 0.8240734375000001 0.12734375 0.8138890625 0.12421875 0.802778125
4 0.11067656249999999 0.7731484375 0.10546875 0.7689812500000001 0.1033859375 0.7740734375 0.09765625 0.7759265625 0.09609375 0.784259375 0.09609375 0.7958328125 0.09895781249999999 0.8074078124999999 0.10859375 0.8023140625 0.1122390625 0.7967593749999999 0.11588593750000001 0.790278125 0.11328125 0.78055625
4 0.2130203125 0.7226859375 0.2096359375 0.7328703125 0.21171875 0.7449078124999999 0.21875 0.746296875 0.22265625 0.7351859375 0.221875 0.7268515625 0.215625 0.7208328125000001
4 0.2643234375 0.678703125 0.26328125 0.683796875 0.2619796875 0.6898140625 0.2614578125 0.7009265625000001 0.2690109375 0.702778125 0.2736984375 0.69351875 0.2716140625 0.6819437500000001 0.26953125 0.6763890625
4 0.3 0.653703125 0.2984375 0.65555625 0.2984375 0.6620375000000001 0.2986984375 0.665278125 0.3010421875 0.6703703125 0.3026046875 0.66944375 0.3041671875 0.665740625 0.3044265625 0.658796875 0.3033859375 0.653240625
4 0.3442703125 0.5986109374999999 0.3411453125 0.6 0.3390625 0.603240625 0.3388015625 0.6083328125 0.3395828125 0.616203125 0.3447921875 0.6175921875 0.3497390625 0.6129625 0.3494796875 0.60694375 0.3473953125 0.6
4 0.3182296875 0.608796875 0.3171875 0.6143515625 0.3203125 0.61805625 0.3234375 0.6138890625 0.32265625 0.6083328125 0.3205734375 0.6083328125
4 0.3802078125 0.5916671874999999 0.3796875 0.5851859375 0.3763015625 0.5828703125 0.3744796875 0.5810187499999999 0.3716140625 0.5856484375 0.3703125 0.5898140625 0.36796875 0.5879624999999999 0.3638015625 0.59305625 0.3666671875 0.6018515625 0.36640625 0.60694375 0.36953125 0.6115734374999999 0.3716140625 0.6115734374999999 0.3760421875 0.609721875 0.3770828125 0.602778125 0.3799484375 0.5990734375
4 0.8348953124999999 0.9984375 0.8359375 0.9907406249999999 0.8330734375000001 0.9791671875000001 0.8268234375000001 0.9791671875000001 0.8236984375 0.971296875 0.81796875 0.975 0.8122390625 0.9680562500000001 0.8059890624999999 0.9643515624999999 0.8 0.966203125 0.7994796875 0.978703125 0.8013015625 0.9921296875 0.8 0.9984375 0.8205734375 0.9984375
4 0.8841140624999999 0.9984375 0.8841140624999999 0.9981484375 0.8807296875 0.9875 0.87578125 0.9824078125 0.87109375 0.9861109375 0.86953125 0.9930562500000001 0.8627609375 0.9907406249999999 0.8588546875 0.9925921875 0.85859375 0.9972218749999999 0.8658859375000001 0.9984375
4 0.7848953125 0.922221875 0.7791671874999999 0.9092593750000001 0.7763015625 0.8935187499999999 0.7791671874999999 0.8731484375 0.7723953125 0.866203125 0.76484375 0.8671296875 0.76484375 0.88055625 0.7611984374999999 0.8888890625 0.76015625 0.896296875 0.7643234375 0.9023140625 0.7666671875 0.908796875 0.76796875 0.9203703125 0.771875 0.9259265624999999 0.77109375 0.9393515625 0.7802078125 0.9458328125 0.7838546875 0.9546296875 0.78984375 0.9648140625 0.7942703125 0.9421296874999999 0.79296875 0.921759375
4 0.7544265625000001 0.8314812500000001 0.7510421875 0.8333328124999999 0.74609375 0.840278125 0.7408859375 0.8518515624999999 0.7322921874999999 0.8416671875 0.73359375 0.8333328124999999 0.7221359374999999 0.8245374999999999 0.725 0.81898125 0.7208328125000001 0.8083328125 0.7130203125000001 0.8083328125 0.7096359375 0.797221875 0.7028640625 0.7865734375 0.6955734375 0.7865734375 0.6927078125 0.8018515624999999 0.6947921874999999 0.81851875 0.6986984374999999 0.822221875 0.7033859375 0.8226859375 0.71171875 0.8365734375 0.71640625 0.8425921875 0.7221359374999999 0.8523140625 0.725 0.86851875 0.7315109375 0.8722218749999999 0.7375 0.8722218749999999 0.7401046874999999 0.88055625 0.7484375 0.8865734375000001 0.7520828125000001 0.8791671875 0.7575515625 0.8625 0.75703125 0.8449078125
4 0.6817703125000001 0.7458328125 0.6739578125000001 0.7388890625 0.6682296875 0.7425921875 0.6645828125000001 0.7384265625 0.66171875 0.73055625 0.6614578125 0.721759375 0.66328125 0.7138890625000001 0.6606765625000001 0.7064812500000001 0.6559890625 0.6958328125000001 0.6481765625 0.69351875 0.6419265625 0.6953703124999999 0.640625 0.691203125 0.6375 0.6745375 0.63359375 0.6685187499999999 0.6299484375 0.6703703125 0.62265625 0.6638890625 0.62109375 0.65 0.61875 0.6393515625 0.6125 0.6407406250000001 0.60703125 0.6407406250000001 0.603125 0.6291671875 0.5973953125 0.6236109375 0.5958328125000001 0.6166671874999999 0.5927078125 0.6046296875 0.5911453125 0.6050921875 0.5859375 0.6101859375 0.58515625 0.61805625 0.5895828125 0.6240734375 0.5924484375 0.6333328125000001 0.5953125 0.641203125 0.5997390625000001 0.653703125 0.603125 0.6578703124999999 0.6067703125 0.659259375 0.6098953125000001 0.6638890625 0.6122390625 0.6703703125 0.6192703125000001 0.6763890625 0.6234375 0.6865734375 0.6260421875 0.6953703124999999 0.6268234374999999 0.7 0.63359375 0.7046296875 0.6354171875 0.7101859375 0.6403640625 0.7208328125000001 0.6432296875 0.7259265625 0.6518234374999999 0.728240625 0.6526046875 0.7384265625 0.65234375 0.7476859375 0.66171875 0.75648125 0.6627609375 0.7620375 0.6674484374999999 0.771296875 0.6736984374999999 0.7745375 0.6768234375 0.783796875 0.6861984375 0.7875 0.6893234374999999 0.7768515625 0.6859375 0.7615734375
4 0.5846359375 0.5925921875 0.5828125 0.5875 0.5807296875 0.5833328125 0.5783859375 0.5791671875 0.578125 0.5768515625 0.57890625 0.575 0.57890625 0.56898125 0.57890625 0.5648140625 0.5770828125 0.5638890625 0.5739578125 0.5606484375 0.5731765625 0.55555625 0.5731765625 0.5513890625 0.5705734375 0.5486109375 0.5671875 0.547221875 0.5658859374999999 0.547221875 0.565625 0.546296875 0.5643234374999999 0.5421296875 0.56171875 0.5421296875 0.5588546875 0.5416671875 0.55703125 0.5398140625 0.5557296875 0.54305625 0.5557296875 0.5453703125 0.5572921875 0.5509265625 0.55625 0.553240625 0.5583328125 0.558796875 0.56015625 0.5620375 0.5611984375 0.5648140625 0.5630203125000001 0.5708328125000001 0.5640625 0.578703125 0.5671875 0.5810187499999999 0.5692703125 0.583796875 0.5697921874999999 0.5865734375 0.57109375 0.590740625 0.5731765625 0.59398125 0.5747390625000001 0.5949078125 0.5768234375 0.5953703124999999 0.5770828125 0.5986109374999999 0.5778640625 0.6023140625 0.5825515625000001 0.6023140625 0.5861984375 0.6 0.5864578125000001 0.5976859375
4 0.9984375 0.6773140625 0.94296875 0.653703125 0.87578125 0.6273140625 0.7950515625000001 0.5949078125 0.7255203125 0.566203125 0.68359375 0.5486109375 0.6408859375 0.527778125 0.6286453125 0.522221875 0.6223953125 0.51805625 0.6184890625 0.515278125 0.615625 0.5111109375 0.6151046874999999 0.5074078125 0.6171875 0.5041671875 0.6208328125 0.5027781250000001 0.6236984375 0.5018515625 0.62265625 0.4995375 0.61875 0.4995375 0.6135421875 0.5018515625 0.6098953125000001 0.503703125 0.6072921874999999 0.5078703124999999 0.6080734375 0.5125 0.6122390625 0.5175921875 0.621875 0.5254624999999999 0.6278640625 0.5291671874999999 0.63125 0.53101875 0.63359375 0.5324078125 0.6809890625 0.5574078124999999 0.76484375 0.596759375 0.8510421875 0.6365734375 0.94453125 0.678703125 0.9984375 0.7046296875