4 0.8361984375 0.9984375 0.8354171875 0.9967593750000001 0.8346359375000001 0.9925921875 0.8341140625 0.9819437499999999 0.8388015624999999 0.9731484375000001 0.83359375 0.96851875 0.83203125 0.9703703125 0.8302078125 0.9675921875 0.8294265624999999 0.959721875 0.8294265624999999 0.9583328124999999 0.82890625 0.9444437499999999 0.82109375 0.94398125 0.8177078124999999 0.9476859375 0.8166671875 0.9546296875 0.81875 0.9550921875 0.82109375 0.9564812500000001 0.8205734375 0.9615734375 0.81953125 0.96898125 0.8190109375000001 0.9717593750000001 0.8130203125 0.9731484375000001 0.8109375 0.9759265625 0.8098953124999999 0.9884265624999999 0.8106765625 0.9984375 0.8346359375000001 0.9984375
4 0.7942703125 0.99398125 0.7973953125000001 0.9875 0.7984375 0.9814812500000001 0.7966140625 0.9740734375000001 0.7981765625 0.959259375 0.79375 0.9564812500000001 0.7942703125 0.9550921875 0.7934890625000001 0.9476859375 0.784375 0.9416671875 0.78203125 0.9458328125 0.78046875 0.9504625000000001 0.7783859375 0.9541671875000001 0.7770828125 0.958796875 0.7765625 0.96851875 0.7765625 0.9731484375000001 0.7747390625 0.9810187499999999 0.7729171874999999 0.9888890625 0.7760421875 0.9916671875 0.7825515625 0.9958328125 0.7859375 0.9967593750000001 0.7924484374999999 0.9958328125
4 0.7752609374999999 0.941203125 0.7768234374999999 0.9393515625 0.7817703125000001 0.9370375 0.78203125 0.9351859375 0.7825515625 0.93101875 0.7838546875 0.9231484375000001 0.7846359374999999 0.9185187499999999 0.7856765625000001 0.9125 0.7864578125 0.9050921875 0.7861984375 0.8986109375 0.7841140625 0.896759375 0.7830734374999999 0.8953703125000001 0.7815109375 0.8898140625 0.77890625 0.883796875 0.77734375 0.8824078125 0.77421875 0.883796875 0.771875 0.8851859375 0.7692703125 0.8851859375 0.7669265625 0.8870374999999999 0.7640625 0.8856484375000001 0.7619796875 0.8842593750000001 0.7588546875 0.8865734375000001 0.7572921874999999 0.890740625 0.7575515625 0.896759375 0.7580734375 0.9032406249999999 0.7583328125000001 0.9078703125 0.75859375 0.915278125 0.759375 0.9208328124999999 0.7591140625 0.9254625000000001 0.7591140625 0.928703125 0.7596359374999999 0.9333328125 0.75859375 0.9402781250000001 0.7578125 0.946296875 0.7575515625 0.9523140625 0.7596359374999999 0.9560187499999999 0.7604171875 0.9578703125000001 0.7619796875 0.9541671875000001 0.7684890625 0.952778125 0.7723953125 0.9490734375000001 0.77421875 0.94305625
4 0.75390625 0.8865734375000001 0.7533859374999999 0.88101875 0.7489578125 0.8768515625 0.7450515625 0.8759265624999999 0.7419265625 0.875 0.7416671874999999 0.871296875 0.7434890625 0.8643515624999999 0.746875 0.859721875 0.7481765625000001 0.853703125 0.74453125 0.8476859375 0.7434890625 0.8458328125 0.740625 0.8416671875 0.7372390625 0.8379625 0.7322921874999999 0.8361109375 0.73046875 0.8226859375 0.7294265625 0.8199078125 0.72890625 0.8120375 0.72890625 0.8055562500000001 0.7286453125000001 0.7967593749999999 0.72734375 0.790740625 0.725 0.790740625 0.7231765625000001 0.790740625 0.72109375 0.790278125 0.71796875 0.790278125 0.7161453125 0.7898140625 0.71015625 0.7856484375 0.7057296875 0.783796875 0.7020828125 0.7879625 0.6981765625 0.7879625 0.6947921874999999 0.7879625 0.6934890625000001 0.78101875 0.6908859374999999 0.7754624999999999 0.6877609375 0.771296875 0.6861984375 0.7629625 0.6861984375 0.75648125 0.6861984375 0.7481484375 0.6859375 0.74351875 0.6856765625000001 0.7310187499999999 0.6833328125 0.7259265625 0.68203125 0.7236109374999999 0.6786453125 0.71944375 0.6763015625000001 0.71851875 0.6723953125000001 0.71851875 0.6677078125 0.71944375 0.6669265625 0.7203703124999999 0.6640625 0.7208328125000001 0.6609375 0.721296875 0.659375 0.7203703124999999 0.6588546875 0.71851875 0.6552078125 0.7064812500000001 0.6528640625000001 0.7004625 0.6502609374999999 0.6930562499999999 0.6484375 0.6875 0.6455734375 0.6856484375 0.6416671875 0.6824078124999999 0.6393234375 0.68101875 0.6356765625 0.678240625 0.6322921874999999 0.6754625 0.63046875 0.6736109375 0.6286453125 0.66805625 0.6268234374999999 0.6648140625 0.6252609375 0.6620375000000001 0.625 0.6620375000000001 0.6223953125 0.6625 0.6205734374999999 0.6611109374999999 0.6200515625 0.6574078125 0.6200515625 0.6523140625 0.6200515625 0.6476859375 0.6192703125000001 0.6407406250000001 0.61875 0.6370375 0.6177078125000001 0.634259375 0.6158859375 0.63101875 0.61484375 0.6300921875000001 0.6130203125 0.628703125 0.60859375 0.6259265625 0.60625 0.625 0.60234375 0.6245375 0.6005203125 0.6236109375 0.5994796874999999 0.621759375 0.5981765625000001 0.6171296875000001 0.5973953125 0.615278125 0.59609375 0.6138890625 0.5940109375 0.6134265625 0.59296875 0.6106484375 0.5932296874999999 0.6046296875 0.59296875 0.6018515625 0.5911453125 0.5990734375 0.58828125 0.5976859375 0.58671875 0.5976859375 0.5841140625000001 0.597221875 0.5822921875 0.596759375 0.5809890625 0.59398125 0.58046875 0.590740625 0.58046875 0.5875 0.5783859375 0.58055625 0.5763015625000001 0.5763890625 0.571875 0.5810187499999999 0.5700515625 0.5828703125 0.5671875 0.5865734375 0.5692703125 0.59398125 0.5716140625 0.5981484375 0.571875 0.6023140625 0.5752609375 0.6060187499999999 0.57890625 0.6120375 0.57890625 0.6148140625 0.58203125 0.61851875 0.5856765625 0.6231484375 0.5859375 0.625 0.5864578125000001 0.6296296875 0.59375 0.6384265625000001 0.5950515625 0.6439812500000001 0.5963546875 0.65 0.5981765625000001 0.65555625 0.60234375 0.6578703124999999 0.6067703125 0.6620375000000001 0.60859375 0.6648140625 0.6140625 0.6726859375 0.6145828125 0.6768515625 0.6166671874999999 0.683796875 0.6182296875 0.6893515625 0.6208328125 0.6930562499999999 0.6244796874999999 0.69444375 0.6270828125000001 0.696296875 0.62890625 0.7009265625000001 0.6291671875 0.7032406250000001 0.6354171875 0.7078703125 0.6393234375 0.7083328125 0.6424484374999999 0.7106484375 0.6424484374999999 0.7138890625000001 0.6481765625 0.7361109375 0.65078125 0.7449078124999999 0.6552078125 0.753240625 0.6583328125000001 0.759721875 0.6609375 0.7638890625 0.6658859374999999 0.76805625 0.6705734375 0.7708328125 0.6729171875 0.78101875 0.6744796875 0.7925921875 0.6786453125 0.7976859375 0.68359375 0.80601875 0.6875 0.80694375 0.6901046875 0.8175921875000001 0.6921875 0.8236109375 0.6981765625 0.8291671875000001 0.7002609375 0.8291671875000001 0.7020828125 0.833796875 0.7020828125 0.8407406249999999 0.703125 0.8481484375000001 0.7078125 0.85555625 0.7106765625 0.8569437499999999 0.7161453125 0.859259375 0.7190109375 0.85555625 0.721875 0.85555625 0.7229171875 0.8601859375 0.7216140625 0.8643515624999999 0.7169265625000001 0.8680562500000001 0.7145828125 0.8722218749999999 0.7171875 0.8768515625 0.7184890625 0.8856484375000001 0.7221359374999999 0.890740625 0.72890625 0.890740625 0.7390625 0.9 0.7471359375 0.8986109375 0.75078125 0.8986109375 0.75234375 0.8935187499999999
4 0.5731765625 0.5773140625 0.5744796875 0.575 0.5747390625000001 0.5726859375 0.5734375 0.5703703124999999 0.5729171875 0.5652781250000001 0.5723953125000001 0.5620375 0.5721359374999999 0.559259375 0.571875 0.5550921875 0.5713546875 0.553240625 0.5684890625000001 0.552778125 0.5674484375 0.547221875 0.5666671875 0.5453703125 0.5635421875 0.540740625 0.5609375 0.5379625 0.5604171874999999 0.5379625 0.5583328125 0.5379625 0.5567703125000001 0.5361109374999999 0.55546875 0.533796875 0.5528640625000001 0.534721875 0.5515625 0.5388890625 0.5528640625000001 0.5439812500000001 0.55390625 0.5495375 0.5544265625 0.553703125 0.5544265625 0.5574078124999999 0.5557296875 0.5606484375 0.5578125 0.5634265625 0.5591140625000001 0.5666671875 0.5606765625000001 0.56898125 0.56171875 0.5731484375 0.5635421875 0.5768515625 0.5684890625000001 0.5782406250000001 0.57109375 0.578703125
4 0.9984375 0.7828703124999999 0.9973953124999999 0.7800921875 0.996875 0.7796296875000001 0.9911453124999999 0.78194375 0.9903640625 0.784721875 0.98984375 0.7893515625 0.9901046875 0.7916671875 0.9903640625 0.7958328125 0.9890625 0.7995375 0.9875 0.8018515624999999 0.98671875 0.8092593750000001 0.9901046875 0.8115734375000001 0.99296875 0.8115734375000001 0.9950515624999999 0.8120375 0.996875 0.8157406249999999 0.9984375 0.8138890625
4 0.9927078125 0.71898125 0.99140625 0.71898125 0.9888015625 0.7199078125 0.9859375 0.722221875 0.984375 0.725 0.98203125 0.727778125 0.98125 0.73194375 0.9815109375000001 0.7351859375 0.9846359375 0.7384265625 0.9934890624999999 0.740740625 0.9963546875 0.7421296875000001 0.9984375 0.74351875 0.9984375 0.7333328125 0.9984375 0.7291671875 0.9973953124999999 0.722221875
4 0.97578125 0.7046296875 0.9729171875 0.7041671875 0.9708328125 0.7023140625 0.9674484375000001 0.7023140625 0.96484375 0.703703125 0.9640625 0.7050921875 0.9625 0.7050921875 0.9583328124999999 0.7060187499999999 0.9575515625 0.7074078125 0.9565109375 0.7106484375 0.9557296875000001 0.7171296875000001 0.9572921875 0.7203703124999999 0.9596359375000001 0.722221875 0.9640625 0.7226859375 0.9669265625 0.722221875 0.9682296875 0.721759375 0.9716140624999999 0.7236109374999999 0.9747390625 0.7259265625 0.978125 0.7268515625 0.9828125 0.725 0.984375 0.7208328125000001 0.984375 0.71944375 0.9830734375000001 0.7129624999999999 0.9809890625 0.7106484375 0.97890625 0.7050921875
4 0.9450515625 0.6976859375 0.9434890625 0.6949078125 0.9388015624999999 0.69444375 0.9361984375000001 0.69444375 0.9333328125 0.6949078125 0.9307296875000001 0.697221875 0.9291671875 0.7032406250000001 0.9291671875 0.70694375 0.9315109375 0.7129624999999999 0.9338546875 0.7138890625000001 0.9401046875000001 0.7143515625 0.94375 0.7138890625000001 0.9450515625 0.7101859375 0.9463546875000001 0.70694375 0.9463546875000001 0.7023140625
4 0.8067703125 0.6671296875 0.8049484375 0.665740625 0.803125 0.6648140625 0.79921875 0.6648140625 0.7971359375 0.6689812500000001 0.7966140625 0.6745375 0.7981765625 0.68148125 0.80234375 0.6833328125 0.8067703125 0.6828703125 0.80859375 0.678703125 0.8088546875 0.675
4 0.6513015625 0.55648125 0.6489578125000001 0.55648125 0.6484375 0.5583328125 0.6481765625 0.5606484375 0.64609375 0.5620375 0.64453125 0.5615734375 0.64296875 0.5620375 0.6416671875 0.56851875 0.6421875 0.5703703124999999 0.6455734375 0.5736109375 0.6489578125000001 0.5736109375 0.65234375 0.5740734375 0.6546875 0.577778125 0.6557296874999999 0.58194375 0.6578125 0.584259375 0.6625 0.5856484375 0.66640625 0.5856484375 0.6703125 0.5870375 0.6723953125000001 0.5888890625000001 0.6723953125000001 0.59305625 0.6747390625 0.5958328125000001 0.67890625 0.596296875 0.6856765625000001 0.5953703124999999 0.68359375 0.5898140625 0.6799484375 0.5875 0.67421875 0.5856484375 0.6744796875 0.5824078125 0.6768234375 0.58055625 0.67890625 0.5810187499999999 0.6809890625 0.58194375 0.6841140625000001 0.5828703125 0.6872390625 0.58194375 0.6927078125 0.5773140625 0.69296875 0.575 0.6927078125 0.5699078125 0.68671875 0.565740625 0.68515625 0.5666671875 0.6830734374999999 0.5675921875000001 0.6763015625000001 0.56851875 0.6755203125 0.565740625 0.6744796875 0.5648140625 0.6723953125000001 0.5629625 0.66875 0.5629625 0.6671875 0.5638890625 0.6640625 0.5634265625 0.6622390625000001 0.5625 0.66171875 0.5569437500000001 0.6578125 0.55601875 0.65703125 0.553240625 0.6546875 0.5550921875 0.6541671874999999 0.55648125 0.65234375 0.5574078124999999
4 0.7125 0.5986109374999999 0.7138015625 0.5995375000000001 0.7197921875 0.596759375 0.7205734374999999 0.5958328125000001 0.7221359374999999 0.5921296875000001 0.7221359374999999 0.5916671874999999 0.7216140625 0.5870375 0.7192703125000001 0.583796875 0.7171875 0.5828703125 0.71328125 0.5824078125 0.7114578125000001 0.5851859375 0.7088546874999999 0.5875 0.71015625 0.59305625
4 0.7263015625 0.6078703125 0.7260421874999999 0.6064812500000001 0.7236984375 0.6064812500000001 0.7221359374999999 0.6064812500000001 0.7205734374999999 0.603703125 0.7182296874999999 0.603703125 0.7158859375 0.60555625 0.7158859375 0.6078703125 0.7145828125 0.6101859375 0.71328125 0.6125 0.7138015625 0.6222218749999999 0.7166671874999999 0.6222218749999999 0.721875 0.6240734375 0.7239578125 0.6222218749999999 0.7247390625000001 0.61805625
4 0.7434890625 0.608796875 0.7484375 0.6120375 0.7486984375 0.6125 0.7526046875 0.6148140625 0.7588546875 0.6194437500000001 0.7614578125 0.6203703125 0.76640625 0.621759375 0.7729171874999999 0.6236109375 0.771875 0.6171296875000001 0.771875 0.6138890625 0.7723953125 0.6078703125 0.771875 0.60694375 0.7666671875 0.6046296875 0.7658859375 0.6046296875 0.7630203125 0.6013890625 0.7614578125 0.6 0.7565109375 0.5986109374999999 0.7510421875 0.5986109374999999 0.7479171874999999 0.6 0.7466140625000001 0.6 0.7442703125000001 0.5949078125 0.7369796875 0.59444375 0.7341140625 0.596296875 0.7315109375 0.5986109374999999 0.7328125 0.603240625 0.73515625 0.60555625 0.7411453125 0.6078703125
4 0.76796875 0.6291671875 0.7669265625 0.6263890625 0.7661453125000001 0.6245375 0.7625 0.6226859375 0.7598953125000001 0.6240734375 0.7596359374999999 0.6263890625 0.75859375 0.6324078125 0.7614578125 0.6365734375 0.76484375 0.6365734375 0.76640625 0.6365734375 0.7684890625 0.6333328125000001
4 0.7567703125 0.634721875 0.7552078125 0.6328703124999999 0.753125 0.63148125 0.7515625 0.63101875 0.7489578125 0.63101875 0.7458328125 0.634259375 0.74453125 0.6425921875 0.7455734374999999 0.6449078125 0.7494796874999999 0.6476859375 0.7518234374999999 0.6486109375 0.7567703125 0.6486109375 0.75625 0.6449078125 0.75703125 0.641203125
4 0.7455734374999999 0.6273140625 0.7486984375 0.6259265625 0.7489578125 0.6203703125 0.7455734374999999 0.6166671874999999 0.74375 0.615740625 0.7427078125000001 0.615740625 0.7395828125 0.6125 0.7372390625 0.6129625 0.73359375 0.615278125 0.7309890625000001 0.6175921875 0.73046875 0.6222218749999999 0.7286453125000001 0.628240625 0.7294265625 0.6324078125 0.7296875 0.6333328125000001 0.7338546874999999 0.6365734375 0.7364578125000001 0.6356484375 0.7416671874999999 0.6328703124999999 0.7432296875 0.6296296875 0.74453125 0.6277781250000001
4 0.7877609375 0.6731484375 0.7908859374999999 0.6699078125 0.7932296875 0.666203125 0.7932296875 0.6620375000000001 0.7921875 0.6583328125000001 0.7901046875 0.6541671874999999 0.7856765625000001 0.6509265625 0.7822921875 0.65 0.7791671874999999 0.6495375 0.7778640625000001 0.6495375 0.77265625 0.6504624999999999 0.7721359375 0.653240625 0.7731765625 0.6648140625 0.7731765625 0.665740625 0.77734375 0.666203125 0.7815109375 0.66805625 0.7817703125000001 0.6689812500000001 0.7830734374999999 0.6717593749999999
4 0.8989578125 0.721759375 0.89765625 0.7175921875 0.890625 0.7115734375 0.88828125 0.7078703125 0.8747390625 0.708796875 0.8747390625 0.7134265625 0.8729171875 0.7245375000000001 0.8736984375000001 0.7310187499999999 0.8791671875 0.7314812500000001 0.8833328125 0.7370375 0.8908859375 0.7421296875000001 0.8981765625 0.7421296875000001 0.8997390624999999 0.7375
4 0.02421875 0.858796875 0.0161453125 0.846296875 0.009375 0.8425921875 0.005207812500000001 0.8458328125 0.0046875 0.8601859375 0.0098953125 0.875 0.01640625 0.8763890625 0.0229171875 0.8731484375 0.0239578125 0.8666671875
4 0.0786453125 0.8699078124999999 0.0770828125 0.859721875 0.0684890625 0.8550921875 0.06380156249999999 0.8583328124999999 0.0614578125 0.8638890625 0.0583328125 0.86944375 0.05390625 0.8745375 0.0596359375 0.88055625 0.06328125 0.88055625 0.0731765625 0.8768515625
4 0.0661453125 0.771296875 0.0658859375 0.7629625 0.065625 0.7611109375 0.0645828125 0.746296875 0.0630203125 0.74398125 0.059375 0.7398140625 0.0559890625 0.740278125 0.052604687500000004 0.7458328125 0.048698437500000004 0.7509265625 0.0471359375 0.7527781250000001 0.0453125 0.7555562499999999 0.040885937500000004 0.758796875 0.038542187500000005 0.7615734375 0.0377609375 0.7689812500000001 0.040885937500000004 0.7759265625 0.0497390625 0.78101875 0.0549484375 0.78101875 0.0622390625 0.7763890625000001
4 0.08854218750000001 0.80648125 0.0877609375 0.7953703125 0.0828125 0.7925921875 0.0770828125 0.79444375 0.071875 0.7981484375 0.06901093750000001 0.8041671875 0.06796875 0.8111109375 0.06796875 0.8203703125 0.0684890625 0.828240625 0.0734375 0.8314812500000001 0.075 0.828703125 0.08072968750000001 0.8300921875 0.0848953125 0.8273140625 0.0875 0.8148140625
4 0.12239531249999999 0.7791671874999999 0.1231765625 0.7888890625 0.12578125 0.7935187499999999 0.1296875 0.7967593749999999 0.1359375 0.7976859375 0.140625 0.7958328125 0.1440109375 0.791203125 0.13828125 0.783796875 0.1385421875 0.771759375 0.1361984375 0.7689812500000001 0.12734375 0.771759375
4 0.159375 0.7648140625 0.1533859375 0.765278125 0.15 0.7726859375 0.14921875 0.7773140625 0.1515625 0.784259375 0.15234375 0.790278125 0.1549484375 0.7939812500000001 0.16171875 0.7958328125 0.1643234375 0.784721875 0.1661453125 0.7773140625 0.1622390625 0.766203125
4 0.1541671875 0.733796875 0.1552078125 0.7273140625 0.1544265625 0.7199078125 0.1533859375 0.716203125 0.15 0.7111109375 0.1466140625 0.7078703125 0.1408859375 0.6995375 0.1369796875 0.7004625 0.1361984375 0.7083328125 0.14140625 0.716203125 0.1434890625 0.71944375 0.1455734375 0.7236109374999999 0.1463546875 0.7333328125 0.14921875 0.7361109375 0.1510421875 0.7361109375
4 0.28203125 0.6888890625 0.2830734375 0.6828703125 0.28125 0.678703125 0.2744796875 0.672221875 0.2705734375 0.6740734374999999 0.2674484375 0.6768515625 0.265625 0.6791671874999999 0.2622390625 0.6875 0.2598953125 0.6986109375 0.2598953125 0.702778125 0.2619796875 0.7064812500000001 0.2700515625 0.7013890625 0.2752609375 0.696296875 0.27890625 0.69398125
4 0.1971359375 0.7203703124999999 0.1984375 0.715740625 0.1973953125 0.7101859375 0.1955734375 0.7064812500000001 0.1885421875 0.70555625 0.1854171875 0.7074078125 0.1856765625 0.7120375 0.1877609375 0.71851875 0.1932296875 0.7245375000000001 0.1950515625 0.7240734375
4 0.2036453125 0.7134265625 0.2075515625 0.7134265625 0.21015625 0.7134265625 0.2114578125 0.716203125 0.215625 0.7171296875000001 0.2169265625 0.7129624999999999 0.21796875 0.70555625 0.21796875 0.702778125 0.2158859375 0.6949078125 0.21328125 0.691203125 0.21015625 0.6898140625 0.2057296875 0.6884265625 0.2036453125 0.6851859375 0.2020828125 0.6851859375 0.1986984375 0.6893515625 0.1973953125 0.6925921875000001 0.1971359375 0.696296875 0.19921875 0.702778125 0.19921875 0.7060187499999999 0.20078125 0.7101859375
4 0.2575515625 0.6828703125 0.2604171875 0.6824078124999999 0.2630203125 0.6773140625 0.26328125 0.6717593749999999 0.2598953125 0.665740625 0.25859375 0.6620375000000001 0.2559890625 0.6611109374999999 0.2528640625 0.6629625 0.2518234375 0.6699078125 0.2520828125 0.675 0.253125 0.678703125 0.2544265625 0.68148125
4 0.32109375 0.64305625 0.3182296875 0.6416671875 0.3158859375 0.6407406250000001 0.3135421875 0.6398140625 0.3125 0.6435187499999999 0.3135421875 0.6476859375 0.3153640625 0.6583328125000001 0.3192703125 0.65694375 0.32265625 0.6541671874999999 0.3223953125 0.646759375
4 0.3091140625 0.63194375 0.3122390625 0.63194375 0.3145828125 0.63194375 0.3177078125 0.628703125 0.31640625 0.625 0.3130203125 0.6254625 0.3109375 0.625 0.3096359375 0.621759375 0.3075515625 0.6208328125 0.3036453125 0.6199078124999999 0.30078125 0.6199078124999999 0.2994796875 0.6226859375 0.3013015625 0.6273140625 0.3026046875 0.6305562499999999 0.3065109375 0.63194375
4 0.3484375 0.6305562499999999 0.3484375 0.6254625 0.3471359375 0.6208328125 0.34375 0.61898125 0.3388015625 0.6199078124999999 0.3369796875 0.6231484375 0.3348953125 0.6268515625 0.3348953125 0.633796875 0.3380203125 0.6375 0.3427078125 0.6375 0.34609375 0.634721875
4 0.365625 0.5893515625 0.3666671875 0.583796875 0.3651046875 0.5814812500000001 0.3627609375 0.5810187499999999 0.3611984375 0.5814812500000001 0.3604171875 0.584721875 0.3606765625 0.5884265625 0.3614578125 0.590278125 0.36328125 0.590740625