4 0.0684890625 0.8513890625 0.06484375 0.846296875 0.0611984375 0.8421296875 0.0572921875 0.8421296875 0.0518234375 0.8481484375000001 0.0505203125 0.8560187499999999 0.0546875 0.8666671875 0.056770312499999996 0.8773140625 0.0609375 0.8773140625 0.07161406249999999 0.8726859375 0.07161406249999999 0.8648140625
4 0.030207812499999997 0.8416671875 0.0229171875 0.8518515624999999 0.0171875 0.8430562500000001 0.0091140625 0.8379625 0.0041671875 0.8430562500000001 0.0036453125 0.8611109375 0.0078125 0.8740734375000001 0.0109375 0.871296875 0.01875 0.8699078124999999 0.0197921875 0.8754625 0.021875 0.8791671875 0.029426562499999996 0.8842593750000001 0.0393234375 0.8745375 0.0403640625 0.8583328124999999
4 0 0.8398140625 0.0015625 0.8416671875 0.0096359375 0.8379625 0.0109375 0.8333328124999999 0.0169265625 0.8166671875 0.029426562499999996 0.8092593750000001 0.0338546875 0.8055562500000001 0.0348953125 0.8009265624999999 0.034635937500000005 0.79444375 0.0325515625 0.7856484375 0.028125 0.778240625 0.026301562499999997 0.784721875 0.027082812499999998 0.7921296875 0.0247390625 0.7990734374999999 0.0205734375 0.8004625000000001 0.01015625 0.7976859375 0.0098953125 0.80694375 0.0059890625000000005 0.808796875 0 0.8101859375 0 0.8199078125
4 0.0723953125 0.759721875 0.0684890625 0.7620375 0.06770781249999999 0.771296875 0.0692703125 0.778240625 0.0723953125 0.7828703124999999 0.08203125 0.7759265625 0.0796875 0.7643515625
4 0.1338546875 0.771296875 0.1317703125 0.7763890625000001 0.13125 0.7824078125 0.1390625 0.7875 0.14296875 0.7800921875 0.13828125 0.771759375
4 0.16015625 0.7370375 0.1557296875 0.727778125 0.1466140625 0.7291671875 0.1427078125 0.7310187499999999 0.1361984375 0.7356484375 0.1330734375 0.7449078124999999 0.1354171875 0.7518515625 0.1401046875 0.758796875 0.14375 0.7601859375 0.15859375 0.7555562499999999 0.1583328125 0.7472218749999999
4 0.1830734375 0.765278125 0.1807296875 0.7601859375 0.1778640625 0.7555562499999999 0.1729171875 0.7546296875 0.1721359375 0.7555562499999999 0.1703125 0.7685187499999999 0.1697921875 0.7768515625 0.17421875 0.784721875 0.1752609375 0.7856484375 0.1825515625 0.7791671874999999 0.1830734375 0.7675921875
4 0.1921875 0.7486109375 0.1903640625 0.7486109375 0.1861984375 0.7518515625 0.1841140625 0.75694375 0.1841140625 0.7675921875 0.1872390625 0.7763890625000001 0.1989578125 0.765278125 0.1997390625 0.7555562499999999
4 0.2203125 0.727778125 0.215625 0.7240734375 0.2135421875 0.7268515625 0.2138015625 0.7310187499999999 0.2119796875 0.7370375 0.2114578125 0.746759375 0.2119796875 0.7518515625 0.2145828125 0.7518515625 0.2244796875 0.7393515625 0.2229171875 0.7361109375
4 0.2192703125 0.6995375 0.21640625 0.69444375 0.21015625 0.69444375 0.20703125 0.7004625 0.20859375 0.7078703125 0.209375 0.7148140625 0.2109375 0.7175921875 0.21640625 0.7175921875 0.2229171875 0.715740625 0.221875 0.709259375
4 0.2916671875 0.6638890625 0.2880203125 0.6634265625 0.2841140625 0.665740625 0.2825515625 0.675 0.2833328125 0.6791671874999999 0.2854171875 0.6824078124999999 0.2875 0.6824078124999999 0.2932296875 0.68055625 0.2932296875 0.6759265625
4 0.3419265625 0.6175921875 0.3393234375 0.6208328125 0.3388015625 0.6291671875 0.3390625 0.6333328125000001 0.34296875 0.634721875 0.346875 0.6263890625 0.3432296875 0.6171296875000001
4 0.3161453125 0.633796875 0.3143234375 0.6407406250000001 0.3143234375 0.6435187499999999 0.3104171875 0.653240625 0.3104171875 0.6601859375 0.3153640625 0.658796875 0.3169265625 0.658796875 0.3197921875 0.65648125 0.3252609375 0.6476859375 0.3234375 0.6356484375
4 0.27890625 0.6351859375 0.275 0.6398140625 0.2744796875 0.646759375 0.2783859375 0.6509265625 0.2807296875 0.6509265625 0.2815109375 0.65 0.2872390625 0.6425921875 0.2861984375 0.6393515625
4 0.3505203125 0.5898140625 0.3484375 0.5898140625 0.3458328125 0.5916671874999999 0.3458328125 0.5953703124999999 0.346875 0.5990734375 0.3479171875 0.5995375000000001 0.3513015625 0.6009265625 0.3515625 0.5958328125000001
4 0.3622390625 0.5810187499999999 0.3596359375 0.5810187499999999 0.3572921875 0.5824078125 0.3559890625 0.5865734375 0.3591140625 0.590278125 0.3598953125 0.590278125 0.3635421875 0.5861109375 0.3635421875 0.5851859375
4 0.3713546875 0.5893515625 0.36875 0.5824078125 0.36640625 0.583796875 0.36484375 0.5870375 0.3643234375 0.59305625 0.3651046875 0.597221875 0.3684890625 0.5976859375 0.371875 0.5953703124999999 0.3713546875 0.59351875
4 0.3986984375 0.578703125 0.39765625 0.5736109375 0.3955734375 0.571759375 0.39296875 0.56944375 0.3919265625 0.575 0.3911453125 0.5754625 0.3890625 0.5763890625 0.3861984375 0.58055625 0.3875 0.583796875 0.3875 0.5870375 0.3890625 0.5916671874999999 0.39140625 0.59398125 0.3986984375 0.5865734375 0.3986984375 0.5824078125
4 0.8166671875 0.9814812500000001 0.8190109375000001 0.96898125 0.8190109375000001 0.959259375 0.8177078124999999 0.9384265624999999 0.8138015624999999 0.9083328125 0.8049484375 0.8925921875 0.79375 0.8958328124999999 0.78828125 0.8884265625 0.77421875 0.890278125 0.76953125 0.8861109375 0.76484375 0.8777781250000001 0.7619796875 0.8708328125 0.7401046874999999 0.8495375 0.7361984374999999 0.8541671875000001 0.7354171875 0.8777781250000001 0.7372390625 0.8986109375 0.7442703125000001 0.90648125 0.74609375 0.9115734375000001 0.7520828125000001 0.9273140625 0.7596359374999999 0.9393515625 0.7619796875 0.94351875 0.76796875 0.94351875 0.7703125 0.9523140625 0.771875 0.959259375 0.7783859375 0.9708328125 0.77890625 0.9814812500000001 0.7861984375 0.9888890625 0.80078125 0.9824078125 0.803125 0.984259375
4 0.734375 0.8125 0.7338546874999999 0.7925921875 0.7213546875 0.78194375 0.7161453125 0.7851859375 0.7114578125000001 0.784259375 0.6979171875 0.7796296875000001 0.68984375 0.791203125 0.6885421875 0.8004625000000001 0.68984375 0.8125 0.6979171875 0.825 0.70390625 0.840278125 0.7138015625 0.8486109374999999 0.7236984375 0.8495375 0.7330734375 0.8333328124999999 0.7338546874999999 0.8245374999999999
4 0.68515625 0.759259375 0.68203125 0.746296875 0.6791671874999999 0.7425921875 0.6739578125000001 0.7273140625 0.66796875 0.7129624999999999 0.659375 0.7143515625 0.6549484375 0.7134265625 0.6484375 0.7004625 0.64296875 0.7023140625 0.6416671875 0.7064812500000001 0.6395828125 0.7175921875 0.6411453125000001 0.7231484375 0.6458328125 0.7254625 0.6486984375 0.7259265625 0.65078125 0.73055625 0.653125 0.7416671874999999 0.65703125 0.7453703125 0.66015625 0.7486109375 0.6692703125 0.7550921875000001 0.6755203125 0.759259375 0.67734375 0.7611109375 0.678125 0.766203125 0.6841140625000001 0.784721875 0.6895828125000001 0.78055625 0.6890625 0.7708328125
4 0.6377609375 0.6824078124999999 0.6283859374999999 0.6745375 0.6265625 0.6703703125 0.62890625 0.6634265625 0.62890625 0.6601859375 0.62265625 0.6476859375 0.6145828125 0.6421296875 0.609375 0.6384265625000001 0.6059890625000001 0.6277781250000001 0.6015625 0.61805625 0.5966140625 0.6101859375 0.5888015625 0.609721875 0.5872390625 0.6060187499999999 0.5838546874999999 0.59444375 0.578125 0.5875 0.57734375 0.5898140625 0.57421875 0.6018515625 0.5755203125 0.60555625 0.5796875 0.6101859375 0.5796875 0.6125 0.5830734375 0.61851875 0.5869796875 0.6236109375 0.58984375 0.628703125 0.59140625 0.6328703124999999 0.59609375 0.6370375 0.5973953125 0.6407406250000001 0.5973953125 0.6490734375 0.6036453125000001 0.6546296875000001 0.6059890625000001 0.6615734375 0.6078125 0.6666671875 0.6096359375 0.672221875 0.6143234375 0.678240625 0.6177078125000001 0.68055625 0.6190109374999999 0.6824078124999999 0.61953125 0.6879625 0.62109375 0.6930562499999999 0.6278640625 0.6986109375 0.6322921874999999 0.7013890625 0.6369796875 0.6990734375 0.6380203125 0.6930562499999999
4 0.5755203125 0.5726859375 0.575 0.5671296875 0.5731765625 0.5597218749999999 0.5700515625 0.5481484375 0.5643234374999999 0.5439812500000001 0.5622390625 0.5439812500000001 0.5583328125 0.5379625 0.5549484375 0.5398140625 0.5528640625000001 0.5481484375 0.55703125 0.55648125 0.5583328125 0.5606484375 0.5606765625000001 0.566203125 0.5611984375 0.572221875 0.56171875 0.5768515625 0.5614578125 0.58055625 0.5692703125 0.584721875 0.5744796875 0.584721875 0.575 0.58055625
4 0.8596359375 0.7004625 0.853125 0.6986109375 0.8489578124999999 0.7013890625 0.8489578124999999 0.7101859375 0.8541671875000001 0.7166671874999999 0.8625 0.7208328125000001 0.8622390624999999 0.708796875
4 0.8341140625 0.6865734375 0.82890625 0.6726859375 0.8255203124999999 0.6736109375 0.8174484375000001 0.683796875 0.81875 0.6916671875 0.8263015625 0.6976859375 0.8296875 0.6976859375 0.8356765625 0.6990734375 0.8348953124999999 0.696296875
4 0.79140625 0.65555625 0.78671875 0.646296875 0.784375 0.6546296875000001 0.78515625 0.6685187499999999 0.7869796874999999 0.6708328125 0.7934890625000001 0.675 0.7921875 0.665740625
4 0.7622390625000001 0.634259375 0.7567703125 0.6356484375 0.7567703125 0.6449078125 0.75859375 0.6518515625 0.7619796875 0.6546296875000001 0.7736984375 0.6518515625 0.771875 0.640278125
4 0.8291671875000001 0.6356484375 0.8270828124999999 0.6375 0.82734375 0.6495375 0.828125 0.6518515625 0.8361984375 0.6550921875 0.834375 0.647221875
4 0.8078125 0.6259265625 0.8046875 0.6226859375 0.79921875 0.61898125 0.7901046875 0.6129625 0.78203125 0.6120375 0.7791671874999999 0.615740625 0.7809890625 0.6259265625 0.7841140625 0.6305562499999999 0.78828125 0.63101875 0.7953125 0.63101875 0.8026046875 0.6384265625000001 0.8098953124999999 0.6379625 0.8104171875 0.633796875
4 0.771875 0.6013890625 0.7682296875 0.602778125 0.7627609375 0.6078703125 0.7625 0.6171296875000001 0.7638015625000001 0.6203703125 0.7671875 0.6203703125 0.77578125 0.61805625 0.7744796875 0.6046296875
4 0.9807296875 0.765278125 0.975 0.765278125 0.9708328125 0.7796296875000001 0.97265625 0.7939812500000001 0.9760421875 0.7981484375 0.9854171875000001 0.7981484375 0.9854171875000001 0.7870375000000001
4 0.9627609375 0.7546296875 0.9567703125 0.7578703124999999 0.9526046875 0.7648140625 0.95625 0.7754624999999999 0.9598953124999999 0.7796296875000001 0.9671875 0.7763890625000001 0.9661453124999999 0.759721875