4 0.6385416666666667 0.8388882575757576 0.6427083333333333 0.85 0.64609375 0.8643522727272727 0.6463541666666667 0.869907196969697 0.6484375 0.8717594696969697 0.6502604166666667 0.8777784090909091 0.65625 0.8791666666666667 0.6640625 0.860185606060606 0.6690104166666667 0.8532405303030304 0.6684895833333333 0.8486117424242424 0.6703125 0.8365738636363637 0.6692708333333334 0.8263882575757576 0.6643229166666667 0.8143522727272727 0.6627604166666666 0.8055549242424243 0.6583333333333333 0.7995378787878789 0.6463541666666667 0.8064810606060606 0.6455729166666667 0.8101856060606061 0.6411458333333333 0.8148143939393939 0.63984375 0.8203712121212121 0.63828125 0.8222215909090909 0.6393229166666666 0.8291666666666667 0.6385416666666667 0.8388882575757576
4 0.6962499999999999 0.9620719696969697 0.7031177083333334 0.9640000000000001 0.7085406249999999 0.959501893939394 0.7139635416666666 0.949219696969697 0.7125166666666666 0.9382935606060606 0.710709375 0.9177291666666666 0.7085406249999999 0.9003768939393939 0.7052875000000001 0.8913787878787879 0.7096250000000001 0.8817386363636364 0.7136020833333333 0.8701723484848485 0.7157708333333334 0.8573181818181818 0.7125166666666666 0.8418939393939393 0.699503125 0.8418939393939393 0.6944416666666666 0.8631022727272728 0.694803125 0.8785265151515151 0.686128125 0.8791685606060606 0.6792593750000001 0.885594696969697 0.676728125 0.8945928030303031 0.6749208333333333 0.9061609848484848 0.6658833333333334 0.9113030303030303 0.6647989583333334 0.9267253787878788 0.67130625 0.9286534090909091 0.672390625 0.9228693181818182 0.683596875 0.9247973484848485 0.6890197916666666 0.9344374999999999 0.685765625 0.9485776515151515 0.668053125 0.9357234848484849 0.663353125 0.9427935606060607 0.6864895833333333 0.9800681818181818 0.6922729166666667 0.9691420454545454 0.6958885416666667 0.9620719696969697 0.6962499999999999 0.9620719696969697
4 0.47265625 0.9796287878787879 0.47161458333333334 0.969907196969697 0.46953125 0.9648143939393939 0.4630208333333333 0.9597215909090909 0.45546875 0.9578712121212121 0.4510416666666667 0.9592594696969696 0.4471354166666667 0.965278409090909 0.4473958333333333 0.9703712121212121 0.4401041666666667 0.9861117424242425 0.4393229166666667 0.9907405303030303 0.440625 0.9995378787878787 0.47239583333333335 0.9995378787878787 0.47265625 0.9796287878787879
4 0.5484375 0.7217594696969697 0.5502604166666667 0.7296287878787879 0.5557291666666667 0.7319450757575757 0.5611979166666666 0.7310189393939394 0.5627604166666667 0.7296287878787879 0.56484375 0.7231477272727272 0.5692708333333333 0.7203712121212121 0.5690104166666666 0.702314393939394 0.5622395833333333 0.6879621212121213 0.55703125 0.6856477272727273 0.5526041666666667 0.6865738636363636 0.5463541666666667 0.692128787878788 0.5450520833333333 0.6967594696969697 0.54453125 0.7046287878787878 0.54609375 0.7097215909090909 0.546875 0.7194450757575758 0.5484375 0.7217594696969697
4 0.2596354166666667 0.807871212121212 0.26640625 0.807407196969697 0.2677083333333333 0.8037045454545454 0.2786458333333333 0.7986117424242424 0.2830729166666667 0.8018522727272727 0.2875 0.7999999999999999 0.321875 0.7527784090909091 0.3223958333333333 0.7513882575757576 0.31979166666666664 0.7472215909090909 0.32057291666666665 0.7444450757575758 0.32395833333333335 0.7425928030303031 0.3302083333333333 0.7425928030303031 0.33489583333333334 0.7370378787878789 0.359375 0.7004621212121211 0.37734375 0.6782405303030303 0.39479166666666665 0.6518522727272728 0.47369791666666666 0.5546287878787879 0.4869791666666667 0.5421287878787879 0.4895833333333333 0.5379621212121212 0.50546875 0.5240738636363637 0.5171875 0.5171287878787878 0.5221354166666666 0.5111117424242425 0.5252604166666667 0.5111117424242425 0.5333333333333333 0.5027784090909091 0.5447916666666667 0.49814772727272727 0.5450520833333333 0.49629545454545454 0.5403645833333334 0.4944450757575758 0.5354166666666667 0.5 0.5328125 0.5 0.5291666666666667 0.4939810606060606 0.5276041666666667 0.49814772727272727 0.51796875 0.5013882575757576 0.4822916666666667 0.5222215909090909 0.47109375 0.5319450757575758 0.4666666666666667 0.532407196969697 0.46458333333333335 0.542592803030303 0.4591145833333333 0.5504621212121212 0.4315104166666667 0.5666666666666667 0.41640625 0.5787045454545454 0.403125 0.594907196969697 0.39088541666666665 0.5976856060606061 0.38671875 0.6037045454545454 0.37838541666666664 0.6106477272727273 0.375 0.620371212121212 0.35598958333333336 0.6407405303030302 0.35390625 0.6462954545454546 0.34921875 0.6532405303030303 0.34088541666666666 0.6578712121212121 0.32916666666666666 0.6694450757575757 0.32057291666666665 0.6736117424242424 0.2859375 0.7115738636363637 0.2828125 0.7166666666666667 0.28098958333333335 0.7245378787878788 0.27838541666666666 0.7282405303030304 0.28020833333333334 0.7342594696969698 0.27890625 0.7416666666666667 0.27239583333333334 0.7518522727272727 0.2721354166666667 0.7555549242424242 0.26927083333333335 0.7587954545454546 0.2640625 0.7754621212121212 0.2598958333333333 0.7805549242424242 0.25442708333333336 0.7912045454545454 0.25442708333333336 0.797221590909091 0.25703125 0.802314393939394 0.25703125 0.8064810606060606 0.2596354166666667 0.807871212121212
4 0.46291666666666664 0.6941590909090909 0.46578125 0.6876780303030303 0.4717708333333333 0.6825852272727272 0.47281249999999997 0.6700852272727272 0.47467812499999995 0.654715909090909 0.4795916666666667 0.6451060606060606 0.48244791666666664 0.6362897727272727 0.4853125 0.6348996212121212 0.4897395833333333 0.6265662878787879 0.4944270833333333 0.6117518939393939 0.49390625 0.6089734848484849 0.49546874999999996 0.6011041666666667 0.50015625 0.5913825757575758 0.5030208333333334 0.5881401515151515 0.5074479166666667 0.5710113636363637 0.5140822916666666 0.5611477272727273 0.5172166666666667 0.5505871212121212 0.522165625 0.5441344696969697 0.5257958333333334 0.5391496212121212 0.5299208333333333 0.5376818181818183 0.5366145833333333 0.5367518939393939 0.5371791666666667 0.5344564393939394 0.5400562499999999 0.5250852272727273 0.5429156249999999 0.5220075757575757 0.5475822916666666 0.5146477272727272 0.5527760416666666 0.5090284090909091 0.5652604166666666 0.4987897727272727 0.5655208333333334 0.49462310606060605 0.5623958333333333 0.49369696969696975 0.5449479166666666 0.49832575757575753 0.5444270833333333 0.5034185606060606 0.5394791666666666 0.5057329545454545 0.5319208333333333 0.5208674242424242 0.529846875 0.5220132575757576 0.52754375 0.5235700757575757 0.5272208333333334 0.5248806818181818 0.5270822916666666 0.5269280303030304 0.52385625 0.5313522727272727 0.5204927083333334 0.5352026515151515 0.5198479166666666 0.5335643939393939 0.517865625 0.5339734848484848 0.5179125 0.5381515151515152 0.5162270833333333 0.539126893939394 0.510946875 0.5485340909090909 0.5058854166666666 0.5515662878787878 0.504609375 0.5584659090909091 0.502421875 0.560594696969697 0.5003385416666667 0.5646231060606061 0.49494375 0.5658390151515151 0.49411875 0.5734659090909091 0.49147916666666663 0.5720000000000001 0.48982916666666665 0.5775719696969698 0.4904895833333333 0.5828522727272727 0.48801458333333336 0.5807973484848485 0.48296875 0.5909185606060606 0.4847916666666666 0.5950852272727273 0.48453124999999997 0.6001780303030303 0.4808854166666666 0.6094375000000001 0.4730729166666666 0.6210113636363637 0.4748010416666667 0.6237045454545455 0.46706145833333335 0.6276344696969698 0.470378125 0.6422670454545455 0.46213541666666663 0.6677708333333334 0.45875 0.6705492424242424 0.4569270833333333 0.6747159090909091 0.4540625 0.6862897727272728 0.45510416666666664 0.6936969696969697 0.45796875 0.6960113636363637 0.46291666666666664 0.6941590909090909
4 0.5401041666666667 0.5986117424242424 0.54296875 0.5939810606060606 0.5450520833333333 0.5921287878787879 0.55078125 0.5916666666666667 0.5526041666666667 0.5893522727272728 0.5565104166666667 0.5768522727272727 0.5565104166666667 0.567592803030303 0.5544270833333333 0.557407196969697 0.5549479166666667 0.5504621212121212 0.559375 0.532407196969697 0.57265625 0.49861174242424244 0.5721354166666667 0.49583333333333335 0.5638020833333334 0.49814772727272727 0.5622395833333333 0.5027784090909091 0.5515625 0.5134261363636363 0.5424479166666667 0.5319450757575758 0.5408854166666667 0.5365738636363636 0.54140625 0.5398143939393939 0.5395833333333333 0.5444450757575757 0.5395833333333333 0.5527784090909091 0.5364583333333334 0.5638882575757576 0.53359375 0.5837954545454546 0.53359375 0.5976856060606061 0.5369791666666667 0.6046287878787879 0.53984375 0.6037045454545454 0.5401041666666667 0.5986117424242424
4 0.57578125 0.6138882575757575 0.5760416666666667 0.6189810606060606 0.5763020833333333 0.614814393939394 0.5802083333333333 0.6129621212121212 0.58515625 0.6157405303030303 0.5916666666666667 0.6162045454545454 0.5934895833333333 0.6189810606060606 0.59453125 0.6240738636363636 0.5963541666666666 0.6245378787878787 0.59765625 0.6226856060606061 0.5984375 0.614814393939394 0.6002604166666666 0.6111117424242424 0.5981770833333333 0.6032405303030304 0.5958333333333333 0.5837954545454546 0.590625 0.567128787878788 0.5903645833333333 0.5601856060606061 0.5833333333333334 0.5435189393939394 0.5825520833333333 0.5337954545454545 0.5861979166666667 0.5212954545454546 0.5856770833333333 0.5162045454545454 0.5880208333333333 0.5134261363636363 0.5877604166666667 0.4944450757575758 0.5888020833333333 0.48981439393939397 0.5877604166666667 0.48796212121212124 0.5796875 0.48981439393939397 0.5674479166666667 0.5097215909090909 0.5625 0.5263882575757576 0.5622395833333333 0.542592803030303 0.5643229166666667 0.5601856060606061 0.5716145833333334 0.6027784090909091 0.57578125 0.6138882575757575
4 0.5807291666666666 0.6337954545454546 0.5833333333333334 0.6513882575757576 0.5875 0.6680549242424243 0.5901041666666667 0.6736117424242424 0.59609375 0.6805549242424243 0.5994791666666667 0.6893522727272727 0.6057291666666667 0.6865738636363636 0.60859375 0.6819450757575758 0.6083333333333333 0.6657405303030304 0.60703125 0.6638882575757576 0.6036458333333333 0.65 0.5903645833333333 0.6273143939393939 0.5848958333333333 0.6217594696969697 0.5854166666666667 0.6189810606060606 0.5807291666666666 0.6180549242424243 0.5791666666666667 0.620371212121212 0.57890625 0.6236117424242424 0.5799479166666667 0.6263882575757576 0.5791666666666667 0.6310189393939394 0.5807291666666666 0.6337954545454546
4 0.6065104166666667 0.7203712121212121 0.60859375 0.725 0.6078125 0.7361117424242424 0.6091145833333333 0.7407405303030303 0.6104166666666667 0.7555549242424242 0.6190104166666667 0.7708333333333334 0.6231770833333333 0.7694450757575757 0.6283854166666667 0.7606477272727273 0.6299479166666667 0.7518522727272727 0.62890625 0.7472215909090909 0.6294270833333333 0.7439810606060606 0.6278645833333333 0.7402784090909091 0.628125 0.7282405303030304 0.6255208333333333 0.7180549242424242 0.628125 0.672685606060606 0.62734375 0.6629621212121212 0.6234375 0.6416666666666667 0.61875 0.6379621212121211 0.6158854166666666 0.642592803030303 0.6138020833333333 0.6509261363636364 0.6098958333333333 0.6537045454545455 0.6143229166666667 0.6546287878787879 0.6158854166666666 0.6578712121212121 0.6161458333333333 0.6620378787878788 0.61171875 0.677314393939394 0.6127604166666667 0.6805549242424243 0.6109375 0.6861117424242424 0.60546875 0.6888882575757576 0.6057291666666667 0.6981477272727273 0.6036458333333333 0.7087954545454546 0.6046875 0.7092594696969696 0.6065104166666667 0.7203712121212121
4 0.24505208333333334 0.9708333333333333 0.23619791666666667 0.9680549242424242 0.22708333333333333 0.9708333333333333 0.22473958333333333 0.9745378787878789 0.22213541666666667 0.9861117424242425 0.221875 0.9995378787878787 0.25078125 0.9995378787878787 0.2520833333333333 0.9819450757575757 0.24505208333333334 0.9708333333333333
4 0.3572916666666667 0.8134261363636364 0.36380208333333336 0.8111117424242424 0.3651041666666667 0.807407196969697 0.36276041666666664 0.7967594696969698 0.3640625 0.7907405303030304 0.36354166666666665 0.7828712121212121 0.35989583333333336 0.7712954545454546 0.3546875 0.7694450757575757 0.3515625 0.7708333333333334 0.3455729166666667 0.7819450757575758 0.3411458333333333 0.782407196969697 0.3385416666666667 0.7875 0.33697916666666666 0.7944450757575757 0.33671875 0.802314393939394 0.3416666666666667 0.8087954545454545 0.3483072916666667 0.8092594696969697 0.3572916666666667 0.8134261363636364
4 0.37734375 0.7712954545454546 0.37864583333333335 0.767592803030303 0.378125 0.7587954545454546 0.3809895833333333 0.7486117424242424 0.37942708333333336 0.7407405303030303 0.3770833333333333 0.7361117424242424 0.378125 0.732407196969697 0.37265625 0.7282405303030304 0.3723958333333333 0.730092803030303 0.3606770833333333 0.7430549242424243 0.35703125 0.7513882575757576 0.35598958333333336 0.7578712121212121 0.35546875 0.7634261363636363 0.3575520833333333 0.767592803030303 0.3625 0.7712954545454546 0.37734375 0.7712954545454546
4 0.3919270833333333 0.7263882575757576 0.39609375 0.7240738636363636 0.39869791666666665 0.7203712121212121 0.3984375 0.7166666666666667 0.40260416666666665 0.7064810606060606 0.4041666666666667 0.7046287878787878 0.4080729166666667 0.7060189393939394 0.41302083333333334 0.702314393939394 0.4158854166666667 0.6958333333333333 0.42135416666666664 0.6907405303030303 0.421875 0.6888882575757576 0.4203125 0.6847215909090909 0.4231770833333333 0.6782405303030303 0.4234375 0.672685606060606 0.43020833333333336 0.6694450757575757 0.43463541666666666 0.6578712121212121 0.4276041666666667 0.6486117424242424 0.42421875 0.6467594696969696 0.415625 0.6532405303030303 0.4109375 0.6620378787878788 0.40703125 0.6652784090909091 0.39921875 0.6777784090909091 0.39479166666666665 0.6875 0.39088541666666665 0.7018522727272727 0.3848958333333333 0.7064810606060606 0.38125 0.7129621212121212 0.37994791666666666 0.7185189393939394 0.3796875 0.7203712121212121 0.38125 0.7231477272727272 0.38515625 0.7259261363636363 0.3919270833333333 0.7263882575757576
4 0.44771875 0.6328106060606061 0.45272708333333334 0.6224640151515152 0.45990000000000003 0.6248693181818181 0.46247187500000003 0.6178920454545455 0.46233645833333337 0.6106742424242424 0.46720833333333334 0.6065833333333334 0.47126875 0.6022518939393939 0.47072708333333335 0.5955151515151516 0.473028125 0.5887784090909091 0.4766822916666667 0.5858901515151516 0.482096875 0.5870928030303031 0.4865625 0.5772291666666667 0.48994583333333336 0.5688068181818181 0.4923822916666667 0.5608674242424242 0.5013156249999999 0.5517234848484849 0.5063229166666666 0.5442651515151515 0.5203989583333334 0.5262178030303031 0.5316322916666667 0.515873106060606 0.5374520833333333 0.509375 0.5415125 0.5038409090909092 0.5382645833333334 0.5016761363636364 0.5302791666666666 0.5086534090909092 0.5208052083333333 0.515873106060606 0.5095708333333333 0.5262178030303031 0.49847291666666665 0.5384905303030303 0.48507395833333333 0.5514829545454545 0.48223125 0.553407196969697 0.47925416666666665 0.5555738636363636 0.476953125 0.563032196969697 0.4761416666666667 0.5666420454545454 0.47438125000000003 0.5668825757575758 0.47411145833333335 0.5741003787878788 0.473840625 0.5762651515151515 0.47072708333333335 0.5767462121212121 0.46653125 0.5781912878787879 0.4630125 0.5820397727272727 0.45827604166666663 0.5815587121212121 0.4562458333333333 0.5849280303030303 0.45638124999999996 0.5885378787878788 0.45759895833333336 0.5911837121212121 0.456921875 0.5955151515151516 0.45638124999999996 0.6005681818181818 0.45597499999999996 0.6024924242424242 0.453403125 0.6027329545454545 0.45083229166666666 0.6010492424242424 0.44853125 0.6017708333333334 0.44717708333333334 0.6056212121212121 0.4443354166666667 0.6029734848484849 0.4427114583333333 0.6048996212121213 0.441221875 0.608748106060606 0.43986875 0.6111553030303031 0.43702708333333334 0.6150037878787878 0.43635 0.6176515151515152 0.43783854166666664 0.6212594696969697 0.434996875 0.6227045454545455 0.43201875 0.6270359848484848 0.42971770833333334 0.6311249999999999 0.42728229166666665 0.6364185606060606 0.42687604166666665 0.6407499999999999 0.427146875 0.6489299242424242 0.43296666666666667 0.6522992424242424 0.43486145833333334 0.6522992424242424 0.442440625 0.6539829545454545 0.4440645833333334 0.6433958333333334 0.4433875 0.6373806818181817 0.44771875 0.6328106060606061
4 0.559903125 0.6056420454545455 0.5556635416666666 0.6034545454545455 0.5439020833333333 0.6022386363636364 0.5396625 0.6071003787878787 0.5346020833333333 0.6136647727272727 0.534328125 0.6231477272727273 0.5350125 0.6287405303030303 0.5359697916666666 0.6316571969696969 0.5365166666666668 0.6316571969696969 0.5515604166666667 0.6321439393939394 0.5588083333333334 0.625092803030303 0.56168125 0.6160965909090909 0.559903125 0.6056420454545455
4 0.12135416666666667 0.9217594696969698 0.12291666666666666 0.9310189393939393 0.12109375 0.9430549242424242 0.11901041666666666 0.9472215909090909 0.115625 0.9513882575757576 0.1109375 0.9509261363636363 0.10755208333333334 0.9546287878787878 0.1046875 0.9643522727272728 0.10208333333333333 0.9689810606060606 0.09973958333333334 0.9703712121212121 0.09869791666666666 0.9745378787878789 0.09583333333333334 0.9763882575757576 0.09375 0.982407196969697 0.090625 0.9861117424242425 0.09140625 0.9856477272727273 0.09244791666666667 0.9898143939393939 0.09270833333333334 0.9995378787878787 0.11692708333333333 0.9995378787878787 0.12291666666666666 0.9888882575757576 0.12447916666666667 0.9828712121212122 0.18541666666666667 0.9277784090909091 0.1875 0.922221590909091 0.19140625 0.9194450757575757 0.19192708333333333 0.9143522727272728 0.1953125 0.9092594696969697 0.19791666666666666 0.9078712121212121 0.19713541666666667 0.905092803030303 0.19270833333333334 0.9041666666666667 0.19192708333333333 0.8921287878787878 0.18932291666666667 0.8884261363636363 0.18411458333333333 0.8884261363636363 0.18151041666666667 0.8842594696969697 0.18177083333333333 0.8805549242424242 0.17838541666666666 0.8768522727272727 0.16927083333333334 0.8759261363636364 0.16614583333333333 0.879628787878788 0.16041666666666668 0.8787045454545455 0.15572916666666667 0.8694450757575758 0.15494791666666666 0.8657405303030303 0.15546875 0.8611117424242424 0.15442708333333333 0.859721590909091 0.14661458333333333 0.8643522727272727 0.13463541666666667 0.864814393939394 0.12473958333333333 0.870371212121212 0.121875 0.8782405303030303 0.11119791666666666 0.8865738636363636 0.10807291666666667 0.8995378787878788 0.10651041666666666 0.8990738636363637 0.10208333333333333 0.9037045454545455 0.11458333333333333 0.905092803030303 0.11901041666666666 0.9138882575757576 0.11875 0.9194450757575757 0.12135416666666667 0.9217594696969698