4 0.565625 0.9916671875 0.571875 0.99398125 0.5734375 0.9972218749999999 0.5794265625 0.9967593750000001 0.58671875 0.9967593750000001 0.59140625 0.9953703125000001 0.5932296874999999 0.9888890625 0.59140625 0.983796875 0.5885421875 0.9800921875 0.575 0.96898125 0.5703125 0.9634265624999999 0.5572921875 0.9583328124999999 0.55078125 0.9583328124999999 0.54765625 0.9583328124999999 0.5434890625000001 0.9620374999999999 0.5421875 0.9680562500000001 0.5377609375 0.9708328125 0.53359375 0.9736109374999999 0.534375 0.9861109375 0.5356765625000001 0.9893515624999999 0.5377609375 0.9925921875 0.55078125 0.9925921875 0.56171875 0.9916671875
4 0.46692656250000003 0.9888890625 0.46848906250000005 0.98055625 0.46822968749999994 0.9717593750000001 0.46484375 0.9601859375 0.46276093749999997 0.9495374999999999 0.46484375 0.9467593750000001 0.46770781250000004 0.9407406249999999 0.46692656250000003 0.93148125 0.45494843749999997 0.91805625 0.4484375 0.9203703125 0.4427078125 0.9240734375 0.4390625 0.946296875 0.440625 0.9541671875000001 0.44348906250000003 0.9620374999999999 0.44453125 0.965278125 0.44479218749999994 0.9745375 0.4453125 0.9828703125 0.45416718749999996 0.9921296875 0.4578125 0.99398125
4 0.1190109375 0.9810187499999999 0.1393234375 0.98055625 0.1440109375 0.9740734375000001 0.1473953125 0.959259375 0.15234375 0.9421296874999999 0.1658859375 0.94305625 0.175 0.9398140625 0.1783859375 0.9324078124999999 0.1791671875 0.928703125 0.1880203125 0.9069437499999999 0.1908859375 0.8986109375 0.20390625 0.8870374999999999 0.2091140625 0.8828703125 0.2200515625 0.8782406249999999 0.22421875 0.875 0.234375 0.859721875 0.23359375 0.8523140625 0.234375 0.84398125 0.2372390625 0.834721875 0.2359375 0.8236109375 0.2263015625 0.8171296874999999 0.22109375 0.8148140625 0.21328125 0.8333328124999999 0.2065109375 0.8453703125 0.1955734375 0.858796875 0.1901046875 0.8643515624999999 0.1768234375 0.86851875 0.1703125 0.8726859375 0.1658859375 0.88148125 0.159375 0.8986109375 0.1559890625 0.90648125 0.1442703125 0.9259265624999999 0.1411453125 0.9370375 0.1315109375 0.9486109375 0.1177078125 0.9643515624999999 0.0979171875 0.9694437499999999 0.08828125 0.9773140625 0.0859375 0.98055625 0.0700515625 0.996296875 0.11588593750000001 0.9967593750000001 0.1166671875 0.9879625000000001
4 0.2606765625 0.816203125 0.26171875 0.8083328125 0.2682296875 0.8018515624999999 0.2760421875 0.7958328125 0.27734375 0.790740625 0.2802078125 0.78148125 0.2864578125 0.7736109375 0.2997390625 0.7606484375 0.30234375 0.7583328125000001 0.3143234375 0.7416671874999999 0.3216140625 0.7351859375 0.3359375 0.7208328125000001 0.3403640625 0.7125 0.34296875 0.7032406250000001 0.3432296875 0.7013890625 0.3505203125 0.696296875 0.3536453125 0.6925921875000001 0.3575515625 0.683796875 0.36015625 0.678703125 0.3645828125 0.675 0.3723953125 0.6671296875 0.3776046875 0.665278125 0.3807296875 0.6634265625 0.3846359375 0.65555625 0.3875 0.6509265625 0.3880203125 0.646759375 0.3888015625 0.6449078125 0.39296875 0.6425921875 0.3994796875 0.6351859375 0.4 0.6328703124999999 0.4015625 0.6273140625 0.40234375 0.6263890625 0.4078125 0.6231484375 0.41302031250000004 0.6194437500000001 0.41458281250000006 0.6166671874999999 0.4153640625 0.6134265625 0.41588593749999997 0.6083328125 0.41328125 0.6023140625 0.41197968749999997 0.6023140625 0.40729218749999996 0.603703125 0.40520781250000004 0.603703125 0.4015625 0.6 0.40026093749999997 0.6 0.3963546875 0.6023140625 0.3940109375 0.60555625 0.3908859375 0.6083328125 0.3888015625 0.6111109375 0.3872390625 0.6138890625 0.3822921875 0.61805625 0.37734375 0.6222218749999999 0.3744796875 0.6254625 0.3723953125 0.63148125 0.3697921875 0.634721875 0.3671875 0.6370375 0.3635421875 0.6453703125 0.3614578125 0.6490734375 0.3559890625 0.6490734375 0.353125 0.6504624999999999 0.3505203125 0.6550921875 0.3502609375 0.6638890625 0.3479171875 0.6708328125 0.3471359375 0.672221875 0.3411453125 0.6759265625 0.3393234375 0.678703125 0.3283859375 0.69398125 0.3192703125 0.70555625 0.30859375 0.7134265625 0.3033859375 0.7175921875 0.2958328125 0.7268515625 0.2796875 0.740740625 0.26953125 0.758796875 0.26484375 0.76944375 0.2518234375 0.7833328125000001 0.2427078125 0.796296875 0.24296875 0.8120375 0.24296875 0.821296875 0.2588546875 0.8236109375
4 0.47890625 0.8458328125 0.475 0.8351859375 0.47578125 0.8324078125 0.4796875 0.828240625 0.48151093749999996 0.8157406249999999 0.4791671875 0.80694375 0.4765625 0.7995375 0.47421875 0.797221875 0.46015625 0.79444375 0.45625 0.8041671875 0.45520781250000003 0.821296875 0.45625 0.8236109375 0.4505203125 0.8384265624999999 0.4484375 0.8398140625 0.44869843749999994 0.853703125 0.45885468749999997 0.859721875 0.4635421875 0.8578703125 0.47421875 0.8550921875
4 0.47578125 0.6481484375 0.475 0.6435187499999999 0.47578125 0.640278125 0.47708281250000006 0.6375 0.47630156250000005 0.6268515625 0.4765625 0.6231484375 0.4778640625 0.6194437500000001 0.48020781250000005 0.6120375 0.47630156250000005 0.6111109375 0.47369843749999996 0.6129625 0.47083281250000003 0.6166671874999999 0.46848906250000005 0.621759375 0.46536406250000006 0.6273140625 0.46067656250000005 0.6407406250000001 0.45807343749999996 0.64444375 0.45520781250000003 0.6495375 0.453125 0.6611109374999999 0.4546875 0.6685187499999999 0.45859375 0.665278125 0.4661453125 0.6671296875 0.47057343749999997 0.6638890625 0.47369843749999996 0.6574078125
4 0.49557343749999994 0.6245375 0.49505156250000004 0.63148125 0.4953125 0.6328703124999999 0.4986984375 0.6365734375 0.49973906250000005 0.6351859375 0.5036453125 0.6300921875000001 0.5072921874999999 0.6273140625 0.5088546875 0.6226859375 0.509375 0.6138890625 0.50859375 0.6106484375 0.509375 0.6064812500000001 0.5106765625 0.603703125 0.5140625 0.5949078125 0.5140625 0.5893515625 0.5140625 0.5865734375 0.51484375 0.5810187499999999 0.5140625 0.5754625 0.5109375 0.5708328125000001 0.5046875 0.5754625 0.503125 0.5856484375 0.503125 0.5884265625 0.50234375 0.5958328125000001 0.5015625 0.5995375000000001 0.5 0.6060187499999999 0.4986984375 0.6111109375 0.496875 0.6134265625 0.49583281250000005 0.61805625 0.49557343749999994 0.6208328125
4 0.48046875 0.6898140625 0.48046875 0.69398125 0.48046875 0.697221875 0.48046875 0.702778125 0.48046875 0.709259375 0.48046875 0.7166671874999999 0.48046875 0.7203703124999999 0.47864531250000003 0.7314812500000001 0.4765625 0.7370375 0.4739578125 0.741203125 0.47239531250000005 0.7444437500000001 0.47265625 0.7546296875 0.47838593749999997 0.766203125 0.48151093749999996 0.7773140625 0.48203125 0.7796296875000001 0.48359375 0.78194375 0.48828125 0.7828703124999999 0.4908859375 0.7754624999999999 0.49140625 0.7643515625 0.49166718749999994 0.7615734375 0.49322968749999996 0.75601875 0.49270781250000006 0.746296875 0.49244843749999995 0.740740625 0.49244843749999995 0.7379625 0.49583281250000005 0.728703125 0.4973953125 0.7245375000000001 0.49817656250000003 0.7203703124999999 0.49817656250000003 0.715278125 0.49609375 0.7074078125 0.4953125 0.7023140625 0.49427031250000003 0.69398125 0.49661406250000006 0.6879625 0.49817656250000003 0.68148125 0.49661406250000006 0.6763890625 0.49114531250000004 0.6703703125 0.48645781250000003 0.6731484375 0.48203125 0.678703125 0.48125 0.6824078124999999 0.48098906250000006 0.6865734375
4 0.42109375 0.78148125 0.42265625 0.784259375 0.425 0.7856484375 0.42890625 0.7824078125 0.4309890625 0.7796296875000001 0.43359375 0.7768515625 0.43515625 0.7726859375 0.43567656250000003 0.7615734375 0.43411406250000006 0.7541671875 0.4309890625 0.7495375 0.42630156250000006 0.7495375 0.42083281250000004 0.75601875 0.42005156250000003 0.758796875 0.4205734375 0.7708328125
4 0.5072921874999999 0.790740625 0.5078125 0.8004625000000001 0.5091140625 0.8046296875 0.5111984374999999 0.80694375 0.5130203125 0.8046296875 0.5140625 0.8009265624999999 0.5158859375 0.7939812500000001 0.5140625 0.784721875 0.5135421874999999 0.7833328125000001 0.5114578125 0.784259375 0.5098953125000001 0.784721875 0.5075515625 0.7888890625
4 0.6736984374999999 0.9106484375000001 0.6697921874999999 0.8958328124999999 0.6596359374999999 0.8921296875 0.65625 0.891203125 0.6466140625000001 0.8851859375 0.6424484374999999 0.8865734375000001 0.65390625 0.9166671875000001 0.6611984375 0.9189812500000001 0.6669265625 0.9199078125 0.6729171875 0.915278125
4 0.60234375 0.6509265625 0.6020828125000001 0.6458328125 0.5981765625000001 0.6384265625000001 0.596875 0.634259375 0.5955734374999999 0.6273140625 0.5955734374999999 0.6222218749999999 0.5955734374999999 0.6143515625 0.5947921875 0.6106484375 0.5924484375 0.6023140625 0.58984375 0.5921296875000001 0.5841140625000001 0.5884265625 0.57890625 0.5884265625 0.5760421874999999 0.5833328125 0.5760421874999999 0.58055625 0.578125 0.5754625 0.5799484374999999 0.5708328125000001 0.5807296875 0.565740625 0.58046875 0.5615734375 0.58046875 0.55555625 0.5807296875 0.5546296875000001 0.5763015625000001 0.5458328125 0.57265625 0.5324078125 0.5713546875 0.5273140625 0.5708328125000001 0.5143515625 0.5721359374999999 0.5055562499999999 0.5736984374999999 0.5009265625 0.5760421874999999 0.49629687499999997 0.5809890625 0.491203125 0.5794265625 0.490278125 0.5765625 0.49166718749999994 0.57265625 0.49398125000000004 0.5677078125 0.4981484375 0.5640625 0.5046296875 0.5619796874999999 0.5083328125000001 0.56015625 0.5134265625000001 0.5588546875 0.51944375 0.5580734374999999 0.5245375 0.5572921875 0.53101875 0.5567703125000001 0.5388890625 0.5567703125000001 0.5467593749999999 0.55703125 0.55555625 0.5583328125 0.5652781250000001 0.5614578125 0.5833328125 0.56484375 0.6 0.56953125 0.621296875 0.5763015625000001 0.6495375 0.58046875 0.6541671874999999 0.5841140625000001 0.65648125 0.5903640625000001 0.6583328125000001 0.5979171875 0.6611109374999999 0.6002609375 0.6578703124999999
4 0.32578125 0.83194375 0.32734375 0.8226859375 0.3302078125 0.8199078125 0.3375 0.8148140625 0.3416671875 0.8050921875 0.34453125 0.8041671875 0.3575515625 0.7935187499999999 0.3575515625 0.7851859375 0.3580734375 0.7773140625 0.36328125 0.7740734375 0.3638015625 0.7648140625 0.36484375 0.7615734375 0.37265625 0.7541671875 0.3729171875 0.753240625 0.3755203125 0.746759375 0.38046875 0.741203125 0.3783859375 0.73055625 0.3794265625 0.7236109374999999 0.3854171875 0.71851875 0.3895828125 0.716203125 0.3989578125 0.7166671874999999 0.40286406250000006 0.7074078125 0.40286406250000006 0.7032406250000001 0.403125 0.6976859375 0.40390625 0.6875 0.40807343749999997 0.684259375 0.41067656250000006 0.6824078124999999 0.41328125 0.678240625 0.4244796875 0.6643515625 0.42760468749999997 0.6615734375 0.4328125 0.6509265625 0.43411406250000006 0.640278125 0.4388015625 0.6361109375 0.44088593749999994 0.6324078125 0.44505156250000005 0.6291671875 0.44739531250000003 0.621296875 0.44739531250000003 0.6203703125 0.45208281250000004 0.6175921875 0.45546875 0.6111109375 0.44973906250000006 0.6064812500000001 0.44166718749999995 0.6041671875 0.4361984375 0.6074078125 0.43359375 0.6171296875000001 0.43333281250000005 0.6208328125 0.43255156250000004 0.6259265625 0.43203125 0.6296296875 0.42916718749999994 0.6351859375 0.425 0.640278125 0.42005156250000003 0.6421296875 0.4140625 0.647221875 0.4046875 0.6504624999999999 0.40208281250000005 0.6546296875000001 0.3994796875 0.659721875 0.396875 0.6671296875 0.3966140625 0.6717593749999999 0.3932296875 0.6865734375 0.39296875 0.6916671875 0.3908859375 0.697221875 0.3838546875 0.6990734375 0.3765625 0.7060187499999999 0.3765625 0.7111109375 0.375 0.7166671874999999 0.3736984375 0.7199078125 0.3653640625 0.7300921875 0.36015625 0.74351875 0.3565109375 0.75694375 0.3494796875 0.7606484375 0.340625 0.7699078125 0.33828125 0.7763890625000001 0.3356765625 0.7833328125000001 0.3317703125 0.7884265625 0.325 0.7990734374999999 0.3208328125 0.80694375 0.3208328125 0.783796875 0.3182296875 0.78194375 0.31171875 0.78148125 0.30234375 0.7921296875 0.3015625 0.7967593749999999 0.2989578125 0.808796875 0.29921875 0.8138890625 0.3033859375 0.81805625 0.303125 0.83194375 0.309375 0.8458328125 0.31796875 0.8458328125