4 0.2859375 0.9984375 0.2864578125 0.9925921875 0.2932296875 0.9814812500000001 0.29296875 0.972221875 0.29375 0.965278125 0.2973953125 0.9601859375 0.2986984375 0.9495374999999999 0.2927078125 0.9421296874999999 0.2885421875 0.9328703125000001 0.2890625 0.9199078125 0.2864578125 0.9129625000000001 0.2768234375 0.90601875 0.2729171875 0.9101859375 0.2692703125 0.9263890625 0.2611984375 0.9300921875 0.25625 0.93101875 0.2549484375 0.9393515625 0.2518234375 0.94305625 0.25 0.9560187499999999 0.2494796875 0.9615734375 0.2466140625 0.9680562500000001 0.2403640625 0.9703703125 0.2341140625 0.971296875 0.2325515625 0.9828703125 0.23359375 0.9930562500000001 0.2325515625 0.9984375 0.2841140625 0.9984375
4 0.3223953125 0.8921296875 0.33125 0.890278125 0.334375 0.8824078125 0.3325515625 0.8717593750000001 0.325 0.8643515624999999 0.3127609375 0.8620374999999999 0.3046875 0.8625 0.3026046875 0.8648140625 0.3020828125 0.871296875 0.29765625 0.8759265624999999 0.2997390625 0.8842593750000001 0.3098953125 0.890740625
4 0.3786453125 0.9984375 0.3846359375 0.99351875 0.3854171875 0.9861109375 0.3828125 0.978703125 0.3786453125 0.9759265625 0.3747390625 0.9731484375000001 0.3713546875 0.9731484375000001 0.3692703125 0.9736109374999999 0.36796875 0.98055625 0.3661453125 0.9875 0.3658859375 0.99398125 0.3669265625 0.9984375 0.375 0.9984375
4 0.3981765625 0.9347218749999999 0.40338593749999996 0.922221875 0.40807343749999997 0.9055562500000001 0.41458281250000006 0.8879625000000001 0.4171875 0.871296875 0.41979218749999997 0.8615734375 0.42890625 0.8481484375000001 0.42864531250000004 0.8361109375 0.43020781250000006 0.8268515624999999 0.43723906250000005 0.7967593749999999 0.44114531250000005 0.7861109374999999 0.44348906250000003 0.7773140625 0.44713593749999997 0.7745375 0.44895781250000005 0.7620375 0.44713593749999997 0.753703125 0.4421875 0.7550921875000001 0.4375 0.7541671875 0.43307343749999994 0.75694375 0.43072968749999996 0.7643515625 0.42916718749999994 0.771296875 0.425 0.777778125 0.4234375 0.778240625 0.42161406250000005 0.7888890625 0.41953125 0.8 0.41770781250000005 0.802778125 0.4171875 0.8083328125 0.41588593749999997 0.81851875 0.4127609375 0.8273140625 0.4088546875 0.833796875 0.4049484375 0.8254625000000001 0.40390625 0.8379625 0.40338593749999996 0.8421296875 0.40182343749999994 0.8407406249999999 0.4 0.853703125 0.396875 0.8578703125 0.39375 0.86898125 0.3903640625 0.8731484375 0.3901046875 0.8870374999999999 0.3932296875 0.896759375 0.3916671875 0.9018515624999999 0.3890625 0.9032406249999999 0.3864578125 0.903703125 0.3838546875 0.9069437499999999 0.3830734375 0.9148140625 0.3861984375 0.9171296874999999 0.3856765625 0.921296875 0.3869796875 0.9268515624999999 0.38515625 0.9324078124999999 0.3854171875 0.9407406249999999 0.38828125 0.9490734375000001 0.3921875 0.9560187499999999 0.3955734375 0.9518515624999999
4 0.3494796875 0.8564812500000001 0.3528640625 0.84398125 0.3572921875 0.8333328124999999 0.3630203125 0.825 0.3651046875 0.8046296875 0.3645828125 0.7990734374999999 0.3557296875 0.7921296875 0.3450515625 0.7981484375 0.3388015625 0.79444375 0.3348953125 0.7958328125 0.3328125 0.80601875 0.3356765625 0.8138890625 0.33359375 0.8203703125 0.3286453125 0.8259265625 0.3239578125 0.8263890625 0.32109375 0.833796875 0.3234375 0.8365734375 0.3143234375 0.8421296875 0.3122390625 0.847221875 0.3125 0.8467593750000001 0.3145828125 0.858796875 0.325 0.8606484375000001 0.3364578125 0.8629625000000001
4 0.3583328125 0.7921296875 0.3643234375 0.7925921875 0.3684890625 0.79444375 0.3716140625 0.7986109375 0.3794265625 0.7958328125 0.3822921875 0.7925921875 0.3825515625 0.784721875 0.38203125 0.7768515625 0.3822921875 0.7736109375 0.3854171875 0.771759375 0.38671875 0.76805625 0.3848953125 0.7634265625000001 0.3828125 0.7601859375 0.3828125 0.75601875 0.3846359375 0.7518515625 0.3875 0.7495375 0.3924484375 0.746759375 0.396875 0.7444437500000001 0.40078125 0.7425921875 0.4010421875 0.7398140625 0.40182343749999994 0.7356484375 0.40546875 0.7324078125 0.40651093749999995 0.7263890625 0.41015625 0.7231484375 0.4153640625 0.7199078125 0.41770781250000005 0.7134265625 0.42005156250000003 0.70694375 0.42395781250000003 0.6995375 0.42630156250000006 0.69398125 0.42890625 0.6865734375 0.43255156250000004 0.677778125 0.4375 0.6726859375 0.4401046875 0.658796875 0.44557343749999995 0.646759375 0.44921875 0.6435187499999999 0.45416718749999996 0.6296296875 0.45911406250000003 0.625 0.4625 0.6226859375 0.465625 0.6166671874999999 0.4674484375 0.609721875 0.46458281250000005 0.60555625 0.465625 0.5981484375 0.4622390625 0.59305625 0.4583328125 0.5916671874999999 0.45364531250000006 0.591203125 0.44895781250000005 0.6041671875 0.44713593749999997 0.6106484375 0.44296875 0.6138890625 0.43984375 0.621296875 0.4375 0.6254625 0.4322921875 0.6324078125 0.42942656250000005 0.6365734375 0.42890625 0.64305625 0.42526093749999994 0.6486109375 0.42161406250000005 0.653240625 0.415625 0.659259375 0.41067656250000006 0.658796875 0.40729218749999996 0.6601859375 0.40416718749999997 0.6625 0.4036453125 0.66944375 0.40442656250000003 0.672221875 0.3994796875 0.6856484375 0.396875 0.6916671875 0.39453125 0.7018515625 0.39140625 0.7060187499999999 0.3869796875 0.709721875 0.3786453125 0.722221875 0.3739578125 0.728240625 0.3723953125 0.7370375 0.3705734375 0.74398125 0.36875 0.75 0.3661453125 0.7518515625 0.3643234375 0.753240625 0.3609375 0.7574078125 0.3583328125 0.7629625 0.3583328125 0.7666671875 0.3580734375 0.7685187499999999 0.35625 0.7740734375 0.3536453125 0.7763890625000001 0.3455734375 0.7773140625 0.3432296875 0.7833328125000001 0.346875 0.7870375000000001 0.35546875 0.7884265625
4 0.47942656250000004 0.78148125 0.47734375 0.7884265625 0.4778640625 0.7981484375 0.48359375 0.803703125 0.49296875 0.8055562500000001 0.4973953125 0.8023140625 0.49947968749999994 0.7953703125 0.49921875 0.7916671875 0.5010421875 0.7851859375 0.5036453125 0.7833328125000001 0.5020828125000001 0.7773140625 0.5002609375 0.7726859375 0.4984375 0.7675921875 0.49817656250000003 0.765278125 0.49895781250000004 0.759721875 0.50078125 0.7574078125 0.50234375 0.7555562499999999 0.5010421875 0.7481484375 0.50078125 0.746759375 0.5033859374999999 0.74351875 0.5044265625000001 0.7393515625 0.5044265625000001 0.7328703125 0.5046875 0.7268515625 0.4984375 0.721296875 0.49296875 0.721759375 0.4890625 0.7236109374999999 0.48645781250000003 0.7259265625 0.4856765625 0.73055625 0.48229218749999997 0.7342593749999999 0.48151093749999996 0.7398140625 0.48046875 0.7458328125 0.47838593749999997 0.7495375 0.47708281250000006 0.7518515625 0.47708281250000006 0.75601875 0.47552031250000004 0.7574078125 0.471875 0.7611109375 0.47083281250000003 0.7726859375 0.47265625 0.7763890625000001 0.47838593749999997 0.777778125
4 0.453125 0.7351859375 0.4557296875 0.7310187499999999 0.45677031250000005 0.7245375000000001 0.45859375 0.721296875 0.46119843749999995 0.7199078125 0.46380156250000004 0.7171296875000001 0.46458281250000005 0.7106484375 0.46692656250000003 0.7074078125 0.46927031250000006 0.702778125 0.4713546875 0.69398125 0.4739578125 0.6893515625 0.47604218749999994 0.6870375 0.4778640625 0.68148125 0.47838593749999997 0.6745375 0.47890625 0.6643515625 0.47838593749999997 0.658796875 0.47890625 0.653703125 0.48020781250000005 0.65 0.48203125 0.647221875 0.484375 0.641203125 0.4869796875 0.6384265625000001 0.48828125 0.6361109375 0.48854218749999995 0.6305562499999999 0.490625 0.6277781250000001 0.49270781250000006 0.6263890625 0.49244843749999995 0.61898125 0.49322968749999996 0.615740625 0.49453125 0.6129625 0.49557343749999994 0.608796875 0.49765625 0.6060187499999999 0.49895781250000004 0.6046296875 0.49921875 0.5986109374999999 0.50078125 0.59398125 0.5002609375 0.590278125 0.4984375 0.5879624999999999 0.49583281250000005 0.5884265625 0.49375 0.5898140625 0.49166718749999994 0.5949078125 0.4890625 0.59444375 0.48619843749999997 0.5953703124999999 0.4830734375 0.5986109374999999 0.4817703125 0.6009265625 0.48229218749999997 0.6018515625 0.48151093749999996 0.6060187499999999 0.48046875 0.6115734374999999 0.47942656250000004 0.6138890625 0.4765625 0.6166671874999999 0.4752609375 0.61851875 0.475 0.6245375 0.4739578125 0.6268515625 0.47239531250000005 0.628703125 0.4713546875 0.633796875 0.4703125 0.6356484375 0.46848906250000005 0.6375 0.46640625 0.6425921875 0.4661453125 0.646296875 0.465625 0.6513890625000001 0.465625 0.6583328125000001 0.4625 0.6611109374999999 0.46119843749999995 0.665740625 0.4596359375 0.6671296875 0.45729218749999995 0.66805625 0.45651093749999994 0.6726859375 0.45234375 0.6865734375 0.4505203125 0.6875 0.44869843749999994 0.691203125 0.446875 0.6976859375 0.44765625 0.7064812500000001 0.44609375 0.70694375 0.4453125 0.708796875 0.44453125 0.7171296875000001 0.44479218749999994 0.721296875 0.4440109375 0.7296296875 0.44505156250000005 0.7333328125 0.44427031250000004 0.7351859375 0.44427031250000004 0.7425921875 0.44635468749999996 0.741203125 0.45078125 0.741203125
4 0.5059890625000001 0.6879625 0.5119796875 0.6754625 0.5140625 0.659721875 0.5138015625000001 0.6518515625 0.5174484374999999 0.6449078125 0.5208328125 0.6388890625 0.5221359375 0.6324078125 0.51953125 0.6268515625 0.51875 0.6166671874999999 0.51796875 0.6115734374999999 0.5158859375 0.608796875 0.51875 0.59351875 0.5231765625 0.5814812500000001 0.5239578125000001 0.5763890625 0.5276046875 0.566203125 0.5307296874999999 0.5578703125 0.5341140625 0.553240625 0.53515625 0.5467593749999999 0.5348953125 0.540740625 0.5375 0.5370375000000001 0.5395828125000001 0.534259375 0.5427078125 0.5291671874999999 0.5489578125000001 0.516203125 0.5520828125 0.5115734375 0.5546875 0.5078703124999999 0.5583328125 0.5027781250000001 0.5622390625 0.4995375 0.56640625 0.49583281250000005 0.5661453125 0.4925921875 0.5638015625 0.490278125 0.5591140625000001 0.49305625 0.5528640625000001 0.49629687499999997 0.5479171875 0.5009265625 0.540625 0.5083328125000001 0.5380203125 0.5106484375 0.5333328125000001 0.5148140625 0.5317703125000001 0.5171296875 0.52890625 0.51944375 0.5260421875 0.5240734375 0.5247390625 0.528240625 0.5223953125 0.5324078125 0.525 0.541203125 0.5236984375 0.5490734374999999 0.5229171874999999 0.5550921875 0.5208328125 0.5611109375 0.5169265625 0.565740625 0.5143234375 0.571296875 0.50859375 0.5800921875 0.5096359374999999 0.5833328125 0.5072921874999999 0.5888890625000001 0.5067703125 0.6041671875 0.5059890625000001 0.616203125 0.50390625 0.6291671875 0.5026046875 0.6384265625000001 0.5002609375 0.6458328125 0.49114531250000004 0.6481484375 0.49192656250000005 0.65694375 0.49661406250000006 0.6615734375 0.49895781250000004 0.66805625 0.49765625 0.68101875
4 0.5052078125 0.5768515625 0.5036453125 0.572221875 0.49921875 0.5740734375 0.5 0.577778125 0.49973906250000005 0.5810187499999999 0.50078125 0.584721875 0.5046875 0.58194375
4 0.5153640625 0.55601875 0.5161453125000001 0.553703125 0.5122390625000001 0.5509265625 0.5114578125 0.5523140625 0.5106765625 0.5495375 0.5098953125000001 0.5504625 0.5088546875 0.5574078124999999 0.50859375 0.5611109375 0.51328125 0.5606484375
4 0.47552031250000004 0.5870375 0.47578125 0.5814812500000001 0.48359375 0.5754625 0.48645781250000003 0.5745375 0.48619843749999997 0.565740625 0.48854218749999995 0.559259375 0.49166718749999994 0.55648125 0.4895828125 0.55 0.48619843749999997 0.55 0.47994843749999994 0.5569437500000001 0.47708281250000006 0.5648140625 0.47265625 0.5675921875000001 0.4713546875 0.571296875 0.46588593749999996 0.5759265625000001 0.46432343749999994 0.5810187499999999 0.46458281250000005 0.583796875 0.46302031250000003 0.5875 0.4674484375 0.59305625 0.47291718749999995 0.5898140625
4 0.6244796874999999 0.9984375 0.6294265625000001 0.9958328125 0.6244796874999999 0.9726859375 0.6197921875 0.953240625 0.6171875 0.9407406249999999 0.6072921874999999 0.9365734375000001 0.6169265625 0.9129625000000001 0.6182296875 0.8953703125000001 0.615625 0.8884265625 0.6208328125 0.8726859375 0.61953125 0.8495375 0.61796875 0.840278125 0.6153640625000001 0.833796875 0.61015625 0.828240625 0.609375 0.8199078125 0.6119796875 0.8134265624999999 0.6153640625000001 0.7995375 0.61328125 0.791203125 0.61015625 0.7861109374999999 0.6088546874999999 0.7759265625 0.6044265625 0.7666671875 0.603125 0.7625 0.5950515625 0.7365734374999999 0.5919265625000001 0.727778125 0.5908859375 0.7171296875000001 0.5916671874999999 0.709721875 0.5908859375 0.6995375 0.5864578125000001 0.697221875 0.5713546875 0.677778125 0.5677078125 0.647221875 0.56640625 0.621296875 0.5653640625 0.6092593749999999 0.56015625 0.6009265625 0.55859375 0.597221875 0.5583328125 0.5796296875 0.5588546875 0.5736109375 0.56015625 0.5680562499999999 0.55859375 0.5629625 0.55703125 0.552778125 0.55703125 0.5449078125 0.559375 0.5370375000000001 0.5604171874999999 0.528703125 0.5645828125000001 0.51805625 0.5674484375 0.508796875 0.57265625 0.5013890625 0.5713546875 0.49398125000000004 0.565625 0.497221875 0.559375 0.503703125 0.5565109374999999 0.5078703124999999 0.5528640625000001 0.5138890625 0.5502609374999999 0.5236109375 0.5473953125000001 0.5296296875000001 0.5455734375 0.5300921875 0.5442703125 0.534259375 0.5450515625000001 0.5379625 0.5427078125 0.5421296875 0.5411453125000001 0.5449078125 0.5421875 0.5504625 0.5434890625000001 0.552778125 0.5395828125000001 0.552778125 0.5380203125 0.5648140625 0.5377609375 0.5675921875000001 0.53671875 0.56898125 0.5359375 0.5754625 0.5369796874999999 0.5800921875 0.5372390625000001 0.590740625 0.53984375 0.596759375 0.5385421874999999 0.5990734375 0.5390625 0.609721875 0.5390625 0.6166671874999999 0.53984375 0.6199078124999999 0.5380203125 0.625 0.5385421874999999 0.63148125 0.53828125 0.6370375 0.5361984375 0.640278125 0.5377609375 0.65 0.5372390625000001 0.6675921875 0.5364578125 0.6800921875 0.5322921875 0.6824078124999999 0.5296875 0.6851859375 0.53359375 0.6893515625 0.5325515625 0.696759375 0.53046875 0.7023140625 0.5296875 0.7101859375 0.5315109375 0.7300921875 0.5302078125 0.7384265625 0.52890625 0.75 0.5299484375 0.7578703124999999 0.5346359374999999 0.7638890625 0.5348953125 0.771296875 0.5296875 0.771759375 0.5299484375 0.7791671874999999 0.53515625 0.783796875 0.53671875 0.7861109374999999 0.5388015625 0.7995375 0.5442703125 0.7990734374999999 0.5473953125000001 0.8157406249999999 0.5385421874999999 0.8171296874999999 0.5328125 0.8333328124999999 0.5361984375 0.8504625000000001 0.5411453125000001 0.8643515624999999 0.5440109375 0.8745375 0.54453125 0.8870374999999999 0.5411453125000001 0.8990734375 0.5317703125000001 0.91805625 0.5307296874999999 0.9324078124999999 0.5346359374999999 0.9402781250000001 0.5372390625000001 0.952778125 0.5322921875 0.9680562500000001 0.53203125 0.9791671875000001 0.5302078125 0.9875 0.5348953125 0.990278125 0.5403640625 0.9907406249999999 0.5434890625000001 0.991203125 0.5502609374999999 0.9953703125000001 0.5671875 0.9984375 0.59453125 0.9984375
4 0.79296875 0.9984375 0.7755203125000001 0.9708328125 0.7731765625 0.9768515624999999 0.7690109374999999 0.9791671875000001 0.76484375 0.983796875 0.7645828125 0.9916671875 0.75859375 0.99398125 0.7575515625 0.996296875 0.7583328125000001 0.9984375
4 0.73671875 0.9504625000000001 0.73515625 0.928703125 0.7372390625 0.9166671875000001 0.7307296875 0.9032406249999999 0.73203125 0.89444375 0.7263015625 0.8856484375000001 0.7239578125 0.8791671875 0.70859375 0.8523140625 0.6934890625000001 0.825 0.6763015625000001 0.7939812500000001 0.6611984375 0.7634265625000001 0.6526046875 0.74398125 0.6036453125000001 0.621296875 0.59765625 0.6060187499999999 0.5846359375 0.5703703124999999 0.5765625 0.5458328125 0.5661453125 0.5578703125 0.5713546875 0.59305625 0.5752609375 0.60694375 0.5822921875 0.6398140625 0.6036453125000001 0.7129624999999999 0.6078125 0.7328703125 0.6127609374999999 0.7310187499999999 0.6151046874999999 0.74398125 0.6135421875 0.7546296875 0.6171875 0.7625 0.61953125 0.76944375 0.6231765625000001 0.7884265625 0.6302078125 0.8106484375 0.6354171875 0.8148140625 0.63671875 0.827778125 0.6401046874999999 0.8453703125 0.65 0.8601859375 0.6510421875 0.8736109375 0.6557296874999999 0.8939812500000001 0.6598953125 0.9134265625 0.6635421874999999 0.922221875 0.6807296875 0.9796296874999999 0.6890625 0.9972218749999999 0.7390625 0.9984375 0.73984375 0.9731484375000001
4 0.45755156250000006 0.9476859375 0.44947968749999995 0.947221875 0.446875 0.9550921875 0.45104218749999997 0.9800921875 0.4640625 0.9699078125 0.46510468749999995 0.9518515624999999
4 0.5197921875 0.7648140625 0.5223953125 0.766203125 0.521875 0.75601875 0.5221359375 0.7495375 0.5216140625000001 0.7444437500000001 0.5174484374999999 0.7444437500000001 0.5138015625000001 0.7486109375 0.5153640625 0.7601859375