4 0.7908859374999999 0.984721875 0.7966140625 0.9606484375000001 0.7947921874999999 0.9328703125000001 0.7861984375 0.921296875 0.7765625 0.9138890625 0.7684890625 0.9138890625 0.7588546875 0.9148140625 0.7489578125 0.9185187499999999 0.7419265625 0.9138890625 0.7341140625 0.9240734375 0.73671875 0.9375 0.7393234375 0.9550921875 0.75546875 0.9666671875 0.7739578125000001 0.98055625
4 0.8736984375000001 0.9984375 0.8778640624999999 0.990278125 0.8783859375 0.9694437499999999 0.8684890624999999 0.9611109375 0.8591140625 0.9546296875 0.8421875 0.9606484375000001 0.83125 0.9578703125000001 0.8356765625 0.978703125 0.8346359375000001 0.9865734375 0.8372390624999999 0.9976859375 0.8403640625 0.9984375
4 0.6432296875 0.7342593749999999 0.6440109374999999 0.7199078125 0.6427078125000001 0.7083328125 0.634375 0.7111109375 0.6255203125000001 0.7129624999999999 0.6174484375 0.709259375 0.6111984374999999 0.7134265625 0.6143234375 0.7236109374999999 0.6171875 0.73055625 0.6263015625 0.7398140625 0.63828125 0.7449078124999999
4 0.5927078125 0.6393515625 0.5981765625000001 0.6379625 0.59921875 0.6296296875 0.5953125 0.6203703125 0.58984375 0.6175921875 0.5838546874999999 0.61851875 0.5802078125000001 0.6194437500000001 0.5815109374999999 0.6300921875000001 0.5875 0.6370375
4 0.5669265625000001 0.646759375 0.5677078125 0.6388890625 0.5677078125 0.628240625 0.5640625 0.61898125 0.5591140625000001 0.615278125 0.55390625 0.603703125 0.55390625 0.5976859375 0.5557296875 0.596296875 0.5575515625 0.5981484375 0.5606765625000001 0.596759375 0.5619796874999999 0.5893515625 0.5611984375 0.58194375 0.5578125 0.5782406250000001 0.5546875 0.5680562499999999 0.55 0.5620375 0.54765625 0.55555625 0.5453125 0.5513890625 0.54296875 0.5476859375 0.5408859374999999 0.547221875 0.5375 0.5388890625 0.534375 0.5333328125000001 0.5317703125000001 0.5291671874999999 0.5299484375 0.5254624999999999 0.5278640625000001 0.522221875 0.5234375 0.5203703125 0.5192703125 0.5203703125 0.5177078125000001 0.5226859375 0.5184890625 0.53055625 0.51875 0.5351859375 0.51953125 0.54305625 0.5213546874999999 0.5435187499999999 0.5229171874999999 0.546296875 0.5260421875 0.5509265625 0.5260421875 0.5583328125 0.5283859375 0.5615734375 0.5283859375 0.5680562499999999 0.5307296874999999 0.5726859375 0.5330734374999999 0.5851859375 0.53671875 0.6 0.53828125 0.60555625 0.5408859374999999 0.6078703125 0.5442703125 0.6101859375 0.54375 0.6208328125 0.5463546874999999 0.628703125 0.5513015625000001 0.641203125 0.5559890625 0.6490734375 0.5559890625 0.652778125 0.5588546875 0.6611109374999999 0.5635421875 0.6625 0.5669265625000001 0.65694375
4 0.48072968749999995 0.602778125 0.47552031250000004 0.6143515625 0.4791671875 0.6240734375 0.48619843749999997 0.6222218749999999 0.48723906250000004 0.6106484375
4 0.49583281250000005 0.577778125 0.49713593749999996 0.5699078125 0.49609375 0.558796875 0.49713593749999996 0.553240625 0.49270781250000006 0.5495375 0.49010468749999997 0.552778125 0.48984375 0.5629625 0.48541718749999996 0.5652781250000001 0.48229218749999997 0.5680562499999999 0.48072968749999995 0.5759265625000001 0.48776093749999994 0.584721875 0.49296875 0.5782406250000001
4 0.0010421875000000001 0.925 0.0106765625 0.922221875 0.0205734375 0.9032406249999999 0.033073437500000004 0.8939812500000001 0.04921875 0.8842593750000001 0.0481765625 0.8666671875 0.0471359375 0.846296875 0.034375 0.8476859375 0.02265625 0.8314812500000001 0.0135421875 0.8375 0.0067703125 0.8504625000000001 0.0020828125 0.8648140625 0 0.8782406249999999 0.0002609375 0.9050921875
4 0.0596359375 0.8486109374999999 0.07109375 0.8583328124999999 0.0799484375 0.859721875 0.0932296875 0.8421296875 0.10390625 0.8393515624999999 0.11640625 0.8254625000000001 0.1213546875 0.8157406249999999 0.11848906249999999 0.7953703125 0.10859375 0.78194375 0.09895781249999999 0.7949078125 0.09296875 0.7958328125 0.0908859375 0.7824078125 0.0828125 0.7708328125 0.0713546875 0.771759375 0.0643234375 0.7828703124999999 0.06901093750000001 0.796296875 0.053125 0.7939812500000001 0.0546875 0.8055562500000001 0.05859375 0.8106484375 0.060676562499999996 0.834259375
4 0.22734375 0.7254625 0.25625 0.7009265625000001 0.2635421875 0.691203125 0.278125 0.6847218749999999 0.2911453125 0.6726859375 0.31015625 0.6550921875 0.33359375 0.6370375 0.36953125 0.6046296875 0.390625 0.5861109375 0.4283859375 0.553703125 0.44479218749999994 0.5393515625 0.45520781250000003 0.53148125 0.4596359375 0.525 0.453125 0.5157406250000001 0.43671875 0.5208328125 0.42760468749999997 0.5328703124999999 0.42526093749999994 0.5421296875 0.4075515625 0.55601875 0.3794265625 0.56898125 0.3677078125 0.584721875 0.3552078125 0.5898140625 0.35 0.5898140625 0.3453125 0.603703125 0.3354171875 0.6106484375 0.328125 0.6078703125 0.3169265625 0.6111109375 0.3127609375 0.6194437500000001 0.30390625 0.61851875 0.2880203125 0.6231484375 0.2802078125 0.6328703124999999 0.2802078125 0.6449078125 0.271875 0.6481484375 0.2604171875 0.6439812500000001 0.24921875 0.6476859375 0.2473953125 0.65601875 0.2486984375 0.6625 0.2377609375 0.665740625 0.2302078125 0.6620375000000001 0.2236984375 0.6625 0.2234375 0.672221875 0.2203125 0.6870375 0.21171875 0.6893515625 0.20234375 0.6856484375 0.2 0.6666671875 0.1901046875 0.6898140625 0.1901046875 0.7 0.1778640625 0.7046296875 0.1703125 0.7 0.1669265625 0.7106484375 0.16640625 0.73055625 0.15546875 0.728240625 0.1567703125 0.7476859375 0.1515625 0.7578703124999999 0.1265625 0.74305625 0.12734375 0.7754624999999999 0.1307296875 0.79305625 0.1502609375 0.7916671875 0.1901046875 0.7601859375
4 0.1502609375 0.7023140625 0.1578125 0.6995375 0.1552078125 0.6898140625 0.1479171875 0.68148125 0.1432296875 0.6736109375 0.1348953125 0.6796296875000001 0.1213546875 0.69398125 0.1153640625 0.696296875 0.11875 0.7120375 0.1276046875 0.7143515625 0.1401046875 0.7106484375
4 0.2044265625 0.6625 0.2059890625 0.6643515625 0.2153640625 0.6643515625 0.22265625 0.658796875 0.2223953125 0.6541671874999999 0.2244796875 0.6509265625 0.2247390625 0.647221875 0.22578125 0.6416671875 0.2299484375 0.6476859375 0.2338546875 0.6495375 0.2364578125 0.6416671875 0.2348953125 0.6328703124999999 0.2348953125 0.6240734375 0.2416671875 0.6226859375 0.24609375 0.61898125 0.2466140625 0.6134265625 0.2447921875 0.6101859375 0.1861984375 0.640278125 0.1830734375 0.6421296875 0.1856765625 0.64444375 0.1971359375 0.6476859375 0.19765625 0.65648125
4 0.2703125 0.6092593749999999 0.2713546875 0.6134265625 0.2739578125 0.6148140625 0.275 0.6120375 0.2763015625 0.6101859375 0.2807296875 0.6115734374999999 0.28515625 0.6115734374999999 0.29140625 0.6074078125 0.29453125 0.609721875 0.3 0.6143515625 0.309375 0.6148140625 0.3135421875 0.6134265625 0.32265625 0.60694375 0.3244796875 0.603703125 0.3223953125 0.5986109374999999 0.3213546875 0.5925921875 0.3216140625 0.5856484375 0.3197921875 0.578703125 0.3158859375 0.5782406250000001 0.31015625 0.584721875 0.3072921875 0.5856484375 0.3059890625 0.5800921875 0.2708328125 0.597221875 0.2705734375 0.6004625 0.2716140625 0.603240625 0.27109375 0.6074078125
4 0.3424484375 0.5995375000000001 0.3421875 0.5884265625 0.3401046875 0.5824078125 0.3330734375 0.58055625 0.3307296875 0.583796875 0.33203125 0.597221875 0.3356765625 0.6018515625 0.3393234375 0.6013890625
4 0.3833328125 0.552778125 0.3807296875 0.5439812500000001 0.36640625 0.5509265625 0.36640625 0.5523140625 0.36796875 0.5597218749999999 0.3755203125 0.5620375 0.3841140625 0.5643515625