4 0.8049484375 0.9055562500000001 0.7783859375 0.8736109375 0.7518234374999999 0.8351859375 0.7268234375 0.8351859375 0.7231765625000001 0.8726859375 0.7611984374999999 0.9481484375000001 0.77265625 0.9976859375 0.8684890624999999 0.9976859375 0.86640625 0.9810187499999999 0.8671875 0.9875 0.8416671875 0.9560187499999999
4 0.6924484375 0.75601875 0.6747390625 0.7398140625 0.6625 0.7273140625 0.6481765625 0.721759375 0.6317703125 0.7115734375 0.6200515625 0.71898125 0.6184890625 0.7254625 0.6184890625 0.7388890625 0.6247390625 0.7490734375 0.6338546875 0.7625 0.6526046875 0.777778125 0.6721359375 0.80694375 0.6924484375 0.8157406249999999 0.7098953125 0.7995375 0.7020828125 0.778703125 0.6971359374999999 0.7689812500000001
4 0.5981765625000001 0.7236109374999999 0.596875 0.7254625 0.59765625 0.7425921875 0.6091140625 0.7458328125 0.6098953125000001 0.7300921875 0.6080734375 0.7240734375
4 0.6315109375 0.6865734375 0.6315109375 0.6754625 0.6234375 0.6546296875000001 0.6114578125000001 0.6370375 0.6020828125000001 0.6245375 0.5981765625000001 0.61898125 0.5911453125 0.6171296875000001 0.58984375 0.6171296875000001 0.5859375 0.6194437500000001 0.5846359375 0.6245375 0.584375 0.6393515625 0.5888015625 0.6546296875000001 0.59453125 0.6671296875 0.6013015625 0.6768515625 0.6067703125 0.6898140625 0.6104171875 0.6981484375 0.6166671874999999 0.702778125 0.625 0.702778125 0.6291671875 0.697221875 0.6291671875 0.6953703124999999
4 0.0205734375 0.7967593749999999 0.025 0.79444375 0.0325515625 0.790278125 0.0361984375 0.7884265625 0.043489062499999995 0.78194375 0.0536453125 0.7759265625 0.0796875 0.7657406250000001 0.09140625 0.746759375 0.10286406249999999 0.74351875 0.1088546875 0.733796875 0.1111984375 0.7296296875 0.1020828125 0.716203125 0.0984375 0.7120375 0.0421875 0.7449078124999999 0.003125 0.76944375 0.0020828125 0.7736109375 0.00078125 0.7949078125 0.005207812500000001 0.8050921875 0.0098953125 0.8032406249999999
4 0.1765625 0.6995375 0.1770828125 0.6861109375 0.16875 0.6773140625 0.1614578125 0.6754625 0.1565109375 0.6773140625 0.1502609375 0.6893515625 0.1502609375 0.7041671875 0.1513015625 0.7101859375 0.1552078125 0.7115734375
4 0.2572921875 0.6476859375 0.2778640625 0.6333328125000001 0.2903640625 0.6263890625 0.3098953125 0.6166671874999999 0.3203125 0.6060187499999999 0.334375 0.6004625 0.33203125 0.5916671874999999 0.3247390625 0.5884265625 0.3200515625 0.5856484375 0.2380203125 0.63101875 0.2114578125 0.6449078125 0.2104171875 0.6490734375 0.2091140625 0.6620375000000001 0.21015625 0.6773140625 0.2169265625 0.672221875
4 0.43515625 0.55648125 0.4375 0.55648125 0.44088593749999994 0.5546296875000001 0.45104218749999997 0.5513890625 0.4557296875 0.5490734374999999 0.4596359375 0.5453703125 0.46536406250000006 0.540278125 0.46953125 0.5370375000000001 0.4739578125 0.533796875 0.47734375 0.5300921875 0.48255156250000003 0.5254624999999999 0.48645781250000003 0.522221875 0.49140625 0.5203703125 0.4934890625 0.5189812500000001 0.4947921875 0.51805625 0.49661406250000006 0.5157406250000001 0.49713593749999996 0.5148140625 0.49713593749999996 0.5129625 0.49583281250000005 0.508796875 0.490625 0.5046296875 0.45546875 0.5208328125 0.434375 0.5300921875 0.43411406250000006 0.53194375 0.43203125 0.5370375000000001 0.43203125 0.54444375 0.43359375 0.5513890625
4 0.3791671875 0.5861109375 0.3901046875 0.5796296875 0.39921875 0.572221875 0.4088546875 0.5643515625 0.409375 0.5574078124999999 0.40859375 0.552778125 0.4075515625 0.55 0.40286406250000006 0.54444375 0.3682296875 0.5601859375 0.3666671875 0.5625 0.3640625 0.56898125 0.365625 0.578703125 0.3729171875 0.583796875
4 0.6294265625000001 0.5615734375 0.5984375 0.533796875 0.5947921875 0.5384265625 0.58515625 0.5421296875 0.5838546874999999 0.5467593749999999 0.5880203125000001 0.5513890625 0.5903640625000001 0.553703125 0.59453125 0.5569437500000001 0.59765625 0.5597218749999999 0.6 0.5638890625 0.6028640625 0.5671296875 0.6119796875 0.5680562499999999 0.6231765625000001 0.5759265625000001 0.6359375 0.5824078125 0.65859375 0.6013890625 0.67265625 0.6018515625 0.6721359375 0.6 0.66171875 0.590740625
4 0.5703125 0.508796875 0.56328125 0.503240625 0.5546875 0.503703125 0.5473953125000001 0.5083328125000001 0.5458328125 0.5125 0.5463546874999999 0.516203125 0.55078125 0.521759375 0.5557296875 0.5254624999999999 0.5619796874999999 0.53194375 0.5708328125000001 0.5416671875 0.5796875 0.5421296875 0.590625 0.5328703124999999 0.5927078125 0.5296296875000001 0.5822921875 0.51944375
4 0.5666671875 0.4976859375 0.56640625 0.49861093749999996 0.5658859374999999 0.5004625 0.5661453125 0.503240625 0.5669265625000001 0.5041671875 0.5705734375 0.503703125 0.5763015625000001 0.49583281250000005 0.5752609375 0.49537031249999997 0.5729171875 0.49537031249999997 0.5705734375 0.49583281250000005 0.5690109375 0.49583281250000005