4 0.6484375 0.8578712121212122 0.65078125 0.8671287878787879 0.6497395833333334 0.8726856060606061 0.6549479166666666 0.8754621212121213 0.6565104166666667 0.8805549242424242 0.6557291666666667 0.8847215909090909 0.6572916666666667 0.9041666666666667 0.6580729166666667 0.9069450757575758 0.6622395833333333 0.9083333333333333 0.6622395833333333 0.9138882575757576 0.6611979166666667 0.9166666666666666 0.6731770833333334 0.9592594696969696 0.6768229166666667 0.9662045454545455 0.6770833333333334 0.9740738636363637 0.6854166666666667 0.9995378787878787 0.72421875 0.9995378787878787 0.72890625 0.9819450757575757 0.7307291666666667 0.9648143939393939 0.7296875 0.9509261363636363 0.7265625 0.9453712121212121 0.71640625 0.9351856060606061 0.715625 0.9180549242424243 0.7104166666666667 0.9120378787878788 0.7096354166666666 0.9078712121212121 0.70546875 0.9046287878787879 0.6895833333333333 0.8259261363636363 0.6872395833333333 0.8189810606060607 0.6817708333333333 0.8111117424242424 0.6770833333333334 0.8111117424242424 0.67265625 0.8087954545454545 0.6661458333333333 0.7870378787878788 0.6583333333333333 0.7805549242424242 0.6526041666666667 0.7842594696969697 0.64609375 0.7833333333333333 0.6421875 0.7865738636363636 0.63828125 0.8050928030303031 0.6369791666666667 0.8064810606060606 0.6364583333333333 0.8101856060606061 0.6453125 0.8532405303030304 0.6463541666666667 0.8564810606060606 0.6484375 0.8578712121212122
4 0.41953125 0.875 0.43255208333333334 0.8726856060606061 0.4393229166666667 0.8560189393939394 0.44088541666666664 0.8458333333333333 0.44036458333333334 0.842592803030303 0.44166666666666665 0.8379621212121212 0.44192708333333336 0.8231477272727273 0.43984375 0.8143522727272727 0.43072916666666666 0.807871212121212 0.4231770833333333 0.8064810606060606 0.41692708333333334 0.8138882575757576 0.41640625 0.817128787878788 0.41875 0.8370378787878788 0.4158854166666667 0.8606477272727273 0.4158854166666667 0.8726856060606061 0.41953125 0.875
4 0.5739583333333333 0.9370378787878787 0.5752604166666667 0.9416666666666667 0.5752604166666667 0.9472215909090909 0.5768229166666666 0.9509261363636363 0.5768229166666666 0.9546287878787878 0.5799479166666667 0.957407196969697 0.5916666666666667 0.9564810606060606 0.5916666666666667 0.9532405303030302 0.5971354166666667 0.9393522727272727 0.59765625 0.9351856060606061 0.596875 0.932871212121212 0.6018229166666667 0.909721590909091 0.6026041666666667 0.9009261363636364 0.5971354166666667 0.8569450757575757 0.5955729166666667 0.8527784090909091 0.5838541666666667 0.8490738636363636 0.5760416666666667 0.8509261363636363 0.5716145833333334 0.8541666666666666 0.5708333333333333 0.8569450757575757 0.5716145833333334 0.8657405303030303 0.5736979166666667 0.8694450757575758 0.5739583333333333 0.9370378787878787
4 0.5674864583333333 0.6871988636363636 0.5555614583333334 0.6813503787878787 0.5485708333333333 0.7157102272727273 0.5604958333333333 0.7807746212121213 0.5769447916666667 0.7822367424242425 0.5695427083333333 0.7361799242424242 0.5703656250000001 0.7062064393939395 0.5674864583333333 0.6871988636363636
4 0.5547385416666667 0.5599943181818182 0.5580291666666667 0.5300208333333334 0.5638562500000001 0.5138068181818182 0.5636125 0.5025094696969696 0.5622677083333334 0.4981647727272727 0.5489822916666667 0.5219791666666667 0.5440468749999999 0.5461041666666667 0.5428135416666666 0.5665738636363636 0.5436364583333333 0.5877746212121213 0.5403458333333333 0.6104375 0.5448697916666667 0.6352935606060606 0.5489822916666667 0.6491837121212122 0.5493927083333333 0.6630738636363637 0.5646083333333334 0.6718465909090909 0.5687208333333333 0.6572253787878788 0.5617302083333333 0.6331003787878787 0.5555614583333334 0.5987405303030303 0.5547385416666667 0.5599943181818182
4 0.16927083333333334 0.9592594696969696 0.17369791666666667 0.9592594696969696 0.1734375 0.957407196969697 0.18932291666666667 0.9282405303030303 0.19713541666666667 0.9171287878787879 0.2015625 0.9083333333333333 0.20625 0.9041666666666667 0.2140625 0.8916666666666667 0.21901041666666668 0.8884261363636363 0.22083333333333333 0.8842594696969697 0.22447916666666667 0.8856477272727273 0.225 0.879628787878788 0.22838541666666667 0.8754621212121213 0.23229166666666667 0.8740738636363636 0.23489583333333333 0.8680549242424243 0.24088541666666666 0.8611117424242424 0.24010416666666667 0.860185606060606 0.24010416666666667 0.8532405303030304 0.24348958333333334 0.8495378787878788 0.24739583333333334 0.8412045454545455 0.24921875 0.8412045454545455 0.2518229166666667 0.8495378787878788 0.253125 0.8412045454545455 0.26067708333333334 0.8351856060606061 0.2674479166666667 0.8259261363636363 0.26666666666666666 0.8212954545454546 0.2703125 0.8143522727272727 0.26901041666666664 0.8055549242424243 0.26953125 0.7986117424242424 0.2669270833333333 0.7916666666666666 0.2682291666666667 0.7828712121212121 0.25859375 0.7773143939393939 0.251128125 0.7882708333333334 0.215625 0.8185189393939394 0.21145833333333333 0.8240738636363636 0.20494791666666667 0.827314393939394 0.20260416666666667 0.8337954545454546 0.19817708333333334 0.8407405303030303 0.18958333333333333 0.8444450757575758 0.18697916666666667 0.8546287878787879 0.16848958333333333 0.8944450757575757 0.16588541666666667 0.8962954545454546 0.16432291666666668 0.9115738636363636 0.15729166666666666 0.9194450757575757 0.15677083333333333 0.9277784090909091 0.15833333333333333 0.9300928030303031 0.15963541666666667 0.9379621212121213 0.15807291666666667 0.9439810606060607 0.15364583333333334 0.9472215909090909 0.15234375 0.9541666666666667 0.15182291666666667 0.9587954545454546 0.15390625 0.9634261363636364 0.16276041666666666 0.9634261363636364 0.16927083333333334 0.9592594696969696
4 0.59921875 0.7004621212121211 0.5989583333333334 0.7046287878787878 0.6026041666666667 0.717592803030303 0.6072916666666667 0.7231477272727272 0.6138020833333333 0.717592803030303 0.6203125 0.7060189393939394 0.62421875 0.702314393939394 0.6265625 0.6962954545454546 0.6265625 0.6888882575757576 0.6244791666666667 0.6810189393939393 0.6161458333333333 0.6652784090909091 0.6140625 0.6638882575757576 0.6109375 0.652778409090909 0.6114583333333333 0.6458333333333334 0.6104166666666667 0.6412045454545454 0.6111979166666667 0.6384261363636363 0.6098958333333333 0.635185606060606 0.6091145833333333 0.6259261363636364 0.6119791666666666 0.6222215909090909 0.6091145833333333 0.6180549242424243 0.6078125 0.6138882575757575 0.6083333333333333 0.6111117424242424 0.6013020833333333 0.5976856060606061 0.60078125 0.594907196969697 0.6018229166666667 0.5912045454545455 0.5994791666666667 0.572685606060606 0.5955729166666667 0.5611117424242424 0.5908854166666667 0.5555549242424243 0.5880208333333333 0.547685606060606 0.5888020833333333 0.544907196969697 0.5877604166666667 0.5402784090909091 0.58828125 0.5351856060606061 0.590278125 0.532407196969697 0.5966145833333333 0.5291666666666667 0.596875 0.505092803030303 0.5940104166666667 0.5013882575757576 0.5942708333333333 0.4976856060606061 0.5924479166666666 0.4944450757575758 0.5932291666666667 0.4916666666666667 0.5958333333333333 0.48981439393939397 0.5934895833333333 0.4870378787878788 0.5916666666666667 0.4814810606060606 0.5872395833333334 0.4810189393939394 0.5802083333333333 0.48333333333333334 0.5783854166666667 0.4847215909090909 0.571875 0.4976856060606061 0.56484375 0.5013882575757576 0.5638020833333334 0.504628787878788 0.5643229166666667 0.5486117424242424 0.5692708333333333 0.5912045454545455 0.5953125 0.692592803030303 0.59921875 0.7004621212121211
4 0.5121635416666667 0.6170018939393939 0.5166666666666667 0.6087954545454546 0.5157072916666666 0.6050530303030304 0.517540625 0.5909318181818182 0.5197916666666667 0.5842594696969696 0.5244791666666667 0.567128787878788 0.5291666666666667 0.5601856060606061 0.5299479166666666 0.5546287878787879 0.53125 0.5527784090909091 0.53125 0.544907196969697 0.53296875 0.5404621212121211 0.53671875 0.5337954545454545 0.5408854166666667 0.5305549242424242 0.5453125 0.5208333333333334 0.547603125 0.5153276515151516 0.5507802083333334 0.5101136363636363 0.5605572916666667 0.4990340909090909 0.5643447916666666 0.4962083333333333 0.5677083333333334 0.4939810606060606 0.5658854166666667 0.48888825757575755 0.5638020833333334 0.48796212121212124 0.5536458333333333 0.4939810606060606 0.53515625 0.5120378787878788 0.5330729166666667 0.5180549242424243 0.5291666666666667 0.5189810606060606 0.5225510416666667 0.5274943181818181 0.5176625 0.5368352272727273 0.5219395833333333 0.5409640151515152 0.524384375 0.5411799242424242 0.5242614583333334 0.5470473484848485 0.51875 0.5481477272727273 0.5174479166666667 0.5509261363636364 0.5177083333333333 0.5564810606060606 0.5151041666666667 0.5615738636363636 0.5151041666666667 0.5685189393939394 0.51328125 0.5722215909090909 0.5122395833333333 0.5833333333333334 0.5098958333333333 0.5912045454545455 0.5091145833333334 0.5990738636363636 0.5106770833333333 0.6037045454545454 0.5098958333333333 0.607407196969697 0.5121635416666667 0.6170018939393939
4 0.5158291666666667 0.539876893939394 0.5132635416666667 0.5463939393939393 0.508253125 0.5546496212121212 0.5020208333333334 0.5655132575757575 0.49762083333333335 0.572248106060606 0.4952989583333334 0.5787651515151515 0.49248854166666667 0.5872386363636364 0.491021875 0.5961458333333333 0.48918854166666664 0.6054886363636364 0.4867447916666666 0.6165681818181818 0.492121875 0.6191742424242423 0.4961541666666667 0.603314393939394 0.5018979166666667 0.6028806818181819 0.5020208333333334 0.5891931818181818 0.5022645833333333 0.5881079545454546 0.51191875 0.5631231060606061 0.5170520833333333 0.5518257575757576 0.5209625 0.5433522727272727 0.5158291666666667 0.539876893939394
4 0.5013020833333334 0.7087954545454546 0.50390625 0.6800928030303031 0.5057291666666667 0.6736117424242424 0.5044270833333333 0.669907196969697 0.50625 0.6569450757575758 0.50390625 0.6412045454545454 0.5015625 0.6393522727272727 0.49973958333333335 0.6416666666666667 0.49765625 0.6537045454545455 0.4981770833333333 0.6620378787878788 0.49375 0.6736117424242424 0.4921875 0.6810189393939393 0.4875 0.6902784090909091 0.48723958333333334 0.7162045454545455 0.48984375 0.7180549242424242 0.4979166666666667 0.7185189393939394 0.5013020833333334 0.7087954545454546
4 0.375 0.9509261363636363 0.37604166666666666 0.9726856060606061 0.37838541666666664 0.9782405303030303 0.3815104166666667 0.9935189393939393 0.3846354166666667 0.9972215909090909 0.3848958333333333 0.9995378787878787 0.4200520833333333 0.9995378787878787 0.42135416666666664 0.9939810606060606 0.42135416666666664 0.9856477272727273 0.41875 0.9805549242424242 0.41875 0.9703712121212121 0.41328125 0.9671287878787879 0.41328125 0.9615738636363637 0.41458333333333336 0.9564810606060606 0.41822916666666665 0.9504621212121211 0.41822916666666665 0.942592803030303 0.4192708333333333 0.9398143939393939 0.4161458333333333 0.9120378787878788 0.4122395833333333 0.9092594696969697 0.4075520833333333 0.9087954545454545 0.4005208333333333 0.902778409090909 0.3963541666666667 0.902778409090909 0.39036458333333335 0.9078712121212121 0.38828125 0.9236117424242424 0.39010416666666664 0.932407196969697 0.3893229166666667 0.942592803030303 0.375 0.9509261363636363