4 0.44921875 0.9984375 0.453125 0.9717593750000001 0.4583328125 0.9476859375 0.4544265625 0.9259265624999999 0.44557343749999995 0.9171296874999999 0.43463593749999996 0.9125 0.41458281250000006 0.91805625 0.40234375 0.9467593750000001 0.40234375 0.9717593750000001 0.41640625 0.9984375
4 0.46145781250000006 0.8722218749999999 0.47630156250000005 0.8870374999999999 0.48463593749999995 0.884721875 0.49427031250000003 0.8675921875 0.48723906250000004 0.7921296875 0.49244843749999995 0.69398125 0.5002609375 0.6643515625 0.5052078125 0.6398140625 0.5098953125000001 0.625 0.5078125 0.6013890625 0.5114578125 0.596296875 0.5158859375 0.5865734375 0.5158859375 0.5791671875 0.5119796875 0.558796875 0.5052078125 0.56898125 0.5002609375 0.5916671874999999 0.45 0.7703703125 0.44427031250000004 0.7898140625 0.44036406250000004 0.8310187499999999 0.45260468749999994 0.8481484375000001
4 0.47890625 0.63101875 0.48463593749999995 0.63101875 0.48619843749999997 0.6268515625 0.48645781250000003 0.6222218749999999 0.48645781250000003 0.615740625 0.4859375 0.6125 0.48151093749999996 0.6101859375 0.47447968749999997 0.615740625 0.47578125 0.625 0.47760468749999996 0.6300921875000001
4 0.5044265625000001 0.559259375 0.5046875 0.559259375 0.5059890625000001 0.5569437500000001 0.5065109375 0.5518515625 0.5065109375 0.5509265625 0.5044265625000001 0.5449078125 0.49895781250000004 0.5490734374999999 0.49947968749999994 0.55555625 0.5015625 0.558796875
4 0.525 0.5361109374999999 0.5299484375 0.528703125 0.53046875 0.5236109375 0.5309890625 0.51944375 0.53515625 0.5050921875000001 0.5388015625 0.4990734375 0.53125 0.5023140625 0.5229171874999999 0.5171296875 0.5171875 0.5365734375 0.5140625 0.54305625 0.5143234375 0.5541671874999999 0.5216140625000001 0.55601875
4 0.5661453125 0.9984375 0.60390625 0.9984375 0.6046875 0.978240625 0.6041671875 0.9629625 0.5932296874999999 0.9476859375 0.5833328125 0.9375 0.5721359374999999 0.9449078125 0.5619796874999999 0.9574078125 0.5591140625000001 0.9773140625 0.56328125 0.99444375
4 0.5575515625 0.9236109375 0.5723953125000001 0.9291671875 0.5830734375 0.93148125 0.59375 0.9333328125 0.6049484374999999 0.9185187499999999 0.603125 0.8958328124999999 0.6020828125000001 0.8777781250000001 0.590625 0.853240625 0.5765625 0.852778125 0.5625 0.8578703125 0.5458328125 0.8759265624999999 0.5471359375 0.89444375 0.55 0.9101859375
4 0.5596359375 0.852778125 0.5861984375 0.8481484375000001 0.5953125 0.8467593750000001 0.5903640625000001 0.8097218749999999 0.5825515625000001 0.8018515624999999 0.565625 0.7949078125 0.55234375 0.8152781250000001 0.5520828125 0.8388890625000001 0.5520828125 0.8430562500000001
4 0.5833328125 0.7773140625 0.584375 0.7550921875000001 0.5807296875 0.7384265625 0.5658859374999999 0.7046296875 0.5638015625 0.66805625 0.55546875 0.6351859375 0.5533859375 0.608796875 0.54921875 0.5833328125 0.5473953125000001 0.5638890625 0.5463546874999999 0.5495375 0.54609375 0.5356484375 0.5463546874999999 0.5157406250000001 0.54765625 0.5078703124999999 0.54375 0.50648125 0.5380203125 0.51944375 0.5328125 0.546296875 0.5333328125000001 0.5824078125 0.5302078125 0.6166671874999999 0.5317703125000001 0.6384265625000001 0.5302078125 0.6634265625 0.5283859375 0.6856484375 0.5283859375 0.6986109375 0.5393234375 0.7240734375 0.5450515625000001 0.7574078125 0.5450515625000001 0.7875 0.5588546875 0.7925921875 0.5731765625 0.7851859375
4 0.6763015625000001 0.8981484375000001 0.6809890625 0.9208328124999999 0.6841140625000001 0.9370375 0.6888015625 0.9453703125 0.6963546875 0.959721875 0.7013015625000001 0.9726859375 0.7036453125000001 0.984259375 0.7098953125 0.9984375 0.7455734374999999 0.9984375 0.7458328125 0.984721875 0.74375 0.9578703125000001 0.7380203125 0.9296296875 0.71484375 0.852778125 0.7072921875 0.8305562500000001 0.6809890625 0.808796875 0.6770828125 0.7990734374999999 0.6783859375 0.791203125 0.6544265625000001 0.79305625 0.6494796875 0.8171296874999999 0.6583328125000001 0.8486109374999999 0.66953125 0.8657406249999999
4 0.6283859374999999 0.8134265624999999 0.6348953125000001 0.8157406249999999 0.6372390625000001 0.8023140625 0.6377609375 0.7893515625 0.6354171875 0.7856484375 0.6294265625000001 0.778240625 0.6236984375 0.7861109374999999 0.621875 0.79305625 0.6260421875 0.8050921875
4 0.6388015625000001 0.6870375 0.6408859375 0.6726859375 0.64375 0.65601875 0.6299484375 0.6277781250000001 0.6109375 0.5879624999999999 0.6015625 0.56851875 0.5919265625000001 0.5435187499999999 0.58125 0.515278125 0.578125 0.50648125 0.5609375 0.5074078125 0.5536453125 0.5106484375 0.5528640625000001 0.5166671875 0.5544265625 0.541203125 0.5669265625000001 0.6004625 0.5763015625000001 0.6356484375 0.5864578125000001 0.6745375 0.6046875 0.7240734375 0.61328125 0.7421296875000001 0.6169265625 0.7518515625 0.6247390625 0.75601875 0.64609375 0.771759375 0.65234375 0.7490734375 0.6458328125 0.721296875 0.6388015625000001 0.7060187499999999