4 0.44947916666666665 0.8592594696969698 0.45234375 0.8662045454545454 0.45677083333333335 0.8694450757575758 0.4578125 0.8726856060606061 0.45755208333333336 0.8768522727272727 0.46171875 0.8879621212121211 0.4666666666666667 0.8912045454545454 0.4708333333333333 0.8907405303030302 0.4778645833333333 0.8837954545454546 0.4822916666666667 0.8842594696969697 0.48489583333333336 0.8814810606060607 0.4856770833333333 0.8759261363636364 0.4895833333333333 0.8689810606060606 0.490625 0.8620378787878789 0.48854166666666665 0.8532405303030304 0.49140625 0.734721590909091 0.49505208333333334 0.717592803030303 0.49609375 0.6898143939393939 0.5020833333333333 0.6615738636363636 0.503125 0.6495378787878788 0.5067708333333333 0.6305549242424242 0.5072916666666667 0.6152784090909091 0.5096354166666667 0.6069450757575757 0.5122395833333333 0.5898143939393939 0.5151041666666667 0.5810189393939394 0.5151041666666667 0.5722215909090909 0.5138020833333333 0.5699071969696969 0.5096354166666667 0.567592803030303 0.5067708333333333 0.572685606060606 0.4869791666666667 0.6305549242424242 0.48776041666666664 0.6324071969696969 0.48671875 0.6384261363636363 0.48776041666666664 0.6456022727272727 0.46796875 0.7259261363636363 0.46588541666666666 0.7282405303030304 0.46380208333333334 0.7379621212121212 0.45859375 0.7472215909090909 0.45651041666666664 0.7592594696969697 0.45625 0.7634261363636363 0.45729166666666665 0.7666666666666667 0.4557291666666667 0.7810189393939394 0.44921875 0.8064810606060606 0.44817708333333334 0.8143522727272727 0.4479166666666667 0.822685606060606 0.44921875 0.8347215909090909 0.4479166666666667 0.8467594696969697 0.44947916666666665 0.8592594696969698
4 0.4875 0.6240738636363636 0.48723958333333334 0.609721590909091 0.48541666666666666 0.6083333333333333 0.4783854166666667 0.6129621212121212 0.47552083333333334 0.6208333333333333 0.47552083333333334 0.6268522727272727 0.47734375 0.6305549242424242 0.48463541666666665 0.629628787878788 0.4875 0.6240738636363636
4 0.5057291666666667 0.5606477272727273 0.5067708333333333 0.5564810606060606 0.5057291666666667 0.5402784090909091 0.5002604166666667 0.5430549242424243 0.49921875 0.5444450757575757 0.49973958333333335 0.5587954545454545 0.5015625 0.5611117424242424 0.5057291666666667 0.5606477272727273
4 0.5299479166666666 0.6569450757575758 0.52890625 0.6578712121212121 0.5291666666666667 0.6972215909090909 0.5317708333333333 0.7013882575757576 0.5411458333333333 0.7018522727272727 0.5440104166666667 0.707407196969697 0.5434895833333333 0.732407196969697 0.5447916666666667 0.7439810606060606 0.546875 0.7513882575757576 0.5471354166666667 0.7634261363636363 0.5484375 0.7685189393939394 0.5471354166666667 0.7782405303030303 0.5473958333333333 0.7879621212121212 0.5502604166666667 0.7907405303030304 0.5614260416666668 0.7912045454545454 0.5643229166666667 0.7930549242424243 0.5661458333333333 0.7907405303030304 0.57421875 0.7680549242424243 0.5755208333333334 0.7671287878787878 0.57421875 0.7629621212121211 0.57578125 0.7597215909090909 0.5510416666666667 0.6009261363636363 0.5515625 0.5912045454545455 0.55 0.5708333333333333 0.5505208333333333 0.5643522727272727 0.5484375 0.557407196969697 0.5502604166666667 0.5486117424242424 0.5497395833333333 0.5129621212121211 0.5473958333333333 0.5032405303030303 0.5458333333333333 0.5009261363636364 0.5447916666666667 0.5004621212121213 0.54140625 0.5064810606060607 0.5369791666666667 0.519907196969697 0.53203125 0.5486117424242424 0.53046875 0.5796287878787878 0.5325520833333334 0.6175928030303031 0.53046875 0.6342594696969697 0.53203125 0.6458333333333334 0.5299479166666666 0.6569450757575758
4 0.41640625 0.9995378787878787 0.45651041666666664 0.9995378787878787 0.4578125 0.9944450757575758 0.45703125 0.9893522727272728 0.45859375 0.9759261363636363 0.4609375 0.9740738636363637 0.46119791666666665 0.9717594696969698 0.46015625 0.9620378787878788 0.45807291666666666 0.9587954545454546 0.4609375 0.9509261363636363 0.45807291666666666 0.9462954545454546 0.45677083333333335 0.9393522727272727 0.4549479166666667 0.9356477272727273 0.44817708333333334 0.9342594696969697 0.4432291666666667 0.9310189393939393 0.4388020833333333 0.932407196969697 0.43411458333333336 0.9384261363636364 0.43072916666666666 0.9379621212121213 0.4200520833333333 0.9314810606060606 0.4161458333333333 0.9347215909090909 0.40911458333333334 0.9625 0.40911458333333334 0.9722215909090909 0.41484375 0.9828712121212122 0.41640625 0.9898143939393939 0.41640625 0.9995378787878787
4 0.45859375 0.9236117424242424 0.47109375 0.919907196969697 0.471875 0.9120378787878788 0.4744791666666667 0.9037045454545455 0.46796875 0.8842594696969697 0.46458333333333335 0.8791666666666667 0.4588541666666667 0.8777784090909091 0.45260416666666664 0.8893522727272727 0.44921875 0.8921287878787878 0.44895833333333335 0.8962954545454546 0.45260416666666664 0.9120378787878788 0.453125 0.919907196969697 0.45859375 0.9236117424242424
4 0.3885416666666667 0.9680549242424242 0.396875 0.9629621212121212 0.4015625 0.9509261363636363 0.39869791666666665 0.9370378787878787 0.39401041666666664 0.9282405303030303 0.39427083333333335 0.919907196969697 0.39114583333333336 0.917592803030303 0.3846354166666667 0.9171287878787879 0.38046875 0.9277784090909091 0.37916666666666665 0.9393522727272727 0.3802083333333333 0.947685606060606 0.3841145833333333 0.9620378787878788 0.3885416666666667 0.9680549242424242
4 0.55234375 0.9236117424242424 0.5541666666666667 0.9268522727272727 0.5643229166666667 0.9356477272727273 0.5744791666666667 0.9375 0.5760416666666667 0.9416666666666667 0.5846354166666666 0.905092803030303 0.5856770833333333 0.9041666666666667 0.5828125 0.8953712121212121 0.5854166666666667 0.8912045454545454 0.5911458333333334 0.8893522727272727 0.5924479166666666 0.8842594696969697 0.590625 0.8768522727272727 0.5861979166666667 0.8745378787878787 0.5796875 0.8736117424242424 0.5752604166666667 0.8763882575757576 0.5723958333333333 0.8740738636363636 0.56015625 0.8736117424242424 0.5567708333333333 0.8754621212121213 0.553125 0.8870378787878788 0.5486979166666667 0.8935189393939394 0.5481770833333334 0.9 0.5455729166666666 0.9083333333333333 0.5505208333333333 0.9152784090909091 0.55234375 0.9236117424242424
4 0.5559895833333334 0.9967594696969697 0.55625 0.9995378787878787 0.6151041666666667 0.9995378787878787 0.6171875 0.9939810606060606 0.6158854166666666 0.9893522727272728 0.61640625 0.9861117424242425 0.6153645833333333 0.9782405303030303 0.6083333333333333 0.9606477272727272 0.6002604166666666 0.9546287878787878 0.5958333333333333 0.9546287878787878 0.59375 0.955092803030303 0.590625 0.9601856060606061 0.5875 0.9578712121212121 0.58515625 0.9606477272727272 0.5796875 0.9615738636363637 0.5778645833333333 0.952314393939394 0.5760416666666667 0.9504621212121211 0.5760416666666667 0.9449071969696969 0.5734375 0.9509261363636363 0.5640625 0.9537045454545454 0.5596354166666667 0.9625 0.559375 0.9810189393939392 0.5583333333333333 0.9898143939393939 0.5565104166666667 0.9935189393939393 0.5494791666666666 0.9916666666666667 0.5489583333333333 0.9865738636363636 0.5479166666666667 0.9874999999999999 0.5486979166666667 0.9944450757575758 0.5505208333333333 0.9930549242424241 0.5513020833333333 0.994907196969697 0.5559895833333334 0.9967594696969697
4 0.6497395833333334 0.8199071969696969 0.653125 0.8296287878787878 0.65703125 0.8333333333333334 0.65703125 0.8379621212121212 0.6630208333333333 0.8481477272727272 0.6645833333333333 0.8555549242424243 0.66328125 0.8611117424242424 0.6640625 0.8685189393939393 0.6841145833333333 0.9337954545454545 0.6830729166666667 0.9398143939393939 0.684375 0.9472215909090909 0.6877604166666667 0.9513882575757576 0.68828125 0.9546287878787878 0.6927083333333334 0.9629621212121212 0.6953125 0.9634261363636364 0.7059895833333333 0.9819450757575757 0.7057291666666666 0.9884261363636364 0.7067708333333333 0.990278409090909 0.7067708333333333 0.9939810606060606 0.7104166666666667 0.9972215909090909 0.7109375 0.9995378787878787 0.7520833333333333 0.9995378787878787 0.7510416666666667 0.9944450757575758 0.7518229166666667 0.990278409090909 0.7489583333333333 0.9879621212121212 0.74765625 0.982407196969697 0.7479166666666667 0.9782405303030303 0.7455729166666667 0.9703712121212121 0.73828125 0.9592594696969696 0.7356770833333334 0.9513882575757576 0.7325520833333333 0.9467594696969697 0.7317708333333334 0.9314810606060606 0.7283854166666667 0.919907196969697 0.70234375 0.8458333333333333 0.6955729166666667 0.8393522727272728 0.6932291666666667 0.8347215909090909 0.6924479166666667 0.8250000000000001 0.6893229166666667 0.8185189393939394 0.6856770833333333 0.8120378787878787 0.6815104166666667 0.807871212121212 0.68125 0.802314393939394 0.6697916666666667 0.7856477272727272 0.6661458333333333 0.7837954545454545 0.6567708333333333 0.7837954545454545 0.65390625 0.7870378787878788 0.65078125 0.7856477272727272 0.6486979166666667 0.7870378787878788 0.64921875 0.7884261363636363 0.6458333333333334 0.7990738636363637 0.65 0.8134261363636364 0.6497395833333334 0.8199071969696969
4 0.5638020833333334 0.5847215909090909 0.5671875 0.5916666666666667 0.5669270833333333 0.5953712121212121 0.5682291666666667 0.597221590909091 0.5723958333333333 0.6143522727272727 0.57734375 0.6240738636363636 0.58671875 0.669907196969697 0.5888020833333333 0.6740738636363637 0.5916666666666667 0.6893522727272727 0.59453125 0.6930549242424242 0.6026041666666667 0.7240738636363636 0.6067708333333334 0.7305549242424243 0.6122395833333333 0.7254621212121212 0.6140625 0.7282405303030304 0.6190104166666667 0.7305549242424243 0.6231770833333333 0.745371212121212 0.6221354166666667 0.7518522727272727 0.6291666666666667 0.755092803030303 0.6325520833333333 0.7634261363636363 0.63125 0.7671287878787878 0.6411458333333333 0.7796287878787879 0.65078125 0.7814810606060606 0.6549479166666666 0.777778409090909 0.6572916666666667 0.7712954545454546 0.65625 0.7680549242424243 0.6572916666666667 0.7634261363636363 0.65078125 0.7217594696969697 0.6489583333333333 0.7185189393939394 0.6458333333333334 0.7166666666666667 0.6385416666666667 0.6893522727272727 0.6356770833333333 0.6870378787878787 0.63125 0.6745378787878789 0.6296875 0.6666666666666666 0.6268229166666667 0.6615738636363636 0.6151041666666667 0.6268522727272727 0.6106770833333334 0.6236117424242424 0.60703125 0.6129621212121212 0.6020833333333333 0.6041666666666666 0.6020833333333333 0.6013882575757576 0.6033854166666667 0.5995378787878788 0.6013020833333333 0.5981477272727272 0.5950520833333334 0.5856477272727272 0.5930989583333334 0.5851856060606061 0.590625 0.5803238636363637 0.5908854166666667 0.5740738636363636 0.5877604166666667 0.5680549242424242 0.5841145833333333 0.5662045454545455 0.5838541666666667 0.5634261363636364 0.5794270833333334 0.5587954545454545 0.5684895833333333 0.4990738636363637 0.57109375 0.48981439393939397 0.5682291666666667 0.48518560606060607 0.5638020833333334 0.4861117424242424 0.5598958333333334 0.4939810606060606 0.5591145833333333 0.5 0.55546875 0.5055549242424242 0.5520833333333334 0.5208333333333334 0.55546875 0.5527784090909091 0.5606770833333333 0.567128787878788 0.5638020833333334 0.5847215909090909
4 0.6307291666666667 0.822685606060606 0.6356770833333333 0.8148143939393939 0.6356770833333333 0.7865738636363636 0.6322916666666667 0.7814810606060606 0.6229166666666667 0.7745378787878788 0.6203125 0.7879621212121212 0.6200520833333333 0.794907196969697 0.625 0.8180549242424242 0.6268229166666667 0.8217594696969697 0.6307291666666667 0.822685606060606
4 0.53046875 0.5291666666666667 0.5325520833333334 0.515278409090909 0.534375 0.5134261363636363 0.5377604166666666 0.505092803030303 0.5380208333333333 0.5018522727272727 0.5369791666666667 0.5004621212121213 0.5330729166666667 0.5018522727272727 0.5286458333333334 0.5097215909090909 0.5265625 0.5203712121212121 0.525 0.5231477272727272 0.52109375 0.5254621212121212 0.5177083333333333 0.5370378787878788 0.5174479166666667 0.5462954545454546 0.5213541666666667 0.547221590909091 0.5244791666666667 0.5444450757575757 0.53046875 0.5291666666666667