4 0.42630208333333336 0.9944450757575758 0.42604166666666665 0.9995378787878787 0.4622395833333333 0.9995378787878787 0.46822916666666664 0.9736117424242424 0.46796875 0.9597215909090909 0.4635416666666667 0.9435189393939394 0.46484375 0.9402784090909091 0.4669270833333333 0.9393522727272727 0.4669270833333333 0.9351856060606061 0.4700520833333333 0.9245378787878789 0.4674479166666667 0.9152784090909091 0.4627604166666667 0.9078712121212121 0.45625 0.9037045454545455 0.45208333333333334 0.9032405303030303 0.4466145833333333 0.9060189393939394 0.44114583333333335 0.9157405303030304 0.43645833333333334 0.932871212121212 0.43072916666666666 0.9430549242424242 0.4317708333333333 0.9472215909090909 0.43125 0.9587954545454546 0.4276041666666667 0.9620378787878788 0.4296875 0.969907196969697 0.42994791666666665 0.9763882575757576 0.4296875 0.982407196969697 0.42630208333333336 0.9944450757575758
4 0.4703125 0.9083333333333333 0.4791666666666667 0.9078712121212121 0.4786458333333333 0.9041666666666667 0.47942708333333334 0.902778409090909 0.4869791666666667 0.8972215909090909 0.4875 0.8833333333333333 0.4859375 0.8685189393939393 0.4817708333333333 0.8537045454545454 0.4786458333333333 0.8504621212121212 0.46979166666666666 0.8486117424242424 0.45677083333333335 0.8532405303030304 0.4510416666666667 0.8643522727272727 0.44973958333333336 0.8717594696969697 0.45 0.892592803030303 0.4510416666666667 0.8962954545454546 0.46197916666666666 0.9055549242424242 0.4703125 0.9083333333333333
4 0.45859375 0.6777784090909091 0.4635416666666667 0.6787045454545454 0.46953125 0.6749999999999999 0.47239583333333335 0.6694450757575757 0.47291666666666665 0.6569450757575758 0.4708333333333333 0.6458333333333334 0.46796875 0.6384261363636363 0.4669270833333333 0.6365738636363636 0.4596354166666667 0.6375000000000001 0.45703125 0.6462954545454546 0.45755208333333336 0.6509261363636364 0.45598958333333334 0.657407196969697 0.45598958333333334 0.6657405303030304 0.45859375 0.6777784090909091
4 0.49831354166666664 0.67575 0.49909479166666665 0.6627878787878788 0.498053125 0.6539905303030303 0.490240625 0.6530643939393939 0.48867812499999996 0.6558428030303031 0.48737604166666665 0.6627878787878788 0.487115625 0.6711212121212121 0.4899802083333333 0.6789905303030304 0.4946677083333333 0.6794545454545454 0.49831354166666664 0.67575
4 0.4942708333333333 0.6495378787878788 0.4981770833333333 0.6518522727272728 0.5005208333333333 0.65 0.5 0.6472215909090909 0.5020833333333333 0.642592803030303 0.5020833333333333 0.630092803030303 0.5052083333333334 0.610185606060606 0.5088541666666667 0.5967594696969697 0.5130208333333334 0.5916666666666667 0.5145833333333333 0.5782405303030302 0.5177083333333333 0.5680549242424242 0.5182291666666666 0.5643522727272727 0.5166666666666667 0.5592594696969697 0.51875 0.544907196969697 0.52421875 0.5240738636363637 0.5260416666666666 0.5212954545454546 0.52578125 0.5171287878787878 0.5302083333333333 0.5097215909090909 0.5291666666666667 0.5074071969696969 0.51640625 0.519907196969697 0.5135416666666667 0.5245378787878788 0.509375 0.5384261363636363 0.50703125 0.5421287878787879 0.5020833333333333 0.5620378787878787 0.4979166666666667 0.567592803030303 0.49583333333333335 0.5754621212121211 0.4942708333333333 0.5916666666666667 0.49453125 0.5962954545454545 0.4895833333333333 0.6416666666666667 0.48984375 0.65 0.4942708333333333 0.6495378787878788
4 0.46640625 0.8393522727272728 0.4705729166666667 0.8421287878787879 0.4783854166666667 0.8388882575757576 0.48203125 0.830092803030303 0.48203125 0.8259261363636363 0.48463541666666665 0.8143522727272727 0.4856770833333333 0.7986117424242424 0.48854166666666665 0.7833333333333333 0.48854166666666665 0.775 0.490625 0.7680549242424243 0.4901041666666667 0.7337954545454546 0.4947916666666667 0.7009261363636363 0.4953125 0.6851856060606061 0.49375 0.6796287878787879 0.4903645833333333 0.677314393939394 0.4861979166666667 0.677314393939394 0.4864583333333333 0.6800928030303031 0.48489583333333336 0.682871212121212 0.48098958333333336 0.6851856060606061 0.48098958333333336 0.6893522727272727 0.4783854166666667 0.6930549242424242 0.4783854166666667 0.6972215909090909 0.47682291666666665 0.7009261363636363 0.47760416666666666 0.7060189393939394 0.47265625 0.7319450757575757 0.47265625 0.7370378787878789 0.46848958333333335 0.7472215909090909 0.465625 0.7504621212121213 0.4635416666666667 0.7569450757575757 0.4622395833333333 0.7787045454545455 0.4625 0.802314393939394 0.46171875 0.8064810606060606 0.46510416666666665 0.8365738636363637 0.46640625 0.8393522727272728
4 0.5018229166666667 0.8259261363636363 0.5057291666666667 0.8222215909090909 0.509375 0.8143522727272727 0.5083333333333333 0.802314393939394 0.5059895833333333 0.7990738636363637 0.4981770833333333 0.8013882575757575 0.4953125 0.8064810606060606 0.4942708333333333 0.8101856060606061 0.4942708333333333 0.8166666666666667 0.4979166666666667 0.8259261363636363 0.5018229166666667 0.8259261363636363
4 0.5505208333333333 0.9708333333333333 0.5565104166666667 0.9717594696969698 0.56640625 0.9458333333333333 0.5645833333333333 0.9268522727272727 0.5619791666666667 0.9231477272727273 0.5627604166666667 0.9194450757575757 0.5604166666666667 0.9157405303030304 0.5572916666666666 0.9148143939393939 0.54609375 0.9194450757575757 0.5434895833333333 0.927314393939394 0.54140625 0.9467594696969697 0.5408854166666667 0.9546287878787878 0.54296875 0.9592594696969696 0.5479166666666667 0.9629621212121212 0.5505208333333333 0.9708333333333333
4 0.5666666666666667 0.6143522727272727 0.5731770833333333 0.642592803030303 0.5927083333333333 0.7041666666666667 0.60078125 0.7166666666666667 0.6 0.7203712121212121 0.603125 0.7328712121212122 0.60234375 0.7361117424242424 0.6052083333333333 0.7513882575757576 0.6106770833333334 0.7597215909090909 0.6111979166666667 0.7638882575757576 0.6161458333333333 0.7740738636363637 0.6205729166666667 0.7953712121212122 0.6268229166666667 0.8032405303030303 0.6317708333333333 0.8060189393939393 0.6368927083333333 0.8064810606060606 0.6658854166666667 0.8685189393939393 0.6713541666666667 0.8837954545454546 0.67890625 0.892592803030303 0.6815104166666667 0.9041666666666667 0.6796875 0.9078712121212121 0.68125 0.9152784090909091 0.6848958333333334 0.9236117424242424 0.6950520833333333 0.9356477272727273 0.696875 0.9402784090909091 0.6966145833333334 0.9435189393939394 0.6986979166666667 0.9509261363636363 0.7010416666666667 0.9564810606060606 0.7049479166666667 0.9592594696969696 0.7049479166666667 0.9569450757575757 0.7127604166666667 0.947685606060606 0.7203125 0.9467594696969697 0.7213541666666666 0.9444450757575757 0.72109375 0.9384261363636364 0.7260416666666667 0.9310189393939393 0.725 0.9268522727272727 0.72578125 0.9236117424242424 0.7236979166666667 0.9134261363636363 0.7244791666666667 0.9078712121212121 0.7205729166666667 0.9023143939393939 0.7200520833333334 0.8884261363636363 0.71328125 0.8805549242424242 0.7138020833333333 0.8768522727272727 0.7109375 0.8666666666666667 0.7106770833333333 0.8611117424242424 0.70703125 0.8569450757575757 0.70703125 0.8546287878787879 0.7018229166666666 0.844907196969697 0.6958333333333333 0.8375 0.69453125 0.8337954545454546 0.6950520833333333 0.8296287878787878 0.6940104166666666 0.8222215909090909 0.6890625 0.8192897727272727 0.6893229166666667 0.8138882575757576 0.6958333333333333 0.8101856060606061 0.6877604166666667 0.7953712121212122 0.6859375 0.782407196969697 0.6309895833333333 0.6504621212121212 0.6270833333333333 0.6467594696969696 0.6229166666666667 0.6365738636363636 0.6205729166666667 0.6388882575757576 0.6184895833333334 0.6370378787878788 0.6171875 0.6328712121212121 0.6057291666666667 0.6212954545454545 0.5981770833333333 0.5962954545454545 0.5942708333333333 0.5930549242424242 0.5932291666666667 0.5898143939393939 0.5916666666666667 0.5768522727272727 0.5880208333333333 0.5722215909090909 0.5856770833333333 0.5643522727272727 0.5796875 0.5541666666666667 0.5760416666666667 0.5444450757575757 0.57109375 0.5458333333333333 0.5643229166666667 0.544907196969697 0.5611979166666666 0.5379621212121212 0.5565104166666667 0.5342594696969697 0.5544270833333333 0.5384261363636363 0.5544270833333333 0.542592803030303 0.5526041666666667 0.5486117424242424 0.5526041666666667 0.5592594696969697 0.5572916666666666 0.5754621212121211 0.55703125 0.5796287878787878 0.5666666666666667 0.6143522727272727
4 0.5528645833333333 0.8726856060606061 0.5580729166666667 0.8842594696969697 0.5591145833333333 0.894907196969697 0.5630208333333333 0.9023143939393939 0.5635416666666667 0.9046287878787879 0.5622395833333333 0.9078712121212121 0.5682291666666667 0.9125 0.57265625 0.9120378787878788 0.5768229166666666 0.9092594696969697 0.5802083333333333 0.9037045454545455 0.5825520833333333 0.8935189393939394 0.5846354166666666 0.889814393939394 0.58671875 0.8763882575757576 0.59375 0.8652784090909091 0.5940104166666667 0.8611117424242424 0.5958333333333333 0.8569450757575757 0.5908854166666667 0.8518522727272728 0.5888020833333333 0.8407405303030303 0.5861979166666667 0.8361117424242424 0.5825520833333333 0.8347215909090909 0.5802083333333333 0.827778409090909 0.5815104166666667 0.8259261363636363 0.5760416666666667 0.8199071969696969 0.5734375 0.8129621212121213 0.5653645833333333 0.802314393939394 0.55625 0.8027784090909091 0.5544270833333333 0.8046287878787879 0.55234375 0.807871212121212 0.5510416666666667 0.817592803030303 0.5515625 0.840278409090909 0.5505208333333333 0.8495378787878788 0.55390625 0.8634261363636364 0.5528645833333333 0.8726856060606061
4 0.5296875 0.6041666666666666 0.5291666666666667 0.6430549242424243 0.5307291666666667 0.6495378787878788 0.53046875 0.6564810606060606 0.5346354166666667 0.6796287878787879 0.5341145833333333 0.6856477272727273 0.5375 0.7087954545454546 0.5369791666666667 0.7203712121212121 0.5380208333333333 0.725 0.5361979166666667 0.7287045454545454 0.5385416666666667 0.7328712121212122 0.5473958333333333 0.7379621212121212 0.5526041666666667 0.7370378787878789 0.5565104166666667 0.7337954545454546 0.5604166666666667 0.7231477272727272 0.5609375 0.719907196969697 0.559375 0.7162045454545455 0.5604166666666667 0.7125 0.55546875 0.6578712121212121 0.5513020833333333 0.6388882575757576 0.5513020833333333 0.6305549242424242 0.55234375 0.6268522727272727 0.5479166666666667 0.6152784090909091 0.5447916666666667 0.5958333333333333 0.54609375 0.5916666666666667 0.5442708333333334 0.5805549242424243 0.5453125 0.5740738636363636 0.5440104166666667 0.5634261363636364 0.5453125 0.5564810606060606 0.5408854166666667 0.5365738636363636 0.5369791666666667 0.5254621212121212 0.5330729166666667 0.5254621212121212 0.53125 0.5287045454545455 0.53046875 0.5375 0.5276041666666667 0.5444450757575757 0.52734375 0.5537045454545454 0.5270833333333333 0.5791666666666667 0.5286458333333334 0.590278409090909 0.5278645833333333 0.5962954545454545 0.5296875 0.6041666666666666
4 0.559675 0.7605359848484848 0.5568020833333333 0.7380625 0.5522052083333333 0.7375511363636365 0.5490447916666666 0.7431685606060605 0.5387020833333334 0.755939393939394 0.5401385416666666 0.7733049242424243 0.5355416666666667 0.7819886363636364 0.5430114583333334 0.7973106060606061 0.555078125 0.8003750000000001 0.5639854166666667 0.787094696969697 0.559675 0.7727935606060606 0.559675 0.7605359848484848
4 0.70703125 0.9814810606060606 0.71015625 0.9874999999999999 0.71640625 0.9944450757575758 0.7177083333333333 0.9995378787878787 0.74453125 0.9995378787878787 0.7645104166666666 0.9995378787878787 0.7497739583333334 0.9641723484848486 0.748434375 0.9613939393939394 0.7450854166666667 0.9590132575757575 0.7412895833333334 0.9538522727272728 0.7381635416666666 0.947501893939394 0.7362822916666667 0.9436060606060606 0.7336645833333333 0.9416666666666667 0.7260291666666667 0.9350738636363636 0.722975 0.9389507575757576 0.7214479166666667 0.9474829545454546 0.712721875 0.9498106060606061 0.70859375 0.9546287878787878 0.7046875 0.9587954545454546 0.7065104166666667 0.9634261363636364 0.70390625 0.9745378787878789 0.7059895833333333 0.9763882575757576 0.70703125 0.9814810606060606