4 0.4205734375 0.7976859375 0.41380156250000005 0.8125 0.41484375 0.8328703125000001 0.4166671875 0.8504625000000001 0.415625 0.8643515624999999 0.42942656250000005 0.865278125 0.43932343749999997 0.8504625000000001 0.43932343749999997 0.8194437499999999 0.4375 0.8106484375
4 0.478125 0.66944375 0.4830734375 0.6615734375 0.48723906250000004 0.64444375 0.49166718749999994 0.6254625 0.49166718749999994 0.615278125 0.48255156250000003 0.6199078124999999 0.47942656250000004 0.6361109375 0.4739578125 0.6550921875 0.46302031250000003 0.6717593749999999 0.45286406250000005 0.7074078125 0.44921875 0.7199078125 0.44557343749999995 0.7333328125 0.44557343749999995 0.740740625 0.45286406250000005 0.7685187499999999 0.46666718749999997 0.7481484375 0.4703125 0.7166671874999999 0.47421875 0.68101875
4 0.4921875 0.8203703125 0.49453125 0.784721875 0.49453125 0.7611109375 0.5 0.7328703125 0.50078125 0.702778125 0.5057296874999999 0.677778125 0.5075515625 0.6518515625 0.509375 0.63148125 0.5125 0.608796875 0.5171875 0.5958328125000001 0.52265625 0.5763890625 0.5244796875 0.5634265625 0.5299484375 0.5513890625 0.5325515625 0.5384265625 0.5372390625000001 0.522221875 0.5458328125 0.509259375 0.5526046874999999 0.5009265625 0.5591140625000001 0.496759375 0.5505203125 0.5 0.53671875 0.5106484375 0.5330734374999999 0.5171296875 0.5278640625000001 0.5236109375 0.5252609374999999 0.5268515625 0.52109375 0.5324078125 0.5161453125000001 0.5388890625 0.5098953125000001 0.5495375 0.5041671875 0.5615734375 0.49296875 0.5861109375 0.49010468749999997 0.6 0.49609375 0.6111109375 0.49895781250000004 0.6129625 0.5033859374999999 0.625 0.4984375 0.6486109375 0.49244843749999995 0.6754625 0.4875 0.69398125 0.4796875 0.7314812500000001 0.48046875 0.7708328125 0.48151093749999996 0.7736109375 0.47942656250000004 0.7759265625 0.47890625 0.8217593750000001 0.47760468749999996 0.8666671875 0.4934890625 0.8476859375
4 0.5971359374999999 0.8898140625 0.5921875 0.8578703125 0.5765625 0.853703125 0.5736984374999999 0.8550921875 0.5653640625 0.8800921875000001 0.56484375 0.8958328124999999 0.5598953125 0.9143515624999999 0.559375 0.9263890625 0.56953125 0.9425921875000001 0.575 0.9740734375000001 0.58671875 0.977778125 0.5950515625 0.9578703125000001 0.5924484375 0.9240734375
4 0.5697921874999999 0.6995375 0.5567703125000001 0.6981484375 0.5526046874999999 0.697221875 0.5432296875 0.7023140625 0.5419265625 0.7388890625 0.5453125 0.7620375 0.5463546874999999 0.7740734375 0.55703125 0.78148125 0.5802078125000001 0.7791671874999999 0.5794265625 0.7546296875 0.5760421874999999 0.7268515625
4 0.5643234374999999 0.6453703125 0.5588546875 0.6356484375 0.55859375 0.6208328125 0.5580734374999999 0.6074078125 0.5591140625000001 0.6009265625 0.5614578125 0.5921296875000001 0.55859375 0.5796296875 0.5567703125000001 0.571296875 0.55546875 0.566203125 0.55546875 0.5513890625 0.55859375 0.534721875 0.5622390625 0.5226859375 0.5661453125 0.5083328125000001 0.5875 0.4861109375 0.5807296875 0.4861109375 0.5692703125 0.4925921875 0.5567703125000001 0.5074078125 0.5471359375 0.521759375 0.5450515625000001 0.5273140625 0.5432296875 0.5370375000000001 0.5447921874999999 0.5416671875 0.5447921874999999 0.5481484375 0.54375 0.55601875 0.5421875 0.5634265625 0.5440109375 0.5708328125000001 0.5447921874999999 0.5759265625000001 0.5434890625000001 0.584721875 0.5419265625 0.59398125 0.540625 0.6013890625 0.5395828125000001 0.6106484375 0.5393234375 0.6222218749999999 0.5416671875 0.6333328125000001 0.54140625 0.65648125 0.5447921874999999 0.6615734375 0.5510421875 0.66805625 0.5619796874999999 0.672221875 0.5661453125 0.6717593749999999 0.5684890625000001 0.6574078125
4 0.3895828125 0.9356484375 0.3903640625 0.9402781250000001 0.3888015625 0.947221875 0.3786453125 0.9490734375000001 0.3703125 0.95 0.3807296875 0.9921296875 0.3846359375 0.9921296875 0.3932296875 0.984721875 0.3979171875 0.9703703125 0.4010421875 0.958796875 0.40260468749999995 0.9458328125 0.40546875 0.9402781250000001 0.41178125000000004 0.9351765625 0.41744843749999994 0.9226859375 0.40989531250000005 0.9115734375000001 0.3953125 0.9055562500000001 0.390625 0.9050921875 0.3888015625 0.91805625 0.3895828125 0.9324078124999999
4 0.7299484374999999 0.9984375 0.73046875 0.9800921875 0.7317703125 0.9666671875 0.7307296875 0.9574078125 0.7268234375 0.94305625 0.7140625 0.9361109375 0.7127609374999999 0.9194437499999999 0.7020828125 0.90648125 0.6963546875 0.8851859375 0.6963546875 0.8703703125000001 0.6942703125 0.8444437499999999 0.6846359375 0.8240734375000001 0.6783859375 0.8097218749999999 0.66640625 0.8194437499999999 0.6658859374999999 0.8023140625 0.6638015625 0.7865734375 0.6528640625000001 0.7856484375 0.6403640625 0.791203125 0.6359375 0.8138890625 0.64140625 0.8375 0.653125 0.841203125 0.6557296874999999 0.8509265625 0.6682296875 0.86851875 0.6716140625 0.8990734375 0.6770828125 0.915740625 0.6682296875 0.9259265624999999 0.67890625 0.9745375 0.6872390625 0.9984375
4 0.5760421874999999 0.5018515625 0.57109375 0.5074078125 0.565625 0.5148140625 0.5645828125000001 0.5236109375 0.5658859374999999 0.5351859375 0.565625 0.5425921875 0.5661453125 0.55601875 0.5669265625000001 0.578703125 0.5700515625 0.5916671874999999 0.5770828125 0.616203125 0.57890625 0.6305562499999999 0.5856765625 0.65648125 0.58984375 0.66944375 0.5932296874999999 0.6685187499999999 0.5997390625000001 0.6699078125 0.6010421874999999 0.6754625 0.6015625 0.6898140625 0.6026046875 0.7032406250000001 0.6046875 0.7115734375 0.6059890625000001 0.71851875 0.6114578125000001 0.71898125 0.6161453125 0.7171296875000001 0.62890625 0.7120375 0.62890625 0.6958328125000001 0.6260421875 0.68055625 0.6205734374999999 0.6648140625 0.61484375 0.6583328125000001 0.6122390625 0.65601875 0.61328125 0.6458328125 0.6166671874999999 0.6398140625 0.6200515625 0.633796875 0.62265625 0.6268515625 0.6236984375 0.61851875 0.6057296875 0.5759265625000001 0.5856765625 0.527778125 0.5966140625 0.4856484375 0.5966140625 0.48472187499999997 0.59140625 0.48472187499999997 0.5859375 0.491203125 0.5807296875 0.496759375
4 0.28125 0.959721875 0.2921875 0.9703703125 0.3020828125 0.9550921875 0.315625 0.9189812500000001 0.3192703125 0.9 0.3192703125 0.8768515625 0.31953125 0.8759265624999999 0.30078125 0.8791671875 0.28125 0.9013890625000001 0.275 0.9189812500000001 0.2598953125 0.9328703125000001
4 0.4557296875 0.6361109375 0.4674484375 0.6143515625 0.47604218749999994 0.603240625 0.48333281250000004 0.583796875 0.49322968749999996 0.566203125 0.50234375 0.5453703125 0.5125 0.53194375 0.52421875 0.5189812500000001 0.5369796874999999 0.508796875 0.5299484375 0.5083328125000001 0.525 0.5143515625 0.5174484374999999 0.51944375 0.5059890625000001 0.53055625 0.49557343749999994 0.5458328125 0.48776093749999994 0.5541671874999999 0.47994843749999994 0.5699078125 0.46822968749999994 0.5800921875 0.4546875 0.6004625 0.43776093749999995 0.628703125 0.421875 0.6601859375 0.44869843749999994 0.6689812500000001 0.44713593749999997 0.6606484375 0.4466140625 0.6541671874999999
4 0.19921875 0.93101875 0.2020828125 0.91805625 0.2177078125 0.8939812500000001 0.2341140625 0.871296875 0.2520828125 0.8444437499999999 0.2684890625 0.8305562500000001 0.271875 0.783796875 0.2705734375 0.771296875 0.2609375 0.7648140625 0.1677078125 0.871296875 0.165625 0.875 0.1598953125 0.91805625 0.1598953125 0.9574078125 0.1770828125 0.9625
4 0.4088546875 0.6388890625 0.42239531250000006 0.6222218749999999 0.43958281250000003 0.591203125 0.44895781250000005 0.5833328125 0.46302031250000003 0.5666671875 0.47239531250000005 0.558796875 0.4817703125 0.5425921875 0.49401093749999997 0.534259375 0.49817656250000003 0.5226859375 0.5091140625 0.5157406250000001 0.5450515625000001 0.49305625 0.5583328125 0.4851859375 0.5513015625000001 0.48194375 0.5401046875 0.4893515625 0.5234375 0.5004625 0.50390625 0.5138890625 0.49140625 0.521759375 0.42890625 0.584721875 0.3932296875 0.6203703125 0.3934890625 0.6208328125 0.3888015625 0.64444375 0.3932296875 0.6504624999999999 0.39765625 0.6523140625