4 0.3966140625 0.73194375 0.40182343749999994 0.7263890625 0.40286406250000006 0.7074078125 0.40078125 0.697221875 0.3934890625 0.690740625 0.38828125 0.69398125 0.3854171875 0.702778125 0.38359375 0.7134265625 0.378125 0.7166671874999999 0.3734375 0.71851875 0.36796875 0.7231484375 0.36484375 0.7300921875 0.3651046875 0.7393515625 0.3666671875 0.7481484375 0.37109375 0.7523140625 0.3854171875 0.740278125 0.3888015625 0.7393515625
4 0.43958281250000003 0.641203125 0.44322968749999997 0.6361109375 0.4466140625 0.6324078125 0.45078125 0.6277781250000001 0.4557296875 0.6138890625 0.45885468749999997 0.6083328125 0.46380156250000004 0.6018515625 0.46692656250000003 0.5990734375 0.46875 0.596759375 0.47265625 0.5925921875 0.47578125 0.5879624999999999 0.47838593749999997 0.5814812500000001 0.4791671875 0.5731484375 0.47682343749999995 0.5680562499999999 0.4734375 0.56851875 0.4703125 0.571296875 0.46640625 0.5740734375 0.4640625 0.5782406250000001 0.46119843749999995 0.584721875 0.45859375 0.5879624999999999 0.45546875 0.590740625 0.453125 0.5925921875 0.45026093749999996 0.5976859375 0.4479171875 0.6041671875 0.4453125 0.608796875 0.44244843749999996 0.6129625 0.43645781250000004 0.6203703125 0.4348953125 0.621296875 0.43151093749999997 0.6236109375 0.4283859375 0.6273140625 0.42395781250000003 0.633796875 0.41979218749999997 0.641203125 0.4192703125 0.6453703125 0.4231765625 0.6509265625 0.42630156250000006 0.652778125 0.43541718749999997 0.6495375 0.43671875 0.646296875
4 0.49453125 0.5569437500000001 0.49609375 0.5509265625 0.49401093749999997 0.5439812500000001 0.490625 0.5439812500000001 0.48645781250000003 0.5481484375 0.48411406250000005 0.553240625 0.48151093749999996 0.55648125 0.47942656250000004 0.5634265625 0.48046875 0.5671296875 0.48333281250000004 0.5680562499999999 0.48932343749999996 0.5620375 0.49114531250000004 0.5611109375
4 0.38671875 0.9796296874999999 0.3859375 0.9726859375 0.3802078125 0.9615734375 0.3723953125 0.9648140625 0.3684890625 0.971296875 0.36484375 0.984721875 0.3653640625 0.99398125 0.3692703125 0.9984375 0.3885421875 0.9984375 0.3880203125 0.9953703125000001
4 0.40286406250000006 0.9078703125 0.40130156250000004 0.896296875 0.39609375 0.8930562500000001 0.3895828125 0.897221875 0.3830734375 0.902778125 0.3794265625 0.9074078125 0.3768234375 0.9166671875000001 0.3763015625 0.9305562500000001 0.3763015625 0.9407406249999999 0.378125 0.9509265625 0.38359375 0.953240625 0.3997390625 0.9384265624999999 0.40052031250000003 0.927778125
4 0.41901093749999996 0.8416671875 0.42291718749999996 0.828703125 0.42552031250000005 0.8157406249999999 0.42734375 0.803703125 0.43020781250000006 0.79305625 0.43723906250000005 0.7833328125000001 0.44505156250000005 0.775 0.44765625 0.7625 0.446875 0.75 0.44348906250000003 0.7333328125 0.44088593749999994 0.73055625 0.43359375 0.7425921875 0.43125 0.75601875 0.42890625 0.7657406250000001 0.42526093749999994 0.7768515625 0.42161406250000005 0.7893515625 0.41875 0.796296875 0.4153640625 0.8101859375 0.41328125 0.8166671875 0.41197968749999997 0.8254625000000001 0.40625 0.8333328124999999 0.4015625 0.8398140625 0.3950515625 0.8513890625 0.3942703125 0.858796875 0.39453125 0.8680562500000001 0.40052031250000003 0.8759265624999999 0.4046875 0.8782406249999999 0.4166671875 0.8648140625 0.41875 0.85555625
4 0.4856765625 0.6509265625 0.48984375 0.6365734375 0.49166718749999994 0.6259265625 0.49557343749999994 0.6138890625 0.49921875 0.6050921875 0.5013015625 0.5949078125 0.49921875 0.5828703125 0.49296875 0.5865734375 0.4869796875 0.59444375 0.4828125 0.60555625 0.48020781250000005 0.615740625 0.4752609375 0.6245375 0.4700515625 0.633796875 0.46848906250000005 0.6486109375 0.46458281250000005 0.6606484375 0.465625 0.6763890625 0.46640625 0.6833328125 0.47630156250000005 0.6717593749999999 0.48098906250000006 0.6606484375
4 0.47317656250000006 0.9984375 0.475 0.9898140625 0.47734375 0.9731484375000001 0.4796875 0.9601859375 0.48333281250000004 0.9407406249999999 0.48359375 0.9351859375 0.48463593749999995 0.9263890625 0.48333281250000004 0.9050921875 0.48229218749999997 0.8879625000000001 0.48125 0.8731484375 0.48098906250000006 0.8625 0.48098906250000006 0.8513890625 0.484375 0.8388890625000001 0.49010468749999997 0.834259375 0.49375 0.8231484375000001 0.4953125 0.777778125 0.49973906250000005 0.7648140625 0.49973906250000005 0.7518515625 0.5005203125000001 0.7356484375 0.5026046875 0.7138890625000001 0.5028640625 0.70694375 0.5049484375 0.69444375 0.5052078125 0.6870375 0.5109375 0.6513890625000001 0.51328125 0.6393515625 0.5130203125 0.628703125 0.51328125 0.615740625 0.515625 0.6041671875 0.5182296875 0.5921296875000001 0.52109375 0.5796296875 0.5236984375 0.5666671875 0.5260421875 0.5574078124999999 0.5309890625 0.54444375 0.53671875 0.534721875 0.5403640625 0.5268515625 0.5440109375 0.5171296875 0.5515625 0.5078703124999999 0.5544265625 0.5046296875 0.56171875 0.497221875 0.5671875 0.490278125 0.5692703125 0.48287031249999995 0.5640625 0.4861109375 0.5575515625 0.49166718749999994 0.5528640625000001 0.496759375 0.5463546874999999 0.5013890625 0.53984375 0.50601875 0.5338546875 0.5138890625 0.5296875 0.5175921875 0.5291671874999999 0.525 0.534375 0.5273140625 0.5278640625000001 0.5324078125 0.521875 0.5356484375 0.5192703125 0.5439812500000001 0.5158859375 0.5550921875 0.51171875 0.5643515625 0.5072921874999999 0.575 0.5046875 0.584721875 0.5028640625 0.596759375 0.5005203125000001 0.608796875 0.49817656250000003 0.61851875 0.49583281250000005 0.6300921875000001 0.49427031250000003 0.64305625 0.49270781250000006 0.653240625 0.49192656250000005 0.6634265625 0.48671875 0.6717593749999999 0.48072968749999995 0.6773140625 0.47864531250000003 0.6865734375 0.48151093749999996 0.69444375 0.478125 0.7231484375 0.4713546875 0.7356484375 0.46692656250000003 0.7490734375 0.46953125 0.7625 0.46822968749999994 0.7773140625 0.46328125 0.7925921875 0.45989531250000004 0.80601875 0.45598906250000004 0.8199078125 0.4515625 0.834721875 0.4515625 0.8481484375000001 0.45416718749999996 0.8606484375000001 0.45234375 0.8620374999999999 0.44973906250000006 0.8879625000000001 0.44895781250000005 0.890278125 0.44453125 0.9041671875 0.4421875 0.91805625 0.440625 0.9305562500000001 0.43697968749999994 0.9476859375 0.4322921875 0.959721875 0.42994843749999995 0.978240625 0.42994843749999995 0.9930562500000001 0.43645781250000004 0.9984375 0.4703125 0.9984375
4 0.621875 0.9984375 0.6171875 0.990278125 0.6161453125 0.9694437499999999 0.6203125 0.9509265625 0.6140625 0.9384265624999999 0.6057296875 0.921759375 0.6036453125000001 0.902778125 0.5986984375 0.88055625 0.5934890625 0.865278125 0.5903640625000001 0.8495375 0.58671875 0.828703125 0.5830734375 0.8055562500000001 0.5830734375 0.7884265625 0.58515625 0.76805625 0.58515625 0.746296875 0.5791671875 0.725 0.5739578125 0.70694375 0.5692703125 0.6865734375 0.5645828125000001 0.6666671875 0.5614578125 0.640278125 0.55859375 0.61805625 0.5559890625 0.5990734375 0.5559890625 0.572221875 0.5565109374999999 0.5597218749999999 0.56015625 0.540278125 0.5635421875 0.5231484375 0.5661453125 0.5055562499999999 0.5669265625000001 0.49629687499999997 0.56015625 0.5 0.55 0.5111109375 0.5440109375 0.527778125 0.5390625 0.5439812500000001 0.534375 0.5634265625 0.5333328125000001 0.58055625 0.5348953125 0.597221875 0.5322921875 0.6171296875000001 0.53125 0.6393515625 0.53125 0.6629625 0.53125 0.68148125 0.5317703125000001 0.7004625 0.5348953125 0.7231484375 0.5369796874999999 0.7361109375 0.5380203125 0.759721875 0.5408859374999999 0.7754624999999999 0.5455734375 0.7949078125 0.54765625 0.8111109375 0.5440109375 0.8356484375000001 0.5408859374999999 0.8486109374999999 0.5375 0.8759265624999999 0.5440109375 0.8990734375 0.5481765625 0.90648125 0.5559890625 0.91805625 0.55703125 0.9365734375000001 0.55546875 0.9546296875 0.5614578125 0.9731484375000001 0.5703125 0.9796296874999999 0.5786453125000001 0.984721875 0.58203125 0.9984375
4 0.7822921875 0.9984375 0.7315109375 0.8791671875 0.6122390625 0.596296875 0.5783859375 0.5166671875 0.5786453125000001 0.50694375 0.58359375 0.4981484375 0.5859375 0.49444375 0.5856765625 0.483796875 0.5684890625000001 0.5013890625 0.5635421875 0.5324078125 0.56484375 0.5606484375 0.5716140625 0.6009265625 0.5768234375 0.6254625 0.5794265625 0.6398140625 0.584375 0.6574078125 0.5885421875 0.6671296875 0.6059890625000001 0.725 0.6111984374999999 0.740278125 0.6171875 0.7495375 0.6234375 0.7620375 0.6263015625 0.778240625 0.62890625 0.7939812500000001 0.6346359374999999 0.8106484375 0.6388015625000001 0.822221875 0.6424484374999999 0.834259375 0.6463546874999999 0.8476859375 0.65 0.8643515624999999 0.6578125 0.8726859375 0.6643234375 0.8828703125 0.6630203125 0.9009265624999999 0.66796875 0.908796875 0.67265625 0.9342593750000001 0.675 0.95694375 0.6752609374999999 0.96898125 0.68125 0.9810187499999999 0.6848953125 0.9958328125 0.6947921874999999 0.9984375 0.7013015625000001 0.9984375
4 0.5005203125000001 0.528240625 0.5044265625000001 0.5273140625 0.5078125 0.5245375 0.5114578125 0.5208328125 0.51484375 0.522221875 0.5169265625 0.5254624999999999 0.5205734375 0.5263890625000001 0.5231765625 0.5245375 0.5260421875 0.5208328125 0.5325515625 0.5138890625 0.5338546875 0.5115734375 0.5354171875 0.509259375 0.5372390625000001 0.50648125 0.5388015625 0.5055562499999999 0.5411453125000001 0.503240625 0.54296875 0.5018515625 0.5455734375 0.5013890625 0.546875 0.5 0.5484375 0.4981484375 0.55078125 0.49583281250000005 0.5526046874999999 0.4949078125 0.5552078125000001 0.4921296875 0.55703125 0.49074062500000004 0.55703125 0.4824078125 0.5221359375 0.49861093749999996 0.49010468749999997 0.521296875 0.4908859375 0.5259265625 0.49427031250000003 0.528240625 0.4973953125 0.528703125
4 0.2557296875 0.9984375 0.2575515625 0.9976859375 0.2580734375 0.984259375 0.2572921875 0.9791671875000001 0.2536453125 0.9675921875 0.2442703125 0.9625 0.2369796875 0.9648140625 0.2330734375 0.9675921875 0.2276046875 0.9819437499999999 0.22890625 0.9921296875 0.2315109375 0.9984375
4 0.29296875 0.941203125 0.284375 0.9375 0.2786453125 0.9347218749999999 0.275 0.9273140625 0.2692703125 0.9226859375 0.26328125 0.921759375 0.25625 0.9273140625 0.2528640625 0.9402781250000001 0.2520828125 0.9486109375 0.25234375 0.9564812500000001 0.2591140625 0.9564812500000001 0.2630203125 0.958796875 0.26796875 0.9625 0.2953125 0.9625 0.2955734375 0.953703125
4 0.2981765625 0.8976859375 0.2919265625 0.8935187499999999 0.284375 0.8916671875000001 0.2786453125 0.8921296875 0.2729171875 0.8976859375 0.2736984375 0.9115734375000001 0.2770828125 0.9194437499999999 0.2817703125 0.921759375 0.29921875 0.9148140625 0.29921875 0.9046296875