4 0.16328125 0.9984375 0.1716140625 0.9754625000000001 0.1765625 0.9467593750000001 0.1794265625 0.9333328125 0.18984375 0.9185187499999999 0.190625 0.9050921875 0.1890625 0.8879625000000001 0.1947921875 0.8851859375 0.2078125 0.8990734375 0.2244796875 0.896296875 0.2348953125 0.8879625000000001 0.2466140625 0.8666671875 0.2489578125 0.8518515624999999 0.2494796875 0.8467593750000001 0.2606765625 0.84351875 0.2627609375 0.8393515624999999 0.2640625 0.8268515624999999 0.2768234375 0.8236109375 0.2828125 0.8175921875000001 0.2861984375 0.8023140625 0.2872390625 0.7916671875 0.2932296875 0.7949078125 0.2953125 0.7953703125 0.2973953125 0.7986109375 0.3091140625 0.7893515625 0.3114578125 0.7800921875 0.3080734375 0.7740734375 0.3127609375 0.771296875 0.3169265625 0.7708328125 0.32265625 0.7634265625000001 0.3252609375 0.75601875 0.32578125 0.7449078124999999 0.3338546875 0.7361109375 0.3455734375 0.7361109375 0.3518234375 0.728703125 0.35234375 0.7175921875 0.3526046875 0.7134265625 0.3546875 0.7078703125 0.3591140625 0.702778125 0.3635421875 0.7023140625 0.3669265625 0.696759375 0.3734375 0.6916671875 0.3752609375 0.6833328125 0.3807296875 0.6759265625 0.3848953125 0.6689812500000001 0.3890625 0.6671296875 0.3934890625 0.65648125 0.3963546875 0.653703125 0.403125 0.6476859375 0.4049484375 0.6453703125 0.40859375 0.641203125 0.4125 0.6384265625000001 0.41510468749999996 0.6324078125 0.41822968749999995 0.625 0.4192703125 0.621296875 0.4205734375 0.61851875 0.42239531250000006 0.615740625 0.42395781250000003 0.6148140625 0.42760468749999997 0.6115734374999999 0.42916718749999994 0.609721875 0.43072968749999996 0.60694375 0.4309890625 0.603703125 0.43385468749999995 0.596759375 0.44114531250000005 0.5916671874999999 0.4427078125 0.590740625 0.44427031250000004 0.590740625 0.4466140625 0.591203125 0.45651093749999994 0.5791671875 0.46484375 0.56851875 0.46953125 0.5629625 0.47421875 0.5569437500000001 0.4778640625 0.5523140625 0.4796875 0.55 0.4828125 0.546296875 0.48489531250000006 0.54444375 0.48776093749999994 0.541203125 0.490625 0.5379625 0.49166718749999994 0.5365734375 0.49505156250000004 0.533796875 0.49947968749999994 0.5296296875000001 0.5041671875 0.5254624999999999 0.5098953125000001 0.5203703125 0.51640625 0.5143515625 0.5213546874999999 0.509721875 0.5236984375 0.5078703124999999 0.5286453125 0.5041671875 0.5315109375 0.5023140625 0.5377609375 0.4981484375 0.5296875 0.4921296875 0.5140625 0.4990734375 0.49609375 0.5125 0.44244843749999996 0.5601859375 0.37421875 0.6305562499999999 0.2466140625 0.7736109375 0.0471359375 0.9984375 0.061979687500000005 0.9984375
4 0.72734375 0.9328703125000001 0.71875 0.922221875 0.7169265625000001 0.9129625000000001 0.7127609374999999 0.897221875 0.7080734375 0.8791671875 0.7046875 0.8657406249999999 0.6971359374999999 0.8643515624999999 0.6932296874999999 0.8643515624999999 0.6885421875 0.8564812500000001 0.6841140625000001 0.846296875 0.678125 0.8291671875000001 0.67421875 0.808796875 0.6666671875 0.808796875 0.6638015625 0.8 0.66171875 0.78148125 0.66015625 0.759721875 0.6622390625000001 0.75 0.6677078125 0.7342593749999999 0.6677078125 0.716203125 0.6580734374999999 0.708796875 0.6377609375 0.702778125 0.6286453125 0.7074078125 0.6192703125000001 0.7083328125 0.6158859375 0.6893515625 0.6184890625 0.6685187499999999 0.61484375 0.6513890625000001 0.60546875 0.64444375 0.6026046875 0.6291671875 0.6013015625 0.6263890625 0.6013015625 0.6111109375 0.596875 0.5976859375 0.5927078125 0.5949078125 0.6013015625 0.59351875 0.6026046875 0.5990734375 0.6072921874999999 0.5888890625000001 0.6028640625 0.5736109375 0.59765625 0.5680562499999999 0.5934890625 0.5666671875 0.58828125 0.56944375 0.5828125 0.56944375 0.5875 0.5606484375 0.5908859375 0.5569437500000001 0.58125 0.5513890625 0.5776046874999999 0.5518515625 0.5760421874999999 0.5518515625 0.5752609375 0.5513890625 0.5736984374999999 0.5393515625 0.57265625 0.5351859375 0.57265625 0.5245375 0.575 0.5203703125 0.5791671875 0.5226859375 0.5825515625000001 0.5240734375 0.58515625 0.5245375 0.5848953125 0.5115734375 0.5869796875 0.5009265625 0.5893234374999999 0.49074062500000004 0.5942703125000001 0.48194375 0.60546875 0.4736109375 0.5919265625000001 0.48009218750000004 0.5875 0.48333281250000004 0.5825515625000001 0.4875 0.57578125 0.49444375 0.5677078125 0.50648125 0.565625 0.5101859375 0.5645828125000001 0.515278125 0.5630203125000001 0.5226859375 0.5622390625 0.53055625 0.5622390625 0.5421296875 0.5630203125000001 0.5597218749999999 0.5658859374999999 0.577778125 0.5708328125000001 0.6046296875 0.5778640625 0.6333328125000001 0.5828125 0.647221875 0.5846359375 0.6546296875000001 0.5864578125000001 0.6625 0.5869796875 0.6689812500000001 0.59140625 0.68101875 0.5919265625000001 0.6861109375 0.5942703125000001 0.69351875 0.5966140625 0.7013890625 0.5981765625000001 0.7074078125 0.6020828125000001 0.7199078125 0.6033859374999999 0.7263890625 0.6083328125 0.728703125 0.61328125 0.7296296875 0.6153640625000001 0.7379625 0.6161453125 0.7504625 0.6158859375 0.7578703124999999 0.6171875 0.771296875 0.6174484375 0.7796296875000001 0.6192703125000001 0.7888890625 0.6231765625000001 0.7986109375 0.6255203125000001 0.797221875 0.6278640625 0.8083328125 0.6296875 0.8129625 0.6338546875 0.81805625 0.63359375 0.825 0.6333328125000001 0.828703125 0.6390625 0.8449078125 0.6466140625000001 0.8481484375000001 0.6494796875 0.8458328125 0.6526046875 0.8486109374999999 0.6536453125 0.85555625 0.6536453125 0.865278125 0.65234375 0.8731484375 0.6518234374999999 0.8935187499999999 0.6546875 0.8986109375 0.659375 0.915278125 0.66015625 0.9268515624999999 0.6645828125000001 0.9328703125000001 0.6669265625 0.94398125 0.6674484374999999 0.9481484375000001 0.6723953125000001 0.9574078125 0.6734375 0.966203125 0.6755203125 0.9717593750000001 0.6794265625 0.9810187499999999 0.6872390625 0.9888890625 0.6911453125 0.996296875 0.6971359374999999 0.991203125 0.7065109374999999 0.9861109375 0.7145828125 0.9921296875 0.7190109375 0.9967593750000001 0.7190109375 0.9984375 0.7598953125000001 0.9981484375 0.7497390625 0.9726859375 0.74921875 0.9638890625000001 0.7388015625000001 0.941203125
4 0.41328125 0.8800921875000001 0.40130156250000004 0.8699078124999999 0.3963546875 0.8703703125000001 0.3916671875 0.8763890625 0.3880203125 0.9 0.39453125 0.91805625 0.40130156250000004 0.909721875 0.41041718749999995 0.909721875 0.41328125 0.891203125 0.41354218749999994 0.8856484375000001
4 0.44140625 0.778703125 0.44427031250000004 0.771296875 0.44140625 0.7615734375 0.43697968749999994 0.75694375 0.43177031250000003 0.75601875 0.4265625 0.7601859375 0.4265625 0.7703703125 0.42395781250000003 0.784721875 0.42291718749999996 0.7856484375 0.42109375 0.7953703125 0.42109375 0.8083328125 0.42239531250000006 0.8125 0.4328125 0.8083328125 0.44114531250000005 0.8032406249999999 0.4421875 0.790278125 0.44140625 0.7824078125
4 0.4518234375 0.9833328124999999 0.4640625 0.9828703125 0.46796875 0.975 0.47109375 0.9634265624999999 0.47213593749999994 0.9555562500000001 0.46015625 0.9518515624999999 0.45416718749999996 0.9555562500000001 0.44244843749999996 0.9564812500000001 0.44140625 0.9736109374999999 0.44739531250000003 0.9819437499999999 0.4421875 0.9875 0.4401046875 0.9967593750000001 0.45130156250000003 0.9972218749999999 0.45104218749999997 0.990278125
4 0.48229218749999997 0.859259375 0.48723906250000004 0.8379625 0.48932343749999996 0.828240625 0.4895828125 0.8157406249999999 0.49036406250000003 0.8078703125000001 0.4934890625 0.78101875 0.49427031250000003 0.7740734375 0.4947921875 0.7625 0.49453125 0.74398125 0.496875 0.74398125 0.496875 0.74305625 0.49661406250000006 0.7328703125 0.49765625 0.7166671874999999 0.49973906250000005 0.7078703125 0.5026046875 0.6949078125 0.5026046875 0.6861109375 0.503125 0.6759265625 0.50625 0.6648140625 0.5080734375 0.65694375 0.509375 0.6388890625 0.5109375 0.6324078125 0.5127609375 0.6231484375 0.51328125 0.6148140625 0.5098953125000001 0.6083328125 0.5083328125000001 0.60555625 0.5052078125 0.6083328125 0.5010421875 0.6148140625 0.5002609375 0.61805625 0.49921875 0.628703125 0.4984375 0.6384265625000001 0.49817656250000003 0.6421296875 0.49453125 0.652778125 0.49036406250000003 0.659721875 0.48619843749999997 0.6675921875 0.48671875 0.6754625 0.4890625 0.6796296875000001 0.48671875 0.6921296875 0.48333281250000004 0.6958328125000001 0.48072968749999995 0.7009265625000001 0.47890625 0.709259375 0.47838593749999997 0.71898125 0.47630156250000005 0.7300921875 0.47604218749999994 0.73194375 0.4765625 0.7398140625 0.47552031250000004 0.7490734375 0.47161406250000004 0.7504625 0.46692656250000003 0.7513890625 0.46328125 0.7629625 0.46640625 0.777778125 0.4671875 0.7875 0.46640625 0.8018515624999999 0.4625 0.8115734375000001 0.4578125 0.8194437499999999 0.45520781250000003 0.8310187499999999 0.45989531250000004 0.84398125 0.46041718749999994 0.8467593750000001 0.46041718749999994 0.8518515624999999 0.459375 0.8634265624999999 0.4609375 0.8708328125 0.46588593749999996 0.8768515625 0.4700515625 0.8768515625 0.47421875 0.88148125 0.47838593749999997 0.8722218749999999
4 0.47578125 0.665740625 0.47760468749999996 0.65694375 0.47890625 0.6513890625000001 0.48411406250000005 0.6365734375 0.48984375 0.63101875 0.49114531250000004 0.6291671875 0.4947921875 0.6171296875000001 0.5057296874999999 0.597221875 0.5067703125 0.5879624999999999 0.5083328125000001 0.5763890625 0.5083328125000001 0.5699078125 0.5072921874999999 0.5597218749999999 0.5005203125000001 0.56851875 0.49635468749999995 0.591203125 0.49427031250000003 0.5976859375 0.48671875 0.6050921875 0.4830734375 0.6115734374999999 0.47942656250000004 0.621759375 0.47578125 0.634259375 0.47369843749999996 0.6439812500000001 0.46692656250000003 0.6601859375 0.4622390625 0.6726859375 0.46067656250000005 0.677778125 0.45677031250000005 0.6888890625 0.4546875 0.6949078125 0.45859375 0.696759375 0.46979218749999996 0.69398125 0.47239531250000005 0.6861109375 0.47291718749999995 0.675
4 0.62109375 0.9833328124999999 0.6169265625 0.96851875 0.6119796875 0.9638890625000001 0.60625 0.9675921875 0.6046875 0.9703703125 0.5971359374999999 0.9541671875000001 0.5924484375 0.9731484375000001 0.5940109375 0.9861109375 0.5986984375 0.9958328125 0.6302078125 0.9984375 0.62734375 0.9949078124999999
4 0.5828125 0.8467593750000001 0.5822921875 0.8375 0.5796875 0.822221875 0.58125 0.8129625 0.59140625 0.8055562500000001 0.5807296875 0.7893515625 0.5703125 0.7856484375 0.5622390625 0.7856484375 0.56015625 0.7893515625 0.55859375 0.7995375 0.55859375 0.802778125 0.5526046874999999 0.81851875 0.5494796875 0.8384265624999999 0.55546875 0.8638890625 0.5596359375 0.8759265624999999 0.56015625 0.884721875 0.5796875 0.8893515624999999 0.5822921875 0.88101875 0.5838546874999999 0.8574078125
4 0.5697921874999999 0.7370375 0.571875 0.73194375 0.5708328125000001 0.7199078125 0.5700515625 0.715278125 0.5619796874999999 0.7009265625000001 0.5567703125000001 0.7009265625000001 0.5447921874999999 0.6986109375 0.5416671875 0.7050921875 0.5403640625 0.7166671874999999 0.5377609375 0.7240734375 0.5442703125 0.7333328125 0.5442703125 0.7527781250000001 0.5434890625000001 0.758796875 0.5510421875 0.75601875 0.56171875 0.758796875 0.56875 0.7550921875000001 0.5703125 0.74351875
4 0.56328125 0.65555625 0.5630203125000001 0.6416671875 0.5611984375 0.633796875 0.5638015625 0.61898125 0.5614578125 0.609721875 0.55625 0.6046296875 0.5552078125000001 0.5995375000000001 0.5549484375 0.59398125 0.5552078125000001 0.584721875 0.5549484375 0.5782406250000001 0.5541671874999999 0.5736109375 0.5528640625000001 0.5601859375 0.5533859375 0.5495375 0.5546875 0.5393515625 0.5559890625 0.5356484375 0.5588546875 0.5263890625000001 0.5583328125 0.515278125 0.5513015625000001 0.5175921875 0.5486984374999999 0.527778125 0.5486984374999999 0.5328703124999999 0.55 0.5388890625 0.5505203125 0.5421296875 0.54921875 0.5481484375 0.5450515625000001 0.5550921875 0.54296875 0.5601859375 0.5424484374999999 0.5634265625 0.5424484374999999 0.56898125 0.54140625 0.5740734375 0.53984375 0.5810187499999999 0.53828125 0.5884265625 0.5416671875 0.59305625 0.540625 0.6 0.5359375 0.6078703125 0.5369796874999999 0.61805625 0.5434890625000001 0.6208328125 0.54296875 0.6324078125 0.5432296875 0.6384265625000001 0.5427078125 0.64444375 0.540625 0.6504624999999999 0.5403640625 0.6643515625 0.540625 0.671296875 0.5450515625000001 0.6731484375 0.5580734374999999 0.6754625 0.56015625 0.66805625 0.5598953125 0.6643515625
4 0.33125 0.8648140625 0.340625 0.8560187499999999 0.3434890625 0.8379625 0.3518234375 0.8268515624999999 0.3583328125 0.8226859375 0.3658859375 0.81805625 0.3661453125 0.8055562500000001 0.3651046875 0.8032406249999999 0.3729171875 0.7981484375 0.3723953125 0.78055625 0.3734375 0.772221875 0.3776046875 0.7601859375 0.3776046875 0.7476859375 0.3630203125 0.7333328125 0.3622390625 0.7518515625 0.3588546875 0.7555562499999999 0.3580734375 0.7675921875 0.3580734375 0.7708328125 0.34765625 0.78194375 0.3424484375 0.7916671875 0.3411453125 0.803703125 0.3359375 0.8157406249999999 0.3286453125 0.8240734375000001 0.3247390625 0.8314812500000001 0.32265625 0.8398140625 0.3203125 0.8453703125 0.3145828125 0.8518515624999999 0.3065109375 0.8601859375 0.303125 0.8717593750000001 0.2973953125 0.8875 0.29453125 0.8935187499999999 0.29765625 0.90648125 0.3002609375 0.9263890625 0.3096359375 0.9199078125 0.3177078125 0.8995374999999999 0.3200515625 0.8782406249999999 0.3236984375 0.86944375
4 0.44635468749999996 0.6361109375 0.44973906250000006 0.6361109375 0.45625 0.63148125 0.45729218749999995 0.6245375 0.45885468749999997 0.6125 0.4622390625 0.602778125 0.46380156250000004 0.6009265625 0.47291718749999995 0.59444375 0.47708281250000006 0.5833328125 0.47604218749999994 0.5726859375 0.46927031250000006 0.5708328125000001 0.46588593749999996 0.5800921875 0.46119843749999995 0.5888890625000001 0.45729218749999995 0.5925921875 0.45390625 0.5958328125000001 0.45130156250000003 0.597221875 0.44921875 0.597221875 0.4466140625 0.596759375 0.44505156250000005 0.603240625 0.44375 0.60694375 0.44375 0.6115734374999999 0.44192656250000006 0.6240734375 0.43984375 0.6268515625 0.43515625 0.628703125 0.43125 0.63101875 0.4234375 0.640278125 0.41953125 0.6583328125000001 0.4231765625 0.6583328125000001 0.42682343749999996 0.65648125 0.4296875 0.6550921875 0.4270828125 0.6689812500000001 0.43697968749999994 0.665740625 0.43984375 0.6546296875000001 0.44140625 0.6421296875