4 0.3552078125 0.8199078125 0.35 0.8046296875 0.3434890625 0.796296875 0.3341140625 0.8023140625 0.3276046875 0.7981484375 0.3247390625 0.8097218749999999 0.3221359375 0.8129625 0.3221359375 0.8254625000000001 0.3359375 0.8273140625 0.3473953125 0.8291671875000001
4 0.47239531250000005 0.9763890625 0.47161406250000004 0.9476859375 0.47369843749999996 0.9189812500000001 0.4817703125 0.9092593750000001 0.48072968749999995 0.883796875 0.48333281250000004 0.8680562500000001 0.47994843749999994 0.853240625 0.4778640625 0.8398140625 0.46822968749999994 0.8375 0.4583328125 0.8458328125 0.46276093749999997 0.8620374999999999 0.46432343749999994 0.88101875 0.45 0.9125 0.44869843749999994 0.9328703125000001 0.44583281250000006 0.9509265625 0.44583281250000006 0.9601859375 0.44296875 0.9824078125 0.4375 0.9833328124999999 0.434375 0.9916671875 0.43541718749999997 0.9984375 0.47213593749999994 0.9984375
4 0.48255156250000003 0.8199078125 0.48411406250000005 0.8115734375000001 0.49036406250000003 0.7986109375 0.49427031250000003 0.784259375 0.49401093749999997 0.7736109375 0.49791718749999997 0.753240625 0.49765625 0.741203125 0.49921875 0.71944375 0.5013015625 0.6893515625 0.5083328125000001 0.6699078125 0.50703125 0.6643515625 0.5119796875 0.653240625 0.5088546875 0.6504624999999999 0.5104171875 0.6305562499999999 0.51484375 0.61898125 0.5153640625 0.6129625 0.51640625 0.6013890625 0.5203125 0.5898140625 0.5200515625000001 0.5833328125 0.52265625 0.575 0.525 0.5699078125 0.5255203125000001 0.5638890625 0.5278640625000001 0.5569437500000001 0.5294265625000001 0.5518515625 0.5307296874999999 0.54444375 0.5380203125 0.528703125 0.540625 0.5254624999999999 0.5442703125 0.5157406250000001 0.5395828125000001 0.5129625 0.5315109375 0.5157406250000001 0.5270828125 0.521296875 0.5221359375 0.5263890625000001 0.5153640625 0.5384265625 0.509375 0.5467593749999999 0.5033859374999999 0.5569437500000001 0.4986984375 0.5675921875000001 0.475 0.6236109375 0.47552031250000004 0.6351859375 0.47760468749999996 0.6379625 0.4828125 0.634259375 0.48619843749999997 0.6240734375 0.49036406250000003 0.6134265625 0.49427031250000003 0.5995375000000001 0.49921875 0.584259375 0.50859375 0.56898125 0.5169265625 0.5495375 0.52109375 0.5439812500000001 0.5190109374999999 0.5518515625 0.5130203125 0.5648140625 0.5091140625 0.5782406250000001 0.50625 0.590740625 0.5041671875 0.6018515625 0.49921875 0.6231484375 0.4953125 0.641203125 0.49036406250000003 0.658796875 0.490625 0.6717593749999999 0.4890625 0.6949078125 0.48020781250000005 0.721296875 0.47552031250000004 0.74305625 0.4674484375 0.7921296875 0.46067656250000005 0.8134265624999999 0.465625 0.8208328125 0.47057343749999997 0.8296296875 0.48046875 0.8296296875
4 0.40989531250000005 0.79305625 0.40859375 0.8217593750000001 0.42083281250000004 0.8300921875 0.4309890625 0.8157406249999999 0.4231765625 0.796296875
4 0.5979171875 0.9984375 0.5955734374999999 0.9851859375 0.5846359375 0.9717593750000001 0.5661453125 0.9763890625 0.56171875 0.9925921875 0.5630203125000001 0.9984375
4 0.6018234375 0.9013890625000001 0.59609375 0.8819437499999999 0.5809890625 0.858796875 0.5697921874999999 0.8638890625 0.5653640625 0.883796875 0.5622390625 0.8870374999999999 0.5549484375 0.8986109375 0.5596359375 0.9111109374999999 0.5609375 0.928703125 0.5651046875 0.9356484375 0.5625 0.9407406249999999 0.56796875 0.9560187499999999 0.5869796875 0.9620374999999999 0.6041671875 0.94305625
4 0.5700515625 0.8444437499999999 0.5705734375 0.8356484375000001 0.5640625 0.8226859375 0.5557296875 0.8254625000000001 0.546875 0.8314812500000001 0.5447921874999999 0.8407406249999999 0.55625 0.8504625000000001
4 0.6072921874999999 0.8333328124999999 0.59765625 0.825 0.596875 0.8300921875 0.5911453125 0.8430562500000001 0.5963546875 0.8486109374999999 0.6059890625000001 0.846296875
4 0.5799484374999999 0.775 0.58515625 0.7861109374999999 0.5940109375 0.7949078125 0.5997390625000001 0.78148125 0.5869796875 0.7699078125 0.58203125 0.7555562499999999 0.5752609375 0.7444437500000001 0.5729171875 0.7310187499999999 0.5731765625 0.7046296875 0.5690109375 0.6861109375 0.5653640625 0.672221875 0.5713546875 0.6666671875 0.5671875 0.6550921875 0.5643234374999999 0.6449078125 0.5536453125 0.6407406250000001 0.5463546874999999 0.6425921875 0.5408859374999999 0.6546296875000001 0.5356765625000001 0.665278125 0.53515625 0.68148125 0.53515625 0.7050921875 0.5364578125 0.708796875 0.53828125 0.7245375000000001 0.5403640625 0.7490734375 0.53984375 0.7638890625 0.5453125 0.7740734375 0.5505203125 0.784259375 0.5575515625 0.79444375 0.5640625 0.784259375 0.5677078125 0.7736109375
4 0.5515625 0.63101875 0.55546875 0.6203703125 0.5559890625 0.60694375 0.55703125 0.597221875 0.5533859375 0.590740625 0.5565109374999999 0.5810187499999999 0.5546875 0.56898125 0.5565109374999999 0.5578703125 0.5565109374999999 0.5449078125 0.5559890625 0.5356484375 0.5591140625000001 0.53055625 0.5549484375 0.5254624999999999 0.5479171875 0.5254624999999999 0.54453125 0.534259375 0.5408859374999999 0.5449078125 0.5385421874999999 0.553240625 0.534375 0.56851875 0.5328125 0.5865734375 0.5333328125000001 0.6009265625 0.5348953125 0.6120375 0.5346359374999999 0.6296296875 0.53515625 0.6398140625 0.5419265625 0.641203125 0.5515625 0.640278125
4 0.7375 0.9185187499999999 0.7369796875 0.8888890625 0.7213546875 0.8833328125 0.7020828125 0.8393515624999999 0.6934890625000001 0.8097218749999999 0.6791671874999999 0.7879625 0.6533859375 0.7384265625 0.6393234375 0.7143515625 0.63984375 0.6953703124999999 0.628125 0.6833328125 0.6213546875 0.666203125 0.6158859375 0.6393515625 0.6111984374999999 0.628703125 0.6036453125000001 0.609721875 0.5955734374999999 0.5981484375 0.5903640625000001 0.5800921875 0.5875 0.572221875 0.5872390625 0.5574078124999999 0.58359375 0.5467593749999999 0.57734375 0.5375 0.57109375 0.5361109374999999 0.5625 0.5361109374999999 0.56328125 0.5615734375 0.5658859374999999 0.5754625 0.5684890625000001 0.5745375 0.5697921874999999 0.578703125 0.56796875 0.5833328125 0.5700515625 0.5921296875000001 0.5708328125000001 0.6 0.5736984374999999 0.6138890625 0.5776046874999999 0.63148125 0.5807296875 0.64305625 0.58515625 0.646759375 0.5872390625 0.65601875 0.5916671874999999 0.6800921875 0.59453125 0.6902781250000001 0.5981765625000001 0.7013890625 0.6005203125 0.7129624999999999 0.60546875 0.7171296875000001 0.6111984374999999 0.7398140625 0.6135421875 0.75648125 0.6158859375 0.759721875 0.6174484375 0.771296875 0.62109375 0.777778125 0.6223953125 0.7921296875 0.628125 0.7990734374999999 0.6325515625 0.8041671875 0.6291671875 0.8092593750000001 0.6291671875 0.8194437499999999 0.6356765625 0.8365734375 0.6408859375 0.8365734375 0.6416671875 0.8560187499999999 0.64453125 0.86898125 0.653125 0.8875 0.6625 0.896759375 0.66640625 0.8925921875 0.6760421875 0.8981484375000001 0.6880203125000001 0.9856484375000001 0.69375 0.9984375 0.7703125 0.9984375 0.7552078125 0.9708328125