4 0.05963541666666667 0.9342594696969697 0.05755208333333333 0.9388882575757576 0.057291666666666664 0.9500000000000001 0.05625 0.9509261363636363 0.05572916666666667 0.9592594696969696 0.057291666666666664 0.9629621212121212 0.04869791666666667 0.9749999999999999 0.04453125 0.9763882575757576 0.040625 0.9874999999999999 0.03854166666666667 0.9912045454545454 0.035416666666666666 0.9925928030303032 0.0359375 0.9953712121212122 0.037760416666666664 0.9958333333333332 0.04088541666666667 0.9916666666666667 0.04453125 0.9995378787878787 0.12916666666666668 0.9995378787878787 0.14869791666666668 0.9731477272727272 0.14947916666666666 0.9703712121212121 0.14817708333333332 0.9666666666666667 0.15026041666666667 0.9615738636363637 0.15885416666666666 0.9546287878787878 0.16197916666666667 0.9467594696969697 0.16588541666666667 0.9435189393939394 0.16796875 0.9393522727272727 0.16145833333333334 0.9384261363636364 0.15885416666666666 0.9356477272727273 0.16223958333333333 0.9231477272727273 0.16953125 0.9171287878787879 0.17369791666666667 0.9208333333333333 0.17578125 0.9166666666666666 0.18359375 0.9106477272727272 0.19713541666666667 0.9101856060606061 0.19973958333333333 0.9078712121212121 0.20286458333333332 0.8944450757575757 0.21354166666666666 0.8921287878787878 0.2375 0.8546287878787879 0.24010416666666667 0.8564810606060606 0.25442708333333336 0.8509261363636363 0.25807291666666665 0.8476856060606061 0.26875 0.8296287878787878 0.2752604166666667 0.8310189393939394 0.2760416666666667 0.8296287878787878 0.27395833333333336 0.8282405303030302 0.27265625 0.8231477272727273 0.27838541666666666 0.8189810606060607 0.2833333333333333 0.8208333333333333 0.2859375 0.8180549242424242 0.28828125 0.8143522727272727 0.28671875 0.8115738636363636 0.28854166666666664 0.8041666666666667 0.29453125 0.7995378787878789 0.2986979166666667 0.7999999999999999 0.3143229166666667 0.775 0.321875 0.767592803030303 0.3221354166666667 0.7620378787878788 0.32369791666666664 0.7592594696969697 0.33098958333333334 0.7555549242424242 0.3359375 0.7430549242424243 0.3416666666666667 0.7379621212121212 0.34869791666666666 0.7259261363636363 0.3533854166666667 0.7217594696969697 0.3546875 0.715278409090909 0.3625 0.7087954545454546 0.41458333333333336 0.6314810606060607 0.4473958333333333 0.5898143939393939 0.45989583333333334 0.5703712121212121 0.4666666666666667 0.5643522727272727 0.47265625 0.5550928030303031 0.4822916666666667 0.5458333333333333 0.49166666666666664 0.5328712121212121 0.4979166666666667 0.5296287878787879 0.49947916666666664 0.5236117424242424 0.50390625 0.5185189393939394 0.5140625 0.5134261363636363 0.515625 0.5087954545454546 0.52109375 0.5037045454545455 0.5255208333333333 0.5055549242424242 0.5283854166666667 0.5013882575757576 0.5252604166666667 0.4976856060606061 0.5216145833333333 0.5009261363636364 0.5174479166666667 0.49953787878787875 0.5059895833333333 0.5069450757575757 0.5018229166666667 0.5055549242424242 0.50078125 0.510185606060606 0.4979166666666667 0.5138882575757576 0.49375 0.5134261363636363 0.490625 0.5171287878787878 0.4861979166666667 0.5157405303030302 0.48098958333333336 0.5166666666666667 0.4713541666666667 0.5212954545454546 0.4669270833333333 0.5273143939393939 0.4583333333333333 0.532407196969697 0.45364583333333336 0.5333333333333333 0.4513020833333333 0.5407405303030304 0.44296875 0.5481477272727273 0.4393229166666667 0.5481477272727273 0.4356770833333333 0.5569450757575758 0.37083333333333335 0.5958333333333333 0.36484375 0.594907196969697 0.35260416666666666 0.605092803030303 0.34921875 0.6027784090909091 0.3453125 0.6060189393939394 0.34322916666666664 0.6157405303030303 0.3416666666666667 0.6185189393939393 0.333246875 0.6259261363636364 0.3299479166666667 0.6259261363636364 0.32760416666666664 0.6407405303030302 0.3171875 0.6495378787878788 0.31666666666666665 0.6518522727272728 0.3140625 0.6541666666666667 0.31328125 0.6578712121212121 0.30625 0.6611117424242424 0.30390625 0.6648143939393939 0.3 0.6671287878787879 0.2872395833333333 0.6657405303030304 0.2791666666666667 0.6671287878787879 0.2596354166666667 0.6837954545454545 0.25755208333333335 0.6893522727272727 0.253125 0.6935189393939394 0.24401041666666667 0.6949071969696969 0.23151041666666666 0.7115738636363637 0.21484375 0.7416666666666667 0.20833333333333334 0.7435189393939393 0.2046875 0.7467594696969697 0.2015625 0.7527784090909091 0.19791666666666666 0.755092803030303 0.19375 0.7518522727272727 0.18932291666666667 0.7527784090909091 0.18645833333333334 0.7583333333333333 0.058333333333333334 0.9078712121212121 0.058854166666666666 0.9120378787878788 0.05625 0.9194450757575757 0.0578125 0.9217594696969698 0.05963541666666667 0.9342594696969697
4 0.39296875 0.9828712121212122 0.40130208333333334 0.9740738636363637 0.403125 0.9620378787878788 0.4015625 0.9398143939393939 0.4 0.9347215909090909 0.39296875 0.9296287878787879 0.38776041666666666 0.9310189393939393 0.38385416666666666 0.9342594696969697 0.38203125 0.9439810606060607 0.38255208333333335 0.9703712121212121 0.38333333333333336 0.9749999999999999 0.3875 0.9828712121212122 0.39296875 0.9828712121212122
4 0.48020833333333335 0.7597215909090909 0.4828125 0.7620378787878788 0.4861979166666667 0.7587954545454546 0.4940104166666667 0.7583333333333333 0.49583333333333335 0.7523143939393939 0.49609375 0.7421287878787879 0.4973958333333333 0.7365738636363637 0.4947916666666667 0.7208333333333333 0.49296875 0.7171287878787879 0.48984375 0.7148143939393939 0.48203125 0.7185189393939394 0.47994791666666664 0.7240738636363636 0.478125 0.7402784090909091 0.47890625 0.7435189393939393 0.4786458333333333 0.7555549242424242 0.48020833333333335 0.7597215909090909
4 0.4669270833333333 0.705092803030303 0.4669270833333333 0.6962954545454546 0.46510416666666665 0.692592803030303 0.45859375 0.6875 0.4557291666666667 0.6930549242424242 0.4557291666666667 0.7125 0.45859375 0.7138882575757576 0.4622395833333333 0.7129621212121212 0.4669270833333333 0.705092803030303
4 0.38517812500000004 0.7551344696969697 0.37628229166666666 0.736157196969697 0.36738645833333333 0.7488087121212121 0.350040625 0.7828087121212121 0.34336875 0.8033674242424242 0.336696875 0.8286704545454545 0.34781666666666666 0.8547651515151514 0.350040625 0.8207632575757575 0.36204895833333334 0.8081117424242424 0.361159375 0.7859715909090909 0.38517812500000004 0.7551344696969697
4 0.6053427083333334 0.9172916666666666 0.5948291666666666 0.8957253787878787 0.5859322916666667 0.864814393939394 0.5964458333333333 0.850435606060606 0.5887635416666667 0.8295890151515152 0.5839104166666667 0.8094602272727273 0.5778447916666667 0.7807045454545455 0.564096875 0.7771098484848485 0.55924375 0.7641704545454546 0.5774406249999999 0.7605757575757576 0.5750145833333333 0.7346969696969697 0.5697583333333333 0.7181609848484849 0.5487302083333333 0.7188806818181819 0.5471135416666667 0.7569810606060605 0.5519656249999999 0.7735151515151515 0.5576270833333333 0.7986761363636364 0.5499437500000001 0.8058655303030303 0.5608614583333333 0.8295890151515152 0.5515614583333334 0.854030303030303 0.56611875 0.870564393939394 0.5628833333333334 0.8827859848484848 0.5725885416666666 0.8971628787878788 0.5454958333333334 0.8950056818181817 0.5580312500000001 0.9424526515151516 0.571375 0.9287935606060607 0.58755 0.9417329545454546 0.6033208333333333 0.9352632575757576 0.6053427083333334 0.9172916666666666
4 0.5630531249999999 0.6504962121212121 0.5566645833333334 0.6148484848484849 0.5603916666666666 0.597498106060606 0.5543583333333333 0.5892954545454546 0.5566645833333334 0.5820397727272727 0.5538260416666667 0.5738390151515151 0.5575520833333333 0.5640587121212121 0.5577291666666666 0.5413446969696969 0.5619885416666667 0.5186306818181818 0.567134375 0.5041193181818182 0.5699572916666666 0.4941306818181818 0.5609239583333333 0.501280303030303 0.5532927083333333 0.5101136363636363 0.5488572916666666 0.5227329545454545 0.5435333333333333 0.5356666666666666 0.5414041666666667 0.5533333333333333 0.5412260416666667 0.567844696969697 0.5422916666666667 0.5773087121212122 0.5444208333333334 0.5792007575757575 0.5428239583333333 0.6085397727272728 0.5431781250000001 0.6170568181818181 0.5442427083333333 0.6381931818181819 0.54335625 0.647657196969697 0.5435333333333333 0.6918238636363636 0.5502760416666667 0.7060189393939394 0.5666020833333333 0.704126893939394 0.5694416666666666 0.6883541666666667 0.5664250000000001 0.6656401515151515 0.5630531249999999 0.6504962121212121
4 0.5470739583333334 0.5092575757575757 0.529834375 0.5314791666666666 0.5209541666666666 0.5492386363636363 0.5044645833333333 0.6050719696969697 0.505625 0.6118219696969697 0.505203125 0.6136969696969696 0.504359375 0.6148219696969697 0.49898020833333334 0.6365719696969697 0.500140625 0.6395719696969697 0.507634375 0.6485624999999999 0.524284375 0.5584469696969697 0.5368645833333333 0.5295056818181818 0.5490739583333333 0.5110871212121212 0.5470739583333334 0.5092575757575757
4 0.5294010416666667 0.5264109848484848 0.5423229166666667 0.5104583333333333 0.5398927083333334 0.5111704545454546 0.5295427083333333 0.5209450757575758 0.5120770833333333 0.5462443181818182 0.49954479166666665 0.5702499999999999 0.4985739583333333 0.5722632575757576 0.49171562500000005 0.590217803030303 0.48704895833333334 0.6029791666666666 0.48846666666666666 0.6156761363636364 0.49099791666666665 0.6163787878787879 0.5003291666666666 0.6036174242424241 0.508225 0.5704374999999999 0.5189927083333333 0.5436382575757576 0.5294010416666667 0.5264109848484848
4 0.5627604166666667 0.5375 0.56484375 0.5486117424242424 0.5674479166666667 0.577314393939394 0.5692708333333333 0.5833333333333334 0.5684895833333333 0.5875 0.5721354166666667 0.5967594696969697 0.5752604166666667 0.5995378787878788 0.5760416666666667 0.6041666666666666 0.5778645833333333 0.6023143939393939 0.5794270833333334 0.6064810606060606 0.57890625 0.607407196969697 0.58046875 0.6106477272727273 0.5791666666666667 0.614814393939394 0.5799479166666667 0.6226856060606061 0.5822916666666667 0.630092803030303 0.5828125 0.6384261363636363 0.59140625 0.6439810606060606 0.5963541666666666 0.644907196969697 0.59921875 0.6421287878787878 0.5958333333333333 0.6004621212121212 0.5966145833333333 0.5846060606060607 0.5994791666666667 0.580092803030303 0.5986979166666667 0.5759261363636363 0.6005208333333333 0.5717594696969697 0.60390625 0.5680549242424242 0.60234375 0.5638882575757576 0.6041666666666666 0.5606477272727273 0.6041666666666666 0.5486117424242424 0.6005208333333333 0.5226856060606061 0.60078125 0.4782405303030303 0.5997395833333333 0.47638825757575753 0.5911458333333334 0.4768522727272727 0.5796875 0.48240719696969697 0.578125 0.4870378787878788 0.57109375 0.4930549242424243 0.5682291666666667 0.5004621212121213 0.5675197916666667 0.5051287878787879 0.5667697916666667 0.507905303030303 0.5666666666666667 0.510185606060606 0.5653645833333333 0.5254621212121212 0.5627604166666667 0.5333333333333333 0.5627604166666667 0.5375
4 0.6541666666666667 0.8337954545454546 0.6518229166666667 0.8476856060606061 0.6518229166666667 0.8652784090909091 0.6528645833333333 0.8717594696969697 0.6549479166666666 0.8726856060606061 0.65703125 0.8643522727272727 0.6606770833333333 0.8620378787878789 0.6653645833333334 0.864814393939394 0.6666666666666666 0.869907196969697 0.66640625 0.8768522727272727 0.66796875 0.8810189393939394 0.6674479166666667 0.8856477272727273 0.6705729166666666 0.8967594696969696 0.6747395833333333 0.9203712121212122 0.6739583333333333 0.9236117424242424 0.6791666666666667 0.9361117424242424 0.6815104166666667 0.9587954545454546 0.6890625 0.9638882575757576 0.6934895833333333 0.9629621212121212 0.6966145833333334 0.9546287878787878 0.6973958333333333 0.9467594696969697 0.69609375 0.9393522727272727 0.6940104166666666 0.9370378787878787 0.6942708333333333 0.9236117424242424 0.6934895833333333 0.922221590909091 0.6916666666666667 0.8893522727272727 0.6934895833333333 0.8847215909090909 0.6932291666666667 0.8763882575757576 0.6880208333333333 0.8671287878787879 0.6888020833333334 0.8652784090909091 0.6861979166666666 0.8634261363636364 0.6877604166666667 0.8486117424242424 0.6848958333333334 0.840278409090909 0.68515625 0.8379621212121212 0.68046875 0.827778409090909 0.678125 0.817592803030303 0.675 0.7907405303030304 0.6736979166666667 0.7865738636363636 0.6697916666666667 0.7870378787878788 0.6658854166666667 0.7805549242424242 0.6578125 0.7796287878787879 0.6541666666666667 0.7685189393939394 0.6497395833333334 0.7689810606060606 0.6463541666666667 0.7662045454545454 0.6419270833333334 0.7712954545454546 0.64140625 0.7888882575757576 0.6424479166666667 0.7999999999999999 0.6479166666666667 0.8060189393939393 0.6541666666666667 0.8337954545454546