4 0.33046875 0.9984375 0.3322921875 0.99398125 0.3276046875 0.984259375 0.3307296875 0.9666671875 0.31875 0.9736109374999999 0.3140625 0.965278125 0.309375 0.977778125 0.2973953125 0.9819437499999999 0.2877609375 0.9984375
4 0.3510421875 0.953703125 0.3567703125 0.94305625 0.365625 0.9393515625 0.3708328125 0.925 0.3778640625 0.9129625000000001 0.3760421875 0.9041671875 0.3809890625 0.8828703125 0.3893234375 0.859259375 0.3895828125 0.8407406249999999 0.3966140625 0.816203125 0.3994796875 0.8032406249999999 0.40963593749999994 0.790740625 0.425 0.7884265625 0.42994843749999995 0.7703703125 0.42994843749999995 0.7546296875 0.42890625 0.7361109375 0.4401046875 0.7259265625 0.44296875 0.7143515625 0.44479218749999994 0.7004625 0.43802031250000006 0.6879625 0.44765625 0.6824078124999999 0.46015625 0.6699078125 0.46171875 0.6356484375 0.46328125 0.6231484375 0.46276093749999997 0.6138890625 0.46510468749999995 0.5986109374999999 0.4713546875 0.59351875 0.48541718749999996 0.5990734375 0.4908859375 0.583796875 0.4890625 0.5680562499999999 0.48541718749999996 0.55648125 0.48489531250000006 0.5495375 0.4859375 0.5398140625 0.48854218749999995 0.525 0.48932343749999996 0.5199078125 0.48203125 0.5240734375 0.47890625 0.5356484375 0.471875 0.5509265625 0.46276093749999997 0.571296875 0.44244843749999996 0.6115734374999999 0.41901093749999996 0.659259375 0.4127609375 0.683796875 0.4127609375 0.6995375 0.41067656250000006 0.7125 0.40598906250000005 0.7328703125 0.40416718749999997 0.740278125 0.39609375 0.741203125 0.3908859375 0.7509265625 0.3794265625 0.759259375 0.3651046875 0.7708328125 0.3598953125 0.7754624999999999 0.3513015625 0.7995375 0.3354171875 0.8194437499999999 0.3309890625 0.84398125 0.3419265625 0.8453703125 0.2973953125 0.9203703125 0.3091140625 0.9416671875 0.3205734375 0.9574078125 0.33828125 0.9541671875000001
4 0.1799484375 0.9583328124999999 0.16953125 0.9453703125 0.178125 0.9416671875 0.1984375 0.9416671875 0.2033859375 0.9231484375000001 0.1924484375 0.9069437499999999 0.1872390625 0.89444375 0.1755203125 0.8884265625 0.1666671875 0.9134265625 0.1565109375 0.9208328124999999 0.1466140625 0.9148140625 0.1424484375 0.9324078124999999 0.1424484375 0.9407406249999999 0.14296875 0.978240625 0.15703125 0.9810187499999999 0.17109375 0.9791671875000001 0.1854171875 0.9703703125
4 0.2627609375 0.8629625000000001 0.2640625 0.840278125 0.26328125 0.828240625 0.2515625 0.8273140625 0.2411453125 0.8300921875 0.2286453125 0.8300921875 0.2247390625 0.8486109374999999 0.2291671875 0.8763890625 0.23984375 0.883796875 0.2549484375 0.883796875 0.2622390625 0.8777781250000001
4 0.3356765625 0.7032406250000001 0.33984375 0.71851875 0.3489578125 0.71851875 0.3466140625 0.7074078125 0.3403640625 0.691203125 0.3333328125 0.684259375 0.33046875 0.69351875
4 0.296875 0.7995375 0.2997390625 0.790740625 0.2940109375 0.7773140625 0.2859375 0.7791671874999999 0.2846359375 0.79305625
4 0.0973953125 0.9078703125 0.09244843750000001 0.9046296875 0.0671875 0.9291671875 0.0671875 0.9379625 0.078125 0.9458328125 0.0981765625 0.9365734375000001 0.103125 0.9282406249999999
4 0.4328125 0.8523140625 0.4205734375 0.8546296874999999 0.41692656250000004 0.8638890625 0.42265625 0.8796296874999999 0.43828125 0.8828703125 0.44765625 0.8754625 0.44713593749999997 0.8583328124999999
4 0.75859375 0.9984375 0.6111984374999999 0.7060187499999999 0.6002609375 0.7078703125 0.5955734374999999 0.7236109374999999 0.5966140625 0.7449078124999999 0.5955734374999999 0.7495375 0.5958328125000001 0.758796875 0.60546875 0.7523140625 0.60859375 0.75648125 0.6072921874999999 0.766203125 0.6057296875 0.783796875 0.6140625 0.7949078125 0.6130203125 0.8166671875 0.6190109374999999 0.8291671875000001 0.63515625 0.8333328124999999 0.6375 0.8138890625 0.6450515625000001 0.8129625 0.6669265625 0.84351875 0.6721359375 0.8583328124999999 0.6755203125 0.8736109375 0.6791671874999999 0.8888890625 0.68671875 0.8986109375 0.69375 0.9101859375 0.7002609375 0.9189812500000001 0.70703125 0.927778125 0.71953125 0.9356484375 0.7221359374999999 0.9402781250000001 0.73203125 0.9601859375 0.7364578125000001 0.9694437499999999 0.7364578125000001 0.9800921875 0.7377609374999999 0.99351875 0.7505203125000001 0.9984375
4 0.165625 0.8370374999999999 0.1578125 0.8379625 0.14921875 0.8481484375000001 0.1559890625 0.859721875 0.16328125 0.8564812500000001 0.1682296875 0.8490734375000001
4 0.2018234375 0.8148140625 0.203125 0.8083328125 0.2044265625 0.8009265624999999 0.1966140625 0.7976859375 0.1919265625 0.7986109375 0.1828125 0.8106484375 0.1833328125 0.8175921875000001 0.1911453125 0.8175921875000001 0.1979171875 0.8199078125
4 0.2244796875 0.796296875 0.22421875 0.7870375000000001 0.2197921875 0.778703125 0.215625 0.7754624999999999 0.21015625 0.7833328125000001 0.2088546875 0.7925921875 0.20859375 0.7986109375 0.2177078125 0.7995375
4 0.2458328125 0.765278125 0.2411453125 0.7574078125 0.23671875 0.7555562499999999 0.23203125 0.7583328125000001 0.2234375 0.7675921875 0.2263015625 0.775 0.2356765625 0.777778125 0.24375 0.772221875
4 0.3817703125 0.6092593749999999 0.3825515625 0.6120375 0.3856765625 0.6138890625 0.3901046875 0.6129625 0.3953125 0.6046296875 0.390625 0.6004625 0.384375 0.6023140625 0.3825515625 0.6046296875
4 0.35625 0.633796875 0.35625 0.6361109375 0.3528640625 0.6375 0.34921875 0.640278125 0.3463546875 0.64305625 0.3489578125 0.6495375 0.3520828125 0.653240625 0.3536453125 0.652778125 0.3578125 0.646296875 0.35859375 0.6439812500000001 0.3651046875 0.6375 0.3653640625 0.6296296875 0.3625 0.6296296875 0.3591140625 0.63101875
4 0.2765625 0.734721875 0.2854171875 0.7333328125 0.2885421875 0.7245375000000001 0.2877609375 0.71898125 0.2888015625 0.7111109375 0.28515625 0.7074078125 0.27890625 0.7134265625 0.2747390625 0.71898125 0.2703125 0.7226859375 0.26171875 0.7263890625 0.2557296875 0.7356484375 0.2518234375 0.7388890625 0.2520828125 0.7476859375 0.2611984375 0.75 0.2669265625 0.7379625 0.2713546875 0.7356484375
4 0.3174484375 0.6888890625 0.3213546875 0.6856484375 0.32109375 0.68101875 0.3200515625 0.6773140625 0.3208328125 0.6736109375 0.3203125 0.6689812500000001 0.2981765625 0.691203125 0.29609375 0.697221875 0.3033859375 0.7 0.3111984375 0.6976859375 0.3153640625 0.6925921875000001