4 0.5627609375 0.7518515625 0.5580734374999999 0.7384265625 0.5486984374999999 0.7314812500000001 0.5416671875 0.7356484375 0.5330734374999999 0.741203125 0.5291671874999999 0.75 0.5322921875 0.7620375 0.53828125 0.7726859375 0.5494796875 0.7791671874999999 0.56328125 0.7685187499999999
4 0.5953125 0.903703125 0.59765625 0.896759375 0.5997390625000001 0.8819437499999999 0.6013015625 0.8666671875 0.60078125 0.8444437499999999 0.5903640625000001 0.834721875 0.58046875 0.8361109375 0.5708328125000001 0.8453703125 0.56484375 0.8675921875 0.5671875 0.896759375 0.57890625 0.90601875 0.5859375 0.90601875
4 0.6041671875 0.9930562500000001 0.6059890625000001 0.9879625000000001 0.6059890625000001 0.977778125 0.6015625 0.9657406249999999 0.6 0.9550921875 0.6028640625 0.9393515625 0.5989578125 0.915740625 0.5848953125 0.9129625000000001 0.5666671875 0.9050921875 0.54921875 0.9050921875 0.5458328125 0.9282406249999999 0.55 0.947221875 0.5596359375 0.9606484375000001 0.56328125 0.977778125 0.5723953125000001 0.9958328125 0.59609375 0.9981484375 0.6005203125 0.996296875
4 0.50234375 0.8939812500000001 0.5044265625000001 0.878703125 0.503125 0.8703703125000001 0.4986984375 0.8643515624999999 0.49192656250000005 0.8643515624999999 0.48671875 0.8722218749999999 0.4859375 0.8893515624999999 0.48802031250000005 0.908796875 0.5010421875 0.90601875 0.50234375 0.9023140625
4 0.6776046874999999 0.8263890625 0.6776046874999999 0.8115734375000001 0.6705734375 0.8055562500000001 0.66328125 0.8023140625 0.65234375 0.8 0.6515625 0.8203703125 0.6486984375 0.8356484375000001 0.6549484375 0.8453703125 0.6682296875 0.8513890625 0.675 0.840278125
4 0.8565109375000001 0.9550921875 0.8484375 0.9481484375000001 0.8372390624999999 0.9416671875 0.8244796875 0.94351875 0.8067703125 0.9282406249999999 0.8013015625 0.9009265624999999 0.8005203125 0.8726859375 0.7890625 0.858796875 0.784375 0.8546296874999999 0.7776046875 0.852778125 0.7703125 0.8569437499999999 0.7627609375 0.85 0.76484375 0.834721875 0.7622390625000001 0.8194437499999999 0.7453125 0.7953703125 0.7369796875 0.7995375 0.7369796875 0.816203125 0.73515625 0.8453703125 0.734375 0.8560187499999999 0.7359375 0.8722218749999999 0.7473953125 0.8893515624999999 0.76171875 0.896759375 0.7786453125 0.896759375 0.7877609375 0.8986109375 0.7903640625 0.9175921875 0.7903640625 0.9356484375 0.784375 0.9574078125 0.7755203125000001 0.9726859375 0.7830734374999999 0.9976859375 0.8466140624999999 0.9984375 0.8778640624999999 0.983796875
4 0.6984375 0.7296296875 0.68359375 0.709721875 0.6770828125 0.709721875 0.6713546874999999 0.715278125 0.6666671875 0.7296296875 0.665625 0.7458328125 0.6729171875 0.7546296875 0.6861984375 0.753703125 0.6859375 0.76805625 0.6908859374999999 0.7824078125 0.69375 0.8 0.7075515625000001 0.80694375 0.7260421874999999 0.7981484375 0.7252609375 0.78055625 0.7075515625000001 0.7620375
4 0.6356765625 0.7101859375 0.63671875 0.6958328125000001 0.6294265625000001 0.683796875 0.62578125 0.6768515625 0.61796875 0.6708328125 0.6111984374999999 0.6666671875 0.6028640625 0.6620375000000001 0.5955734374999999 0.6611109374999999 0.5872390625 0.665278125 0.5794265625 0.66805625 0.5815109374999999 0.6884265625 0.5893234374999999 0.7013890625 0.5924484375 0.7143515625 0.5963546875 0.7263890625 0.6049484374999999 0.7425921875 0.6341140625 0.734721875 0.6356765625 0.7208328125000001
4 0.66484375 0.715740625 0.6643234375 0.7023140625 0.6622390625000001 0.6930562499999999 0.66015625 0.6800921875 0.6541671874999999 0.671296875 0.64765625 0.6685187499999999 0.6421875 0.6703703125 0.64140625 0.6800921875 0.6421875 0.6953703124999999 0.6421875 0.70694375 0.646875 0.7231484375 0.6557296874999999 0.728240625 0.6609375 0.7245375000000001
4 0.63671875 0.6435187499999999 0.6229171874999999 0.6259265625 0.5966140625 0.5893515625 0.57265625 0.55601875 0.5505203125 0.5268515625 0.5276046875 0.490278125 0.5244796875 0.490278125 0.5270828125 0.49629687499999997 0.53203125 0.503240625 0.5325515625 0.5148140625 0.5393234375 0.53101875 0.54765625 0.5379625 0.54921875 0.5467593749999999 0.5598953125 0.55601875 0.5669265625000001 0.566203125 0.565625 0.5824078125 0.5744796875 0.5898140625 0.5776046874999999 0.5995375000000001 0.5848953125 0.609721875 0.5955734374999999 0.634721875 0.60859375 0.6504624999999999 0.6213546875 0.6625 0.6348953125000001 0.6726859375 0.6416671875 0.6666671875 0.6442703125 0.6550921875
4 0.45286406250000005 0.571759375 0.45130156250000003 0.56851875 0.446875 0.56851875 0.4453125 0.5731484375 0.44348906250000003 0.5810187499999999 0.44869843749999994 0.5833328125 0.45104218749999997 0.583796875 0.45390625 0.5759265625000001
4 0.2963546875 0.6736109375 0.2927078125 0.6708328125 0.2893234375 0.6708328125 0.2786453125 0.6800921875 0.2682296875 0.6921296875 0.26171875 0.7004625 0.2588546875 0.7041671875 0.2604171875 0.70694375 0.27265625 0.7060187499999999 0.28984375 0.697221875 0.2947921875 0.6861109375