4 0.1953125 0.9995378787878787 0.221875 0.9995378787878787 0.22265625 0.9939810606060606 0.22109375 0.9916666666666667 0.21848958333333332 0.9800928030303031 0.22161458333333334 0.9731477272727272 0.22161458333333334 0.9578712121212121 0.22057291666666667 0.955092803030303 0.21666666666666667 0.952778409090909 0.21223958333333334 0.9555549242424243 0.20859375 0.9532405303030302 0.2046875 0.957407196969697 0.20364583333333333 0.9666666666666667 0.20234375 0.9689810606060606 0.19765625 0.9712954545454546 0.19453125 0.9694450757575758 0.19192708333333333 0.9703712121212121 0.19140625 0.9749999999999999 0.19348958333333333 0.9828712121212122 0.19270833333333334 0.9865738636363636 0.1953125 0.9995378787878787
4 0.26510416666666664 0.9078712121212121 0.2674479166666667 0.9125 0.2752604166666667 0.9203712121212122 0.2791666666666667 0.919907196969697 0.28020833333333334 0.9152784090909091 0.2877604166666667 0.905092803030303 0.296875 0.8879621212121211 0.303125 0.8717594696969697 0.30572916666666666 0.8611117424242424 0.2986979166666667 0.8513882575757576 0.290625 0.8486117424242424 0.28671875 0.855092803030303 0.2791666666666667 0.8578712121212122 0.2760416666666667 0.8606477272727273 0.2747395833333333 0.8643522727272727 0.27421875 0.8736117424242424 0.2682291666666667 0.9 0.2682291666666667 0.9037045454545455 0.26510416666666664 0.9078712121212121
4 0.3729166666666667 0.7361117424242424 0.38255208333333335 0.7212954545454545 0.38619791666666664 0.7078712121212121 0.3828125 0.702778409090909 0.3765625 0.7009261363636363 0.37057291666666664 0.7087954545454546 0.3692708333333333 0.7162045454545455 0.3684895833333333 0.7240738636363636 0.3690104166666667 0.7333333333333333 0.3697916666666667 0.735185606060606 0.3729166666666667 0.7361117424242424
4 0.33255208333333336 0.802314393939394 0.3338541666666667 0.8041666666666667 0.3380208333333333 0.8037045454545454 0.34869791666666666 0.7865738636363636 0.36015625 0.7634261363636363 0.3619791666666667 0.755092803030303 0.3606770833333333 0.7527784090909091 0.3536458333333333 0.7490738636363636 0.3458333333333333 0.7504621212121213 0.33229166666666665 0.7634261363636363 0.33046875 0.767592803030303 0.32916666666666666 0.7745378787878788 0.32916666666666666 0.7907405303030304 0.33046875 0.792592803030303 0.33255208333333336 0.802314393939394
4 0.4005208333333333 0.6847215909090909 0.4002604166666667 0.6800928030303031 0.3963541666666667 0.6736117424242424 0.3885416666666667 0.6754621212121212 0.3875 0.6791666666666667 0.3875 0.6967594696969697 0.3888020833333333 0.6986117424242425 0.3927083333333333 0.6990738636363636 0.4005208333333333 0.6847215909090909
4 0.4526114583333333 0.5868484848484848 0.4526114583333333 0.5751761363636363 0.44896145833333334 0.5812272727272727 0.4492052083333334 0.5829583333333334 0.44871875 0.5864166666666666 0.4431229166666667 0.5885776515151515 0.4402041666666667 0.5907386363636364 0.4389875 0.5937651515151515 0.4380135416666667 0.5959261363636363 0.4312020833333333 0.602842803030303 0.4265802083333333 0.6088958333333334 0.42463333333333336 0.6166780303030303 0.42901249999999996 0.6227291666666667 0.43386875 0.6243106060606061 0.44239270833333333 0.6097613636363637 0.44871875 0.6071666666666666 0.45115208333333334 0.5946287878787879 0.4526114583333333 0.5868484848484848
4 0.452125 0.6430492424242423 0.4475020833333333 0.6404545454545455 0.4453125 0.6305113636363637 0.440690625 0.6300795454545455 0.435825 0.6356988636363636 0.4312020833333333 0.6352670454545455 0.42463333333333336 0.6326723484848484 0.41952395833333334 0.6482367424242425 0.4217135416666667 0.6555852272727273 0.4258395833333333 0.6571401515151516 0.43363437499999996 0.6555852272727273 0.4440958333333333 0.6612064393939394 0.45188124999999996 0.6607727272727272 0.452125 0.6430492424242423
4 0.4505208333333333 0.6083333333333333 0.44765625 0.6111117424242424 0.4471354166666667 0.6134261363636364 0.44869791666666664 0.620371212121212 0.4510416666666667 0.6222215909090909 0.4625 0.6166666666666667 0.4671875 0.6115738636363637 0.46953125 0.6055549242424243 0.4752604166666667 0.5967594696969697 0.48489583333333336 0.5750000000000001 0.48932291666666666 0.5597215909090909 0.49453125 0.552314393939394 0.49635416666666665 0.544907196969697 0.49557291666666664 0.5370378787878788 0.49322916666666666 0.5361117424242424 0.4864583333333333 0.5407405303030304 0.48125 0.5407405303030304 0.4765625 0.5486117424242424 0.4666666666666667 0.5564810606060606 0.46067708333333335 0.5689810606060607 0.4549479166666667 0.5754621212121211 0.45338541666666665 0.5833333333333334 0.4544270833333333 0.5916666666666667 0.45078125 0.6 0.4505208333333333 0.6083333333333333
4 0.39791666666666664 0.7416666666666667 0.4049479166666667 0.7430549242424243 0.40911458333333334 0.7412045454545454 0.4234375 0.7245378787878788 0.42291666666666666 0.7083333333333334 0.41640625 0.6902784090909091 0.41380208333333335 0.6888882575757576 0.409375 0.6902784090909091 0.4044270833333333 0.6865738636363636 0.40130208333333334 0.6870378787878787 0.39895833333333336 0.6888882575757576 0.39505208333333336 0.6962954545454546 0.39375 0.7013882575757576 0.3963541666666667 0.7087954545454546 0.3953125 0.7361117424242424 0.39791666666666664 0.7416666666666667
4 0.3651041666666667 0.8375 0.3729166666666667 0.8379621212121212 0.38385416666666666 0.8296287878787878 0.3885416666666667 0.8217594696969697 0.390625 0.8111117424242424 0.3893229166666667 0.8050928030303031 0.39505208333333336 0.7694450757575757 0.3971354166666667 0.767592803030303 0.3984375 0.760185606060606 0.3984375 0.7513882575757576 0.3963541666666667 0.7486117424242424 0.39739583333333334 0.7435189393939393 0.39505208333333336 0.7412045454545454 0.39427083333333335 0.7374999999999999 0.3924479166666667 0.7374999999999999 0.38776041666666666 0.7430549242424243 0.37552083333333336 0.764814393939394 0.3684895833333333 0.7819450757575758 0.36640625 0.7935189393939394 0.36276041666666664 0.8018522727272727 0.359375 0.8055549242424243 0.35572916666666665 0.8166666666666667 0.35546875 0.8222215909090909 0.3572916666666667 0.8296287878787878 0.3614583333333333 0.8310189393939394 0.3651041666666667 0.8375
4 0.32369791666666664 0.8939810606060606 0.3260416666666667 0.9055549242424242 0.33125 0.9157405303030304 0.33671875 0.917592803030303 0.34348958333333335 0.9171287878787879 0.35104166666666664 0.9115738636363636 0.35390625 0.907407196969697 0.35546875 0.9018522727272728 0.36041666666666666 0.8958333333333334 0.36666666666666664 0.8805549242424242 0.3671875 0.8685189393939393 0.36223958333333334 0.8537045454545454 0.36223958333333334 0.8444450757575758 0.3536458333333333 0.827778409090909 0.34661458333333334 0.8296287878787878 0.3419270833333333 0.8439810606060606 0.3377604166666667 0.847221590909091 0.3299479166666667 0.8490738636363636 0.328125 0.8532405303030304 0.3263020833333333 0.8657405303030303 0.3234375 0.8726856060606061 0.3255208333333333 0.8787045454545455 0.32369791666666664 0.8939810606060606
4 0.37864583333333335 0.7986117424242424 0.37734375 0.7935189393939394 0.3731770833333333 0.7935189393939394 0.371875 0.797221590909091 0.37135416666666665 0.8027784090909091 0.37265625 0.8055549242424243 0.37786458333333334 0.8032405303030303 0.37864583333333335 0.7986117424242424