4 0.49036406250000003 0.55648125 0.49140625 0.553240625 0.490625 0.552778125 0.48932343749999996 0.5513890625 0.48984375 0.5490734374999999 0.49010468749999997 0.547221875 0.490625 0.5449078125 0.4908859375 0.540278125 0.4908859375 0.5384265625 0.49036406250000003 0.5379625 0.48854218749999995 0.5379625 0.48802031250000005 0.5388890625 0.48776093749999994 0.540278125 0.48671875 0.5425921875 0.48619843749999997 0.546296875 0.4856765625 0.5504625 0.48385468749999994 0.5541671874999999 0.48385468749999994 0.5583328125 0.48515625 0.5606484375 0.48671875 0.5648140625 0.48854218749999995 0.5625 0.4890625 0.55601875 0.4890625 0.5569437500000001
4 0.44453125 0.7504625 0.4453125 0.758796875 0.453125 0.7634265625000001 0.45807343749999996 0.7625 0.4640625 0.759721875 0.4640625 0.7379625 0.45104218749999997 0.734721875 0.4479171875 0.7370375 0.44583281250000006 0.7444437500000001
4 0.44427031250000004 0.7893515625 0.44427031250000004 0.7939812500000001 0.43567656250000003 0.8 0.43177031250000003 0.8120375 0.43125 0.8231484375000001 0.434375 0.8333328124999999 0.44583281250000006 0.847221875 0.45130156250000003 0.8486109374999999 0.4518234375 0.8486109374999999 0.4557296875 0.8333328124999999 0.45703125 0.8166671875 0.45989531250000004 0.7925921875 0.46041718749999994 0.78055625 0.4518234375 0.7759265625 0.446875 0.777778125 0.44505156250000005 0.783796875
4 0.43984375 0.7699078125 0.43723906250000005 0.759259375 0.42682343749999996 0.7611109375 0.42473906250000004 0.7703703125 0.43984375 0.7763890625000001
4 0.6856765625000001 0.9888890625 0.6958328125000001 0.99398125 0.7106765625 0.9870374999999999 0.7088546874999999 0.9736109374999999 0.7046875 0.95694375 0.7002609375 0.9476859375 0.68515625 0.9546296875 0.6807296875 0.9694437499999999 0.6799484375 0.9800921875
4 0.6674484374999999 0.896296875 0.6716140625 0.8861109375 0.67109375 0.8773140625 0.6625 0.8509265625 0.6528640625000001 0.8407406249999999 0.6455734375 0.8425921875 0.6416671875 0.8523140625 0.6416671875 0.8703703125000001 0.6505203125000001 0.8921296875
4 0.61171875 0.80601875 0.6184890625 0.8041671875 0.62578125 0.8013890625 0.63046875 0.796296875 0.6299484375 0.790740625 0.628125 0.7856484375 0.62578125 0.7828703124999999 0.61328125 0.7828703124999999 0.60859375 0.7893515625 0.6080734375 0.8018515624999999
4 0.6015625 0.7648140625 0.6046875 0.7671296875 0.6106765625 0.7657406250000001 0.6130203125 0.7643515625 0.6182296875 0.7648140625 0.6205734374999999 0.7666671875 0.6260421875 0.7675921875 0.6286453125 0.7675921875 0.6291671875 0.7638890625 0.6286453125 0.75694375 0.6260421875 0.7490734375 0.6255203125000001 0.74398125 0.6223953125 0.7379625 0.6205734374999999 0.7351859375 0.6192703125000001 0.7333328125 0.6158859375 0.7314812500000001 0.6106765625 0.7314812500000001 0.6083328125 0.7324078125 0.6057296875 0.7300921875 0.6015625 0.728240625 0.6 0.73194375 0.5911453125 0.7421296875000001 0.5911453125 0.7509265625 0.5963546875 0.7523140625 0.6005203125 0.759721875
4 0.5815109374999999 0.6995375 0.584375 0.7060187499999999 0.58515625 0.7111109375 0.5875 0.7115734375 0.5856765625 0.7254625 0.5859375 0.728240625 0.5885421875 0.73055625 0.5911453125 0.7333328125 0.5934890625 0.7328703125 0.5966140625 0.721759375 0.5966140625 0.715278125 0.5966140625 0.709259375 0.5953125 0.7064812500000001 0.5932296874999999 0.6930562499999999 0.58671875 0.6879625 0.5859375 0.6851859375 0.5846359375 0.683796875 0.584375 0.6768515625 0.58125 0.666203125 0.5783859375 0.6643515625 0.5765625 0.6699078125 0.5765625 0.6708328125 0.5716140625 0.6824078124999999 0.5747390625000001 0.6884265625 0.5786453125000001 0.6879625 0.5794265625 0.69351875
4 0.5690109375 0.6490734375 0.5682296874999999 0.641203125 0.56796875 0.6398140625 0.5669265625000001 0.633796875 0.5640625 0.63148125 0.5630203125000001 0.63101875 0.5598953125 0.6291671875 0.5583328125 0.6291671875 0.5565109374999999 0.63101875 0.5567703125000001 0.633796875 0.55859375 0.6407406250000001 0.55859375 0.65 0.5645828125000001 0.6578703124999999 0.56796875 0.6550921875 0.56875 0.653240625
4 0.5486984374999999 0.5953703124999999 0.5473953125000001 0.5921296875000001 0.54609375 0.5865734375 0.5458328125 0.5851859375 0.5434890625000001 0.5824078125 0.54296875 0.58055625 0.5419265625 0.578703125 0.540625 0.5763890625 0.5385421874999999 0.5708328125000001 0.5364578125 0.56898125 0.5330734374999999 0.56898125 0.53125 0.571296875 0.5317703125000001 0.5745375 0.53359375 0.5824078125 0.53515625 0.5870375 0.5380203125 0.591203125 0.5408859374999999 0.6009265625 0.5473953125000001 0.6129625 0.5518234375 0.603703125 0.5497390625 0.5995375000000001