4 0.43203125 0.9984375 0.42942656250000005 0.99398125 0.42734375 0.984259375 0.4203125 0.9726859375 0.409375 0.9666671875 0.4046875 0.9666671875 0.3971359375 0.9717593750000001 0.3921875 0.978703125 0.39609375 0.99351875 0.3997390625 0.9984375
4 0.44609375 0.95 0.440625 0.9393515625 0.4328125 0.9425921875000001 0.4283859375 0.9550921875 0.4309890625 0.9680562500000001 0.43645781250000004 0.9708328125 0.44453125 0.9675921875 0.44557343749999995 0.9620374999999999
4 0.41640625 0.9203703125 0.41067656250000006 0.9291671875 0.41015625 0.941203125 0.41510468749999996 0.9486109375 0.42135468749999994 0.9356484375 0.4205734375 0.9300921875
4 0.45026093749999996 0.9120375 0.45286406250000005 0.90648125 0.45260468749999994 0.8976859375 0.44895781250000005 0.8888890625 0.446875 0.8824078125 0.44505156250000005 0.8722218749999999 0.44114531250000005 0.865278125 0.43697968749999994 0.865278125 0.43151093749999997 0.8675921875 0.42916718749999994 0.8763890625 0.4231765625 0.8773140625 0.4192703125 0.8777781250000001 0.41432343749999995 0.8717593750000001 0.409375 0.86898125 0.40390625 0.8717593750000001 0.3989578125 0.8754625 0.39375 0.8740734375000001 0.390625 0.8833328125 0.3911453125 0.890740625 0.3932296875 0.8990734375 0.3979171875 0.897221875 0.40260468749999995 0.8986109375 0.40625 0.9041671875 0.44348906250000003 0.9324078124999999 0.44713593749999997 0.9236109375
4 0.43723906250000005 0.8291671875000001 0.4328125 0.8240734375000001 0.43020781250000006 0.8263890625 0.42734375 0.8324078125 0.42682343749999996 0.8388890625000001 0.42734375 0.8453703125 0.43072968749999996 0.8467593750000001 0.43359375 0.84398125 0.4401046875 0.8407406249999999 0.43828125 0.8361109375
4 0.45416718749999996 0.7981484375 0.45234375 0.7916671875 0.4505203125 0.7861109374999999 0.44427031250000004 0.7851859375 0.4401046875 0.7884265625 0.43802031250000006 0.790740625 0.43515625 0.7949078125 0.43515625 0.8018515624999999 0.43645781250000004 0.808796875 0.44140625 0.8115734375000001 0.44348906250000003 0.8129625 0.45208281250000004 0.8101859375 0.45416718749999996 0.803703125
4 0.4390625 0.7555562499999999 0.43411406250000006 0.7555562499999999 0.43177031250000003 0.7625 0.43463593749999996 0.76805625 0.4375 0.7675921875 0.4440109375 0.7671296875 0.4440109375 0.7634265625000001
4 0.4609375 0.7541671875 0.46536406250000006 0.7509265625 0.4671875 0.7453703125 0.4671875 0.7384265625 0.46536406250000006 0.7324078125 0.46067656250000005 0.7291671875 0.4583328125 0.7245375000000001 0.45364531250000006 0.7231484375 0.44973906250000006 0.71944375 0.4484375 0.7125 0.44427031250000004 0.7101859375 0.44036406250000004 0.7166671874999999 0.4388015625 0.721759375 0.4421875 0.728240625 0.44322968749999997 0.7333328125 0.440625 0.7388890625 0.43932343749999997 0.7509265625 0.44192656250000006 0.7527781250000001 0.44583281250000006 0.753703125 0.45260468749999994 0.75 0.45625 0.7527781250000001
4 0.46640625 0.7259265625 0.46875 0.7226859375 0.46953125 0.7171296875000001 0.4713546875 0.709259375 0.47161406250000004 0.7032406250000001 0.471875 0.697221875 0.4734375 0.690740625 0.47265625 0.683796875 0.46979218749999996 0.6819437500000001 0.46640625 0.6745375 0.46458281250000005 0.6754625 0.46171875 0.6796296875000001 0.45885468749999997 0.6828703125 0.4544265625 0.6828703125 0.45286406250000005 0.6870375 0.4544265625 0.6916671875 0.45130156250000003 0.69444375 0.44973906250000006 0.7009265625000001 0.44973906250000006 0.7078703125 0.45130156250000003 0.7129624999999999 0.4544265625 0.715278125 0.45703125 0.7166671874999999 0.4622390625 0.7240734375 0.4640625 0.725
4 0.471875 0.6768515625 0.47447968749999997 0.675 0.47604218749999994 0.66944375 0.47578125 0.6643515625 0.475 0.659721875 0.47734375 0.65694375 0.4778640625 0.6518515625 0.47708281250000006 0.6476859375 0.47994843749999994 0.6435187499999999 0.48151093749999996 0.6421296875 0.48151093749999996 0.6365734375 0.4791671875 0.63194375 0.4765625 0.6254625 0.47604218749999994 0.6254625 0.4734375 0.6259265625 0.47161406250000004 0.6277781250000001 0.47057343749999997 0.6324078125 0.46875 0.6356484375 0.46588593749999996 0.6388890625 0.46510468749999995 0.6421296875 0.46536406250000006 0.647221875 0.46640625 0.6504624999999999 0.46588593749999996 0.6550921875 0.46328125 0.6583328125000001 0.46067656250000005 0.6615734375 0.46067656250000005 0.6666671875 0.4609375 0.6717593749999999 0.46432343749999994 0.6703703125 0.46588593749999996 0.6699078125 0.47057343749999997 0.6726859375 0.47057343749999997 0.6731484375
4 0.5489578125000001 0.8625 0.5419265625 0.8680562500000001 0.5427078125 0.88055625 0.5481765625 0.8828703125 0.55703125 0.8703703125000001 0.5567703125000001 0.8643515624999999
4 0.5596359375 0.6370375 0.5596359375 0.65 0.5661453125 0.653703125 0.56953125 0.640278125 0.5677078125 0.6388890625
4 0.5955734374999999 0.708796875 0.59140625 0.721759375 0.5895828125 0.7342593749999999 0.5955734374999999 0.7398140625 0.6018234375 0.7259265625 0.60078125 0.715740625