4 0.3002609375 0.9984375 0.3015625 0.9856484375000001 0.3015625 0.9666671875 0.2916671875 0.9550921875 0.2770828125 0.947221875 0.2684890625 0.947221875 0.2604171875 0.9490734375000001 0.2559890625 0.9657406249999999 0.25703125 0.9828703125 0.2559890625 0.9984375
4 0.3171875 0.9407406249999999 0.3114578125 0.9361109375 0.3044265625 0.94305625 0.3052078125 0.9555562500000001 0.3114578125 0.9615734375 0.3161453125 0.9694437499999999 0.3270828125 0.9680562500000001 0.32109375 0.953240625
4 0.3877609375 0.772221875 0.37890625 0.7861109374999999 0.3799484375 0.8013890625 0.384375 0.8106484375 0.3924484375 0.796296875 0.3919265625 0.7833328125000001
4 0.40833281250000003 0.721759375 0.403125 0.7259265625 0.3984375 0.7333328125 0.396875 0.7425921875 0.40234375 0.7481484375 0.40625 0.7481484375 0.41432343749999995 0.7351859375 0.4125 0.725
4 0.41875 0.697221875 0.41484375 0.6986109375 0.41171875 0.7046296875 0.41328125 0.7125 0.41640625 0.7166671874999999 0.42604218749999995 0.7078703125 0.425 0.6995375
4 0.44479218749999994 0.653240625 0.44114531250000005 0.6481484375 0.43828125 0.653240625 0.43463593749999996 0.6606484375 0.42942656250000005 0.6601859375 0.42395781250000003 0.6611109374999999 0.42213593749999995 0.6731484375 0.4244796875 0.6796296875000001 0.42942656250000005 0.6796296875000001 0.43645781250000004 0.666203125 0.44114531250000005 0.665278125
4 0.4856765625 0.5509265625 0.484375 0.5458328125 0.4817703125 0.5439812500000001 0.47864531250000003 0.5458328125 0.478125 0.55 0.47552031250000004 0.5550921875 0.47421875 0.5606484375 0.47578125 0.5648140625 0.478125 0.5648140625 0.4830734375 0.5629625 0.4856765625 0.5550921875
4 0.5677078125 0.8518515624999999 0.56171875 0.858796875 0.56171875 0.8731484375 0.56640625 0.883796875 0.5739578125 0.8824078125 0.5721359374999999 0.8675921875
4 0.6908859374999999 0.9984375 0.6916671875 0.9824078125 0.6911453125 0.9740734375000001 0.6875 0.9625 0.6893234374999999 0.947221875 0.68515625 0.9324078124999999 0.6817703125000001 0.9231484375000001 0.6739578125000001 0.9231484375000001 0.6669265625 0.9282406249999999 0.66484375 0.94351875 0.6703125 0.953703125 0.6765625 0.959721875 0.6760421875 0.9763890625 0.6776046874999999 0.9888890625 0.6815109374999999 0.9984375
4 0.6375 0.7726859375 0.634375 0.7773140625 0.6333328125000001 0.7925921875 0.6369796875 0.8078703125000001 0.6450515625000001 0.8078703125000001 0.64921875 0.7958328125 0.6541671874999999 0.778703125 0.65234375 0.766203125
4 0.6223953125 0.6976859375 0.6192703125000001 0.6925921875000001 0.6138015625000001 0.6875 0.6106765625 0.69398125 0.6109375 0.7013890625 0.6135421875 0.709259375 0.6171875 0.7083328125 0.628125 0.7111109375 0.62734375 0.702778125
4 0.8403640625 0.9984375 0.7190109375 0.8129625 0.6307296874999999 0.6763890625 0.6296875 0.683796875 0.63046875 0.6930562499999999 0.6328125 0.7023140625 0.6341140625 0.7138890625000001 0.6416671875 0.725 0.646875 0.728703125 0.6513015625 0.7365734374999999 0.6513015625 0.746296875 0.6463546874999999 0.746296875 0.6390625 0.746296875 0.6416671875 0.7550921875000001 0.6453125 0.7643515625 0.6536453125 0.76805625 0.6583328125000001 0.7708328125 0.6651046875 0.7763890625000001 0.6700515625000001 0.78148125 0.6755203125 0.7856484375 0.6783859375 0.7921296875 0.68359375 0.8013890625 0.68515625 0.8111109375 0.6903640625 0.8217593750000001 0.69609375 0.8245374999999999 0.6986984374999999 0.8333328124999999 0.6986984374999999 0.8384265624999999 0.6966140625 0.8523140625 0.7 0.8583328124999999 0.70546875 0.8615734375 0.7119796875 0.8611109375 0.72421875 0.8569437499999999 0.72734375 0.8583328124999999 0.73203125 0.86944375 0.7348953125000001 0.8865734375000001 0.740625 0.9023140625 0.74296875 0.915278125 0.7484375 0.927778125 0.7552078125 0.9333328125 0.7622390625000001 0.9333328125 0.7716140625000001 0.9328703125000001 0.78203125 0.933796875 0.78203125 0.9476859375 0.78359375 0.9620374999999999 0.78828125 0.9800921875 0.7950515625000001 0.9851859375 0.809375 0.9800921875 0.8213546875000001 0.9984375
4 0.5643234374999999 0.591203125 0.5682296874999999 0.59351875 0.5708328125000001 0.5949078125 0.5739578125 0.6 0.5760421874999999 0.6050921875 0.57890625 0.6083328125 0.5786453125000001 0.6125 0.5791671875 0.6199078124999999 0.58125 0.6231484375 0.58359375 0.6245375 0.5864578125000001 0.6273140625 0.5903640625000001 0.6300921875000001 0.5924484375 0.633796875 0.5940109375 0.6375 0.5958328125000001 0.6425921875 0.59765625 0.6476859375 0.59921875 0.65 0.6015625 0.6578703124999999 0.6041671875 0.6601859375 0.6072921874999999 0.6620375000000001 0.609375 0.666203125 0.6104171875 0.671296875 0.61328125 0.6754625 0.6153640625000001 0.6768515625 0.6200515625 0.6773140625 0.6213546875 0.6773140625 0.6270828125000001 0.6759265625 0.6291671875 0.6731484375 0.5700515625 0.5810187499999999 0.56796875 0.5791671875 0.5658859374999999 0.5814812500000001 0.56328125 0.584259375 0.5630203125000001 0.5870375