4 0.3403640625 0.9984375 0.3408859375 0.9875 0.3479171875 0.9680562500000001 0.3546875 0.9648140625 0.3434890625 0.9402781250000001 0.3419265625 0.91805625 0.3236984375 0.9240734375 0.3127609375 0.9268515624999999 0.2979171875 0.915278125 0.2924484375 0.9328703125000001 0.2989578125 0.9504625000000001 0.29453125 0.9648140625 0.2984375 0.984259375 0.2934890625 0.9984375
4 0.3528640625 0.9351859375 0.359375 0.9379625 0.3640625 0.93148125 0.3684890625 0.9263890625 0.3692703125 0.9208328124999999 0.37421875 0.916203125 0.37421875 0.909721875 0.37890625 0.9 0.359375 0.896296875 0.35078125 0.9092593750000001 0.3486984375 0.9199078125 0.3497390625 0.9291671875
4 0.45520781250000003 0.8722218749999999 0.44895781250000005 0.8638890625 0.44765625 0.859259375 0.43854218749999996 0.86851875 0.44348906250000003 0.88055625 0.45234375 0.88148125
4 0.4734375 0.847221875 0.48098906250000006 0.846296875 0.48671875 0.8467593750000001 0.4908859375 0.8444437499999999 0.49427031250000003 0.8416671875 0.4934890625 0.8314812500000001 0.49375 0.81851875 0.49244843749999995 0.802778125 0.49140625 0.7981484375 0.4817703125 0.7990734374999999 0.47317656250000006 0.8101859375 0.47317656250000006 0.8259265625 0.47213593749999994 0.8444437499999999
4 0.3622390625 0.878703125 0.3661453125 0.878703125 0.3705734375 0.8768515625 0.3786453125 0.8513890625 0.3895828125 0.84398125 0.3994796875 0.8379625 0.40442656250000003 0.833796875 0.40442656250000003 0.8203703125 0.3994796875 0.8152781250000001 0.3989578125 0.7995375 0.40130156250000004 0.7898140625 0.40130156250000004 0.78194375 0.3966140625 0.7731484375 0.38125 0.7675921875 0.3653640625 0.772221875 0.35546875 0.784721875 0.3552078125 0.7939812500000001 0.3513015625 0.8324078125 0.34921875 0.8504625000000001 0.3518234375 0.859259375 0.3536453125 0.8717593750000001
4 0.4153640625 0.7615734375 0.42109375 0.7356484375 0.4283859375 0.716203125 0.42942656250000005 0.70694375 0.43567656250000003 0.6888890625 0.43671875 0.6703703125 0.43828125 0.6541671874999999 0.43776093749999995 0.6435187499999999 0.4361984375 0.64305625 0.4309890625 0.6425921875 0.42161406250000005 0.6518515625 0.4088546875 0.6856484375 0.3942703125 0.728240625 0.3966140625 0.7523140625 0.4078125 0.7638890625
4 0.44427031250000004 0.665740625 0.4484375 0.6717593749999999 0.4546875 0.6671296875 0.45260468749999994 0.6435187499999999 0.45546875 0.6324078125 0.45859375 0.61805625 0.4671875 0.603240625 0.46302031250000003 0.59351875 0.45703125 0.6074078125 0.44869843749999994 0.6199078124999999 0.44453125 0.6370375 0.4453125 0.6541671874999999
4 0.49375 0.577778125 0.49921875 0.58055625 0.5049484375 0.5768515625 0.50625 0.571296875 0.5049484375 0.5638890625 0.5083328125000001 0.55601875 0.50625 0.5513890625 0.5065109375 0.5467593749999999 0.5083328125000001 0.5425921875 0.5125 0.5365734375 0.51484375 0.5268515625 0.5161453125000001 0.5259265625 0.5174484374999999 0.5226859375 0.5122390625000001 0.5199078125 0.5106765625 0.51805625 0.50625 0.5171296875 0.5049484375 0.5208328125 0.5057296874999999 0.5259265625 0.50546875 0.533796875 0.5041671875 0.5398140625 0.49817656250000003 0.54305625 0.4947921875 0.54305625 0.48619843749999997 0.541203125 0.4869796875 0.546296875 0.48880156250000006 0.5550921875 0.4895828125 0.5629625 0.49140625 0.5680562499999999
4 0.54375 0.51805625 0.5434890625000001 0.521296875 0.5419265625 0.5226859375 0.5390625 0.5245375 0.5411453125000001 0.53101875 0.5440109375 0.5361109374999999 0.5393234375 0.5425921875 0.5388015625 0.5495375 0.5432296875 0.552778125 0.5473953125000001 0.552778125 0.5541671874999999 0.553240625 0.5580734374999999 0.553703125 0.5596359375 0.5513890625 0.5559890625 0.5435187499999999 0.5526046874999999 0.5361109374999999 0.5502609374999999 0.5259265625 0.5494796875 0.521296875 0.55 0.5157406250000001 0.5497390625 0.515278125 0.5486984374999999 0.5138890625 0.5481765625 0.5120375 0.5450515625000001 0.5129625
4 0.553125 0.5569437500000001 0.54921875 0.5606484375 0.5481765625 0.5648140625 0.5526046874999999 0.5740734375 0.5578125 0.5833328125 0.5630203125000001 0.584721875 0.5661453125 0.5893515625 0.56796875 0.5990734375 0.5703125 0.6018515625 0.5723953125000001 0.6092593749999999 0.57578125 0.6125 0.5763015625000001 0.6134265625 0.5822921875 0.6226859375 0.58046875 0.6305562499999999 0.5786453125000001 0.6365734375 0.5768234375 0.6384265625000001 0.5791671875 0.647221875 0.5807296875 0.6523140625 0.5864578125000001 0.653240625 0.5901046875 0.65694375 0.59921875 0.6731484375 0.6018234375 0.6796296875000001 0.6049484374999999 0.68055625 0.60859375 0.6875 0.6096359375 0.690740625 0.6130203125 0.69398125 0.61953125 0.697221875 0.6263015625 0.6990734375 0.6278640625 0.691203125 0.6166671874999999 0.6708328125 0.6036453125000001 0.646296875 0.596875 0.633796875 0.58359375 0.6050921875 0.5690109375 0.5740734375 0.5627609375 0.5597218749999999 0.5625 0.5597218749999999 0.56171875 0.5615734375 0.559375 0.5606484375 0.5565109374999999 0.5578703125
4 0.5924484375 0.6925921875000001 0.5986984375 0.6925921875000001 0.5989578125 0.6865734375 0.5973953125 0.6791671874999999 0.5940109375 0.6731484375 0.5864578125000001 0.6731484375 0.5828125 0.6759265625 0.5825515625000001 0.6865734375 0.5859375 0.6930562499999999
4 0.6205734374999999 0.7328703125 0.6205734374999999 0.7273140625 0.6184890625 0.7175921875 0.6174484375 0.7138890625000001 0.6080734375 0.71898125 0.60703125 0.7328703125 0.6091140625 0.7398140625
4 0.6263015625 0.7208328125000001 0.62734375 0.722221875 0.6296875 0.7254625 0.6361984374999999 0.722221875 0.6369796875 0.71805625 0.6356765625 0.7115734375 0.6356765625 0.7101859375 0.6338546875 0.7064812500000001 0.6299484375 0.7023140625 0.6294265625000001 0.7060187499999999 0.6184890625 0.7 0.6177078125000001 0.7060187499999999 0.6200515625 0.7125
4 0.6377609375 0.7444437500000001 0.63828125 0.75648125 0.6403640625 0.759721875 0.6440109374999999 0.7703703125 0.6447921875 0.7736109375 0.6502609374999999 0.778703125 0.6518234374999999 0.784259375 0.6544265625000001 0.79444375 0.65703125 0.7995375 0.65703125 0.8166671875 0.6578125 0.8236109375 0.6635421874999999 0.8490734375000001 0.6661453125000001 0.8509265625 0.6734375 0.8504625000000001 0.6864578125 0.8467593750000001 0.6932296874999999 0.8467593750000001 0.703125 0.8467593750000001 0.7091140625000001 0.8416671875 0.7098953125 0.8268515624999999 0.7098953125 0.8236109375 0.6888015625 0.790278125 0.6658859374999999 0.753703125 0.64453125 0.71944375 0.6393234375 0.7236109374999999 0.6309890625000001 0.727778125 0.63125 0.733796875 0.6356765625 0.7375
4 0.7669265625 0.958796875 0.7674484374999999 0.9458328125 0.7625 0.9356484375 0.7604171875 0.9263890625 0.7502609375 0.9254625000000001 0.74609375 0.9407406249999999 0.7479171874999999 0.9513890625 0.76171875 0.966203125
4 0.7026046874999999 0.947221875 0.7049484374999999 0.94351875 0.7049484374999999 0.9407406249999999 0.6981765625 0.9240734375 0.6848953125 0.9245374999999999 0.6838546875 0.9342593750000001 0.6903640625 0.9495374999999999
4 0.6567703125000001 0.8509265625 0.6567703125000001 0.8444437499999999 0.6567703125000001 0.84351875 0.6502609374999999 0.8379625 0.6466140625000001 0.8425921875 0.6463546874999999 0.8495375 0.6520828125 0.858796875
4 0.65078125 0.81851875 0.6536453125 0.8134265624999999 0.6552078125 0.8050921875 0.6458328125 0.79444375 0.6395828125 0.8032406249999999 0.6395828125 0.816203125 0.6432296875 0.81898125
4 0.6283859374999999 0.7745375 0.6333328125000001 0.7685187499999999 0.6291671875 0.759721875 0.6223953125 0.759259375 0.6166671874999999 0.7615734375 0.6161453125 0.7736109375 0.6229171874999999 0.778240625
4 0.7765625 0.99444375 0.7856765625000001 0.9967593750000001 0.8046875 0.9958328125 0.8052078125 0.9958328125 0.8052078125 0.9819437499999999 0.7966140625 0.9703703125 0.7864578125 0.9638890625000001 0.7731765625 0.9731484375000001 0.7713546874999999 0.9865734375 0.7713546874999999 0.99351875
4 0.725 0.908796875 0.73671875 0.9166671875000001 0.7546875 0.9203703125 0.7611984374999999 0.9166671875000001 0.7497390625 0.8898140625 0.7213546875 0.846296875 0.7190109375 0.84351875 0.7127609374999999 0.8425921875 0.7018234375 0.858796875 0.70078125 0.8759265624999999 0.7096359375 0.896296875
4 0.5739578125 0.665278125 0.5760421874999999 0.65601875 0.5729171875 0.647221875 0.5674484375 0.6425921875 0.56484375 0.6490734375 0.5638015625 0.6574078125 0.5645828125000001 0.6648140625
4 0.5528640625000001 0.5796296875 0.5505203125 0.571296875 0.5453125 0.5680562499999999 0.5427078125 0.5736109375 0.54609375 0.5791671875 0.5515625 0.5828703125
4 0.5440109375 0.5513890625 0.5419265625 0.5509265625 0.5390625 0.5620375 0.54375 0.5601859375 0.54609375 0.55555625