4 0.27265625 0.9972215909090909 0.2833333333333333 0.9953712121212122 0.29192708333333334 0.9958333333333332 0.2953125 0.9944450757575758 0.3104166666666667 0.9680549242424242 0.31328125 0.9587954545454546 0.44114583333333335 0.657407196969697 0.4479166666666667 0.6541666666666667 0.45416666666666666 0.6421287878787878 0.45598958333333334 0.6324071969696969 0.47109375 0.5851856060606061 0.47734375 0.577314393939394 0.4817708333333333 0.5620378787878787 0.4859375 0.5592594696969697 0.48984375 0.5509261363636364 0.4942708333333333 0.5458333333333333 0.4981770833333333 0.5328712121212121 0.4940104166666667 0.5305549242424242 0.4861979166666667 0.5356477272727272 0.48359375 0.5453712121212122 0.4783854166666667 0.5490738636363637 0.47239583333333335 0.5583333333333333 0.4635416666666667 0.567592803030303 0.45677083333333335 0.5888882575757576 0.4484375 0.6004621212121212 0.44427083333333334 0.609721590909091 0.4393229166666667 0.6134261363636364 0.4354166666666667 0.6231477272727273 0.428125 0.6324071969696969 0.42213541666666665 0.6462954545454546 0.41875 0.65 0.41015625 0.6717594696969698 0.4049479166666667 0.6782405303030303 0.4 0.6763882575757575 0.39609375 0.6791666666666667 0.39401041666666664 0.6847215909090909 0.39166666666666666 0.6861117424242424 0.3885416666666667 0.682871212121212 0.38177083333333334 0.6847215909090909 0.37864583333333335 0.6875 0.37604166666666666 0.6930549242424242 0.3690104166666667 0.722221590909091 0.36380208333333336 0.7263882575757576 0.36041666666666666 0.7342594696969698 0.3572916666666667 0.7504621212121213 0.3572916666666667 0.7666666666666667 0.35442708333333334 0.7782405303030303 0.34921875 0.7875 0.3455729166666667 0.7902784090909091 0.3411458333333333 0.8041666666666667 0.33567708333333335 0.8106477272727273 0.32864583333333336 0.8157405303030303 0.3260416666666667 0.8208333333333333 0.32395833333333335 0.8351856060606061 0.32447916666666665 0.8439810606060606 0.3229166666666667 0.8504621212121212 0.31927083333333334 0.8569450757575757 0.3143229166666667 0.8615738636363637 0.3109375 0.8694450757575758 0.3106770833333333 0.8726856060606061 0.30546875 0.880092803030303 0.29609375 0.905092803030303 0.2830729166666667 0.9185189393939394 0.2833333333333333 0.9259261363636364 0.2791666666666667 0.9268522727272727 0.27447916666666666 0.9319450757575758 0.26953125 0.9416666666666667 0.2671875 0.9430549242424242 0.265625 0.9486117424242425 0.26614583333333336 0.9537045454545454 0.26536458333333335 0.9564810606060606 0.2604166666666667 0.965278409090909 0.25338541666666664 0.969907196969697 0.24921875 0.9763882575757576 0.24244791666666668 0.9810189393939392 0.2390625 0.9861117424242425 0.23802083333333332 0.9939810606060606 0.24010416666666667 0.9995378787878787 0.2703125 0.9995378787878787 0.27265625 0.9972215909090909
4 0.4049479166666667 0.7666666666666667 0.4 0.7643522727272727 0.3971354166666667 0.767592803030303 0.3958333333333333 0.7768522727272728 0.3963541666666667 0.7865738636363636 0.4046875 0.7814810606060606 0.4075520833333333 0.7712954545454546 0.4049479166666667 0.7666666666666667
4 0.45546875 0.859721590909091 0.45807291666666666 0.8564810606060606 0.45859375 0.844907196969697 0.45234375 0.8407405303030303 0.4510416666666667 0.8379621212121212 0.44453125 0.8430549242424242 0.4434895833333333 0.8495378787878788 0.4471354166666667 0.8569450757575757 0.4518229166666667 0.859721590909091 0.45546875 0.859721590909091
4 0.46694791666666663 0.7085018939393939 0.46582604166666663 0.7124886363636364 0.4688166666666667 0.7201325757575758 0.47517291666666667 0.7207973484848486 0.477603125 0.7144829545454545 0.47535937500000003 0.7071723484848484 0.46694791666666663 0.7085018939393939
4 0.48694895833333335 0.6081420454545454 0.485640625 0.6114640151515152 0.48732291666666666 0.6147878787878788 0.4921833333333333 0.6161174242424242 0.4933052083333333 0.6114640151515152 0.4906875 0.6061477272727273 0.48694895833333335 0.6081420454545454
4 0.684375 0.8101856060606061 0.6932291666666667 0.8254621212121211 0.7010416666666667 0.8523143939393939 0.7052083333333333 0.8564810606060606 0.7125 0.860185606060606 0.7205729166666667 0.8708333333333333 0.7283854166666667 0.864814393939394 0.7283854166666667 0.8532405303030304 0.7234375 0.8421287878787879 0.7205729166666667 0.827778409090909 0.70703125 0.8208333333333333 0.7052083333333333 0.8148143939393939 0.7057291666666666 0.8101856060606061 0.7041666666666667 0.8060189393939393 0.7028645833333333 0.7884261363636363 0.6997395833333333 0.7791666666666667 0.6893229166666667 0.7685189393939394 0.6854166666666667 0.767592803030303 0.6783854166666666 0.7712954545454546 0.6802083333333333 0.7837954545454545 0.6776041666666667 0.7999999999999999 0.6802083333333333 0.8060189393939393 0.684375 0.8101856060606061
4 0.7361979166666667 0.8805549242424242 0.7375 0.8842594696969697 0.7388020833333333 0.9060189393939394 0.7377604166666667 0.9166666666666666 0.7395833333333334 0.9249999999999999 0.7440104166666667 0.9314810606060606 0.7473958333333334 0.9337954545454545 0.755815625 0.9319450757575758 0.7596354166666667 0.9351856060606061 0.7640625 0.9337954545454545 0.7674479166666667 0.9356477272727273 0.7677083333333333 0.9249999999999999 0.7627604166666667 0.9004621212121212 0.7567708333333333 0.892592803030303 0.7528645833333333 0.8768522727272727 0.7440104166666667 0.8666666666666667 0.7361979166666667 0.8671287878787879 0.734375 0.8689810606060606 0.7346354166666667 0.8726856060606061 0.7369791666666666 0.8773143939393939 0.7361979166666667 0.8805549242424242
4 0.7869791666666667 0.9777784090909092 0.7877604166666666 0.9814810606060606 0.7872395833333333 0.9861117424242425 0.7895833333333333 0.9939810606060606 0.7932291666666667 0.9995378787878787 0.8161458333333333 0.9995378787878787 0.8166666666666667 0.9898143939393939 0.81875 0.9861117424242425 0.8111979166666666 0.9777784090909092 0.809375 0.9708333333333333 0.8046875 0.9671287878787879 0.803125 0.9393522727272727 0.7997395833333333 0.9347215909090909 0.7963541666666667 0.9351856060606061 0.7958333333333333 0.9648143939393939 0.79375 0.9694450757575758 0.790625 0.9712954545454546 0.7869791666666667 0.9777784090909092
4 0.6401041666666667 0.7745378787878788 0.6408854166666667 0.7712954545454546 0.6390625 0.7634261363636363 0.6307291666666667 0.7615738636363636 0.6294270833333333 0.7634261363636363 0.6307291666666667 0.7763882575757576 0.6348958333333333 0.780092803030303 0.6401041666666667 0.7745378787878788
4 0.6260416666666667 0.705092803030303 0.63046875 0.7069450757575757 0.6338541666666667 0.7060189393939394 0.6346354166666667 0.692128787878788 0.6294270833333333 0.6837954545454545 0.6268229166666667 0.6740738636363637 0.6244791666666667 0.6712954545454546 0.6166666666666667 0.667592803030303 0.6135416666666667 0.6606477272727272 0.6072916666666667 0.6564810606060606 0.6072916666666667 0.6666666666666666 0.6104166666666667 0.6782405303030303 0.6205729166666667 0.6916666666666667 0.6260416666666667 0.705092803030303
4 0.58359375 0.6273143939393939 0.5875 0.6310189393939394 0.59453125 0.6273143939393939 0.59453125 0.6231477272727273 0.5924479166666666 0.6189810606060606 0.5760416666666667 0.5907405303030303 0.5744791666666667 0.5912045454545455 0.5747395833333333 0.5962954545454545 0.5783854166666667 0.6013882575757576 0.58125 0.6217594696969697 0.58359375 0.6273143939393939