4 0.3268234375 0.816203125 0.3255203125 0.8240734375000001 0.3260421875 0.8388890625000001 0.328125 0.8486109374999999 0.3333328125 0.8578703125 0.3416671875 0.8611109375 0.3536453125 0.8620374999999999 0.3638015625 0.8569437499999999 0.3674484375 0.8430562500000001 0.3635421875 0.827778125 0.3630203125 0.8175921875000001 0.3630203125 0.8055562500000001 0.3630203125 0.7958328125 0.3591140625 0.7879625 0.3552078125 0.784259375 0.3552078125 0.7773140625 0.33359375 0.777778125 0.33125 0.7953703125 0.3278640625 0.8078703125000001
4 0.415625 0.746759375 0.42161406250000005 0.7388890625 0.42161406250000005 0.7351859375 0.42005156250000003 0.716203125 0.41848906250000006 0.7115734375 0.41328125 0.7013890625 0.40651093749999995 0.6925921875000001 0.39765625 0.691203125 0.3838546875 0.691203125 0.3809890625 0.6925921875000001 0.3778640625 0.6976859375 0.37734375 0.7050921875 0.3765625 0.7134265625 0.375 0.7226859375 0.3723953125 0.73055625 0.3721359375 0.734721875 0.3721359375 0.7375 0.3796875 0.7574078125 0.390625 0.7550921875000001 0.3963546875 0.753240625 0.4036453125 0.7513890625
4 0.4234375 0.6666671875 0.4309890625 0.6689812500000001 0.43958281250000003 0.65 0.44947968749999995 0.6416671875 0.4557296875 0.634721875 0.45859375 0.6291671875 0.46197968749999996 0.6222218749999999 0.4674484375 0.6138890625 0.4703125 0.60694375 0.47447968749999997 0.5986109374999999 0.478125 0.5921296875000001 0.48203125 0.5828703125 0.48411406250000005 0.5763890625 0.48671875 0.5625 0.48802031250000005 0.5449078125 0.48880156250000006 0.5384265625 0.48203125 0.5490734374999999 0.47890625 0.5541671874999999 0.47552031250000004 0.558796875 0.4703125 0.5652781250000001 0.46536406250000006 0.5726859375 0.46458281250000005 0.5768515625 0.45885468749999997 0.5851859375 0.45234375 0.5953703124999999 0.44947968749999995 0.5990734375 0.446875 0.5995375000000001 0.44140625 0.597221875 0.43984375 0.5995375000000001 0.4388015625 0.602778125 0.43333281250000005 0.621759375 0.43177031250000003 0.6268515625 0.4296875 0.6356484375 0.42760468749999997 0.6439812500000001
4 0.6052078125 0.734721875 0.60859375 0.740740625 0.6091140625 0.74305625 0.6114578125000001 0.7481484375 0.6130203125 0.7504625 0.6145828125 0.753240625 0.61640625 0.7546296875 0.6192703125000001 0.75694375 0.6216140625000001 0.75694375 0.6229171874999999 0.75694375 0.6252609375 0.7550921875000001 0.6255203125000001 0.7509265625 0.6255203125000001 0.7476859375 0.625 0.7425921875 0.62421875 0.7388890625 0.6236984375 0.7351859375 0.6229171874999999 0.7324078125 0.6203125 0.7296296875 0.61875 0.7296296875 0.6161453125 0.7273140625 0.6158859375 0.725 0.6151046874999999 0.7208328125000001 0.6138015625000001 0.71805625 0.6122390625 0.715740625 0.6104171875 0.7143515625 0.61015625 0.7106484375 0.60859375 0.7074078125 0.60703125 0.7050921875 0.6059890625000001 0.703703125 0.6033859374999999 0.7013890625 0.6013015625 0.7 0.59921875 0.7 0.5971359374999999 0.7009265625000001 0.5958328125000001 0.7032406250000001 0.5940109375 0.7032406250000001 0.5916671874999999 0.703703125 0.5903640625000001 0.7050921875 0.58984375 0.7064812500000001 0.58828125 0.7115734375 0.5869796875 0.7143515625 0.5861984375 0.7175921875 0.5859375 0.7208328125000001 0.58828125 0.725 0.590625 0.725 0.5921875 0.7268515625 0.59296875 0.7300921875 0.59375 0.734721875 0.5942703125000001 0.7384265625 0.59609375 0.7398140625 0.5979171875 0.7375 0.5994796874999999 0.7370375 0.6020828125000001 0.734721875 0.60390625 0.734721875
4 0.5908859375 0.665740625 0.5911453125 0.6638890625 0.5901046875 0.6546296875000001 0.5880203125000001 0.652778125 0.5864578125000001 0.6513890625000001 0.5833328125 0.6490734375 0.5833328125 0.646296875 0.58359375 0.64305625 0.5841140625000001 0.6388890625 0.5825515625000001 0.6351859375 0.58125 0.6328703124999999 0.5796875 0.6296296875 0.5768234375 0.6263890625 0.5744796875 0.6263890625 0.57265625 0.6254625 0.5705734375 0.6245375 0.5684890625000001 0.6240734375 0.5661453125 0.6240734375 0.56328125 0.6277781250000001 0.5627609375 0.63101875 0.5638015625 0.634259375 0.565625 0.6351859375 0.5684890625000001 0.6375 0.5692703125 0.6407406250000001 0.56953125 0.64444375 0.57109375 0.6453703125 0.5729171875 0.647221875 0.5739578125 0.6504624999999999 0.5744796875 0.653703125 0.57421875 0.6574078125 0.5731765625 0.6606484375 0.5716140625 0.665278125 0.5713546875 0.6689812500000001 0.571875 0.672221875 0.5739578125 0.6731484375 0.5763015625000001 0.6731484375 0.578125 0.6731484375 0.5802078125000001 0.6736109375 0.5828125 0.6745375 0.5846359375 0.6759265625 0.5864578125000001 0.6768515625 0.5888015625 0.6768515625 0.5888015625 0.6754625 0.5893234374999999 0.6745375 0.5901046875 0.6726859375 0.590625 0.6689812500000001
4 0.5578125 0.5740734375 0.5572921875 0.5782406250000001 0.5572921875 0.58055625 0.55703125 0.5828703125 0.5567703125000001 0.584721875 0.5557296875 0.5875 0.55546875 0.5898140625 0.5549484375 0.59444375 0.5549484375 0.5958328125000001 0.5549484375 0.5981484375 0.55546875 0.6023140625 0.5557296875 0.602778125 0.55703125 0.603703125 0.5588546875 0.6046296875 0.56015625 0.6046296875 0.5614578125 0.6041671875 0.5640625 0.602778125 0.5645828125000001 0.6023140625 0.5666671875 0.6023140625 0.56796875 0.602778125 0.56953125 0.6050921875 0.5705734375 0.6064812500000001 0.5721359374999999 0.608796875 0.5734375 0.6083328125 0.5588546875 0.5675921875000001 0.5583328125 0.571759375
4 0.7361984374999999 0.9984375 0.7372390625 0.9967593750000001 0.7372390625 0.9893515624999999 0.73671875 0.9819437499999999 0.73828125 0.978703125 0.7091140625000001 0.90601875 0.69609375 0.8740734375000001 0.684375 0.8453703125 0.6455734375 0.7634265625000001 0.6432296875 0.7657406250000001 0.6372390625000001 0.7703703125 0.63515625 0.7763890625000001 0.63046875 0.777778125 0.6263015625 0.7740734375 0.6223953125 0.772221875 0.6177078125000001 0.7740734375 0.6169265625 0.78194375 0.6190109374999999 0.7884265625 0.6213546875 0.79444375 0.62578125 0.7976859375 0.63125 0.7976859375 0.6346359374999999 0.8013890625 0.6380203125 0.8083328125 0.6411453125000001 0.8129625 0.6447921875 0.8171296874999999 0.6479171874999999 0.821296875 0.6505203125000001 0.828240625 0.6526046875 0.8333328124999999 0.65390625 0.8421296875 0.65390625 0.85 0.65390625 0.8583328124999999 0.6546875 0.866203125 0.6565109375 0.871296875 0.6604171875 0.8759265624999999 0.6640625 0.88055625 0.6671875 0.8856484375000001 0.6703125 0.890740625 0.6739578125000001 0.8986109375 0.6747390625 0.9069437499999999 0.6770828125 0.9134265625 0.6815109374999999 0.916203125 0.68515625 0.921296875 0.6864578125 0.9282406249999999 0.6885421875 0.9333328125 0.69296875 0.9393515625 0.6893234374999999 0.94305625 0.6854171874999999 0.9467593750000001 0.68359375 0.953703125 0.6817703125000001 0.9648140625 0.68203125 0.9736109374999999 0.6846359375 0.9796296874999999 0.6875 0.9828703125 0.69296875 0.990278125 0.6963546875 0.9921296875 0.7010421874999999 0.9930562500000001 0.7052078125000001 0.99398125 0.7104171874999999 0.99444375 0.715625 0.99444375 0.7182296874999999 0.9967593750000001 0.7229171875 0.9984375 0.7276046875 0.9984375 0.7315109375 0.9984375
4 0.5458328125 0.5398140625 0.54375 0.540278125 0.5411453125000001 0.5416671875 0.5395828125000001 0.54444375 0.5388015625 0.547221875 0.5380203125 0.55555625 0.5388015625 0.558796875 0.5408859374999999 0.5606484375 0.54375 0.5606484375 0.5453125 0.5634265625 0.5463546874999999 0.5671296875 0.5481765625 0.572221875 0.5497390625 0.575 0.55234375 0.5754625 0.5546875 0.5736109375 0.5552078125000001 0.571296875 0.5546875 0.5629625 0.55234375 0.5601859375 0.5505203125 0.5583328125 0.5497390625 0.55601875 0.55 0.5550921875 0.553125 0.55601875 0.5544265625 0.552778125 0.5526046874999999 0.5486109375 0.5513015625000001 0.5476859375 0.5497390625 0.5435187499999999 0.5481765625 0.540278125
4 0.5033859374999999 0.5263890625000001 0.5041671875 0.528240625 0.50546875 0.528703125 0.5067703125 0.5291671874999999 0.5072921874999999 0.528703125 0.5091140625 0.527778125 0.5098953125000001 0.5263890625000001 0.5104171875 0.5259265625 0.5114578125 0.5236109375 0.5122390625000001 0.521759375 0.5127609375 0.5208328125 0.5130203125 0.51805625 0.5130203125 0.516203125 0.5125 0.5143515625 0.51171875 0.5143515625 0.5096359374999999 0.5143515625 0.5080734375 0.5148140625 0.5067703125 0.5157406250000001 0.5041671875 0.51944375 0.50390625 0.5203703125 0.503125 0.522221875 0.503125 0.5245375
4 0.4515625 0.8138890625 0.446875 0.8125 0.44505156250000005 0.8125 0.44036406250000004 0.8125 0.43776093749999995 0.816203125 0.43776093749999995 0.822221875 0.43776093749999995 0.8300921875 0.43958281250000003 0.8365734375 0.44427031250000004 0.8379625 0.44713593749999997 0.8365734375 0.45234375 0.8291671875000001 0.45416718749999996 0.821296875
4 0.4348953125 0.86944375 0.43515625 0.8763890625 0.4361984375 0.884721875 0.43645781250000004 0.890278125 0.43723906250000005 0.896759375 0.44088593749999994 0.9009265624999999 0.44505156250000005 0.8990734375 0.4484375 0.8949078125 0.45130156250000003 0.8888890625 0.4515625 0.871296875 0.45078125 0.8675921875 0.4479171875 0.8620374999999999 0.4453125 0.8620374999999999 0.4401046875 0.8606484375000001 0.43671875 0.8620374999999999