4 0.27005208333333336 0.982407196969697 0.2635416666666667 0.9874999999999999 0.2604166666666667 0.9930549242424241 0.25807291666666665 0.9939810606060606 0.26901041666666664 0.9995378787878787 0.3216145833333333 0.9995378787878787 0.32708333333333334 0.9861117424242425 0.328125 0.9685189393939394 0.33359375 0.9509261363636363 0.33489583333333334 0.9384261363636364 0.334375 0.9310189393939393 0.33645833333333336 0.9236117424242424 0.33645833333333336 0.9180549242424243 0.3377604166666667 0.9152784090909091 0.3424479166666667 0.9120378787878788 0.3453125 0.9120378787878788 0.34765625 0.9078712121212121 0.35963541666666665 0.8976856060606061 0.3651041666666667 0.8870378787878788 0.36875 0.8828712121212121 0.36953125 0.8805549242424242 0.3684895833333333 0.8745378787878787 0.3736979166666667 0.8611117424242424 0.37604166666666666 0.840278409090909 0.37890625 0.8333333333333334 0.3807291666666667 0.8212954545454546 0.384375 0.8143522727272727 0.3848958333333333 0.8055549242424243 0.38723958333333336 0.8009261363636364 0.3953125 0.7967594696969698 0.403125 0.7884261363636363 0.41770833333333335 0.7597215909090909 0.41796875 0.7555549242424242 0.4205729166666667 0.7476856060606061 0.4197916666666667 0.7402784090909091 0.41796875 0.7361117424242424 0.41901041666666666 0.7245378787878788 0.421875 0.719907196969697 0.42578125 0.7185189393939394 0.4276041666666667 0.7157405303030303 0.43255208333333334 0.7009261363636363 0.4322916666666667 0.6986117424242425 0.43697916666666664 0.6902784090909091 0.4388020833333333 0.682407196969697 0.4432291666666667 0.6736117424242424 0.45807291666666666 0.6231477272727273 0.4674479166666667 0.6064810606060606 0.46979166666666666 0.5912045454545455 0.47291666666666665 0.582407196969697 0.478125 0.5759261363636363 0.47760416666666666 0.5699071969696969 0.4796875 0.5662045454545455 0.4830729166666667 0.5643522727272727 0.49557291666666664 0.5444450757575757 0.49583333333333335 0.5370378787878788 0.4940104166666667 0.5328712121212121 0.4856770833333333 0.5407405303030304 0.48385416666666664 0.5458333333333333 0.47708333333333336 0.5560189393939393 0.4708333333333333 0.5601856060606061 0.46901041666666665 0.567592803030303 0.465625 0.5736117424242425 0.45859375 0.5796287878787878 0.44921875 0.6041666666666666 0.4432291666666667 0.6124999999999999 0.4393229166666667 0.6212954545454545 0.4354166666666667 0.6245378787878787 0.43125 0.6384261363636363 0.4270833333333333 0.6407405303030302 0.41796875 0.65 0.4161458333333333 0.6555549242424242 0.41484375 0.6745378787878789 0.4080729166666667 0.6898143939393939 0.4041666666666667 0.6930549242424242 0.40234375 0.7041666666666667 0.39921875 0.7078712121212121 0.3875 0.7125 0.3846354166666667 0.7171287878787879 0.38255208333333335 0.7180549242424242 0.3763020833333333 0.732407196969697 0.37265625 0.7342594696969698 0.36770833333333336 0.7476856060606061 0.36875 0.7523143939393939 0.36770833333333336 0.7560189393939394 0.36223958333333334 0.7689810606060606 0.36015625 0.7708333333333334 0.3572916666666667 0.7685189393939394 0.353125 0.7689810606060606 0.35078125 0.7726856060606061 0.34661458333333334 0.7856477272727272 0.3489583333333333 0.7986117424242424 0.328515625 0.8393522727272728 0.3260416666666667 0.8398143939393939 0.32109375 0.8509261363636363 0.31302083333333336 0.8569450757575757 0.31328125 0.860185606060606 0.3109375 0.8726856060606061 0.3072916666666667 0.8828712121212121 0.29791666666666666 0.8879621212121211 0.29244791666666664 0.9041666666666667 0.29192708333333334 0.9101856060606061 0.2875 0.9157405303030304 0.2872395833333333 0.9180549242424243 0.2830729166666667 0.919907196969697 0.2828125 0.9236117424242424 0.2786458333333333 0.9314810606060606 0.27578125 0.9606477272727272 0.27369791666666665 0.9689810606060606 0.2708333333333333 0.9745378787878789 0.27005208333333336 0.982407196969697
4 0.4661458333333333 0.6430549242424243 0.4708333333333333 0.65 0.48098958333333336 0.6546287878787879 0.4869791666666667 0.6541666666666667 0.48984375 0.65 0.4901041666666667 0.6375000000000001 0.48515625 0.6291666666666667 0.48046875 0.6259261363636364 0.475 0.6180549242424243 0.4708333333333333 0.614814393939394 0.4671875 0.614814393939394 0.46510416666666665 0.6175928030303031 0.46380208333333334 0.6226856060606061 0.4666666666666667 0.6356477272727273 0.46822916666666664 0.6384261363636363 0.4661458333333333 0.6430549242424243
4 0.7471354166666667 0.9842594696969696 0.7513020833333334 0.9777784090909092 0.75078125 0.9606477272727272 0.7442708333333333 0.9555549242424243 0.740625 0.9504621212121211 0.7401041666666667 0.9472215909090909 0.7361979166666667 0.9462954545454546 0.734375 0.9518522727272727 0.7283854166666667 0.9569450757575757 0.7299479166666667 0.9662045454545455 0.7330729166666666 0.9740738636363637 0.7440104166666667 0.9833333333333334 0.7471354166666667 0.9842594696969696
4 0.740625 0.9449071969696969 0.7510416666666667 0.9282405303030303 0.7520833333333333 0.9189810606060606 0.75 0.9087954545454545 0.7502604166666667 0.8995378787878788 0.7440104166666667 0.8861117424242425 0.7341145833333333 0.8930549242424243 0.7325520833333333 0.9 0.7322916666666667 0.9189810606060606 0.734375 0.9393522727272727 0.7361979166666667 0.9435189393939394 0.740625 0.9449071969696969
4 0.65859375 0.8675928030303031 0.6596354166666667 0.8726856060606061 0.6734375 0.8819450757575757 0.67890625 0.8782405303030303 0.6796875 0.8768522727272727 0.67890625 0.8717594696969697 0.6815104166666667 0.8689810606060606 0.6786458333333333 0.8587954545454546 0.6755208333333333 0.8532405303030304 0.67109375 0.8462954545454545 0.6658854166666667 0.8416666666666667 0.6622395833333333 0.8435189393939394 0.65546875 0.8587954545454546 0.6502604166666667 0.8638882575757575 0.65 0.8652784090909091 0.653125 0.869907196969697 0.6549479166666666 0.870371212121212 0.65859375 0.8675928030303031
4 0.7083333333333334 0.8620378787878789 0.70703125 0.8675928030303031 0.7083333333333334 0.8731477272727273 0.7140625 0.8782405303030303 0.7177083333333333 0.8777784090909091 0.7192708333333333 0.8726856060606061 0.72109375 0.8731477272727273 0.7203125 0.870371212121212 0.7213541666666666 0.8587954545454546 0.72265625 0.857407196969697 0.71953125 0.8407405303030303 0.7109375 0.8250000000000001 0.7088541666666667 0.8138882575757576 0.7052083333333333 0.8060189393939393 0.6963541666666667 0.8064810606060606 0.6942708333333333 0.8162045454545455 0.6940104166666666 0.8245378787878788 0.69921875 0.8430549242424242 0.7010416666666667 0.8546287878787879 0.7083333333333334 0.8620378787878789
4 0.6703125 0.7916666666666666 0.6752604166666667 0.7953712121212122 0.68515625 0.7981477272727273 0.6901041666666666 0.7953712121212122 0.6815104166666667 0.7708333333333334 0.6770833333333334 0.7680549242424243 0.6697916666666667 0.7597215909090909 0.66796875 0.7620378787878788 0.6619791666666667 0.7620378787878788 0.6614583333333334 0.7634261363636363 0.6625 0.7643522727272727 0.6643229166666667 0.775 0.6703125 0.7916666666666666
4 0.65 0.7615738636363636 0.6497395833333334 0.7564810606060607 0.646875 0.7490738636363636 0.64296875 0.7462954545454545 0.6385416666666667 0.7490738636363636 0.6377604166666667 0.7574071969696969 0.6380208333333334 0.7671287878787878 0.6424479166666667 0.7708333333333334 0.646875 0.7708333333333334 0.65 0.7615738636363636
4 0.6268229166666667 0.7476856060606061 0.62734375 0.7393522727272727 0.6234375 0.7328712121212122 0.6190104166666667 0.7310189393939394 0.6151041666666667 0.739814393939394 0.6153645833333333 0.7476856060606061 0.6190104166666667 0.7532405303030303 0.6236979166666666 0.7523143939393939 0.6268229166666667 0.7476856060606061
4 0.61875 0.7148143939393939 0.6268229166666667 0.7157405303030303 0.6270833333333333 0.7087954545454546 0.625 0.7037045454545454 0.6231770833333333 0.702314393939394 0.6153645833333333 0.7037045454545454 0.6143229166666667 0.7046287878787878 0.6143229166666667 0.7087954545454546 0.615625 0.7125 0.61875 0.7148143939393939
4 0.7899614583333334 0.9388333333333333 0.770153125 0.9205208333333333 0.7598520833333333 0.9310852272727272 0.7614375 0.9501022727272728 0.7689645833333334 0.9740473484848485 0.7828302083333334 0.9796818181818183 0.7951114583333333 0.9930643939393938 0.803034375 0.9895416666666665 0.7963 0.9557367424242424 0.7899614583333334 0.9388333333333333
4 0.7885416666666667 0.9953712121212122 0.7846354166666667 0.9870378787878787 0.7815104166666667 0.9837954545454545 0.775 0.9828712121212122 0.7723958333333333 0.984721590909091 0.7684895833333333 0.9939810606060606 0.7677083333333333 0.9995378787878787 0.7908854166666667 0.9995378787878787 0.7908854166666667 0.9976856060606061 0.7885416666666667 0.9953712121212122
4 0.6088541666666667 0.6851856060606061 0.6041666666666666 0.6763882575757575 0.5994791666666667 0.6740738636363637 0.5921875 0.6754621212121212 0.5921875 0.6837954545454545 0.59453125 0.6893522727272727 0.6078125 0.6902784090909091 0.6088541666666667 0.6851856060606061
4 0.6182291666666667 0.6615738636363636 0.6158854166666666 0.655092803030303 0.6075520833333333 0.6430549242424243 0.603125 0.6435189393939394 0.6020833333333333 0.6453712121212121 0.60234375 0.6541666666666667 0.6106770833333334 0.6712954545454546 0.6197916666666666 0.6777784090909091 0.6182291666666667 0.6615738636363636
4 0.58203125 0.6347215909090909 0.5817708333333333 0.6282405303030303 0.5802083333333333 0.625 0.57578125 0.6245378787878787 0.5731770833333333 0.6277784090909091 0.5729166666666666 0.6305549242424242 0.5760416666666667 0.6347215909090909 0.5794270833333334 0.6361117424242425 0.58203125 0.6347215909090909
4 0.56328125 0.6032405303030304 0.56328125 0.5995378787878788 0.5611979166666666 0.592592803030303 0.55625 0.5916666666666667 0.5526041666666667 0.5935189393939394 0.55234375 0.5962954545454545 0.5567708333333333 0.6041666666666666 0.5609375 0.605092803030303 0.56328125 0.6032405303030304
4 0.5609375 0.5740738636363636 0.5643229166666667 0.5805549242424243 0.5705729166666667 0.580092803030303 0.5671875 0.5763882575757576 0.56796875 0.5717594696969697 0.5653645833333333 0.5643522727272727 0.56484375 0.5587954545454545 0.55859375 0.5486117424242424 0.5575520833333333 0.5435189393939394 0.55390625 0.5370378787878788 0.5526041666666667 0.5240738636363637 0.5486979166666667 0.5171287878787878 0.5453125 0.5194450757575757 0.5442708333333334 0.5231477272727272 0.54453125 0.5328712121212121 0.5526041666666667 0.5606477272727273 0.5557291666666667 0.5680549242424242 0.5609375 0.5740738636363636