4 0.3114578125 0.9984375 0.31328125 0.9879625000000001 0.3166671875 0.9763890625 0.31875 0.965278125 0.31484375 0.9523140625 0.3109375 0.9407406249999999 0.3075515625 0.9282406249999999 0.3106765625 0.9175921875 0.3140625 0.9023140625 0.30859375 0.8939812500000001 0.3018234375 0.8990734375 0.2932296875 0.9083328125 0.2901046875 0.9148140625 0.2841140625 0.922221875 0.2763015625 0.9078703125 0.2716140625 0.9120375 0.2716140625 0.925 0.2708328125 0.9379625 0.2674484375 0.95694375 0.2671875 0.96898125 0.2697921875 0.9824078125 0.2739578125 0.9907406249999999 0.2768234375 0.9984375 0.31015625 0.9984375
4 0.3356765625 0.8333328124999999 0.3315109375 0.8208328125 0.3276046875 0.8092593750000001 0.32265625 0.7949078125 0.3169265625 0.79444375 0.31953125 0.8050921875 0.31953125 0.8120375 0.31640625 0.8125 0.3088546875 0.8203703125 0.3057296875 0.8333328124999999 0.3088546875 0.8449078125 0.3161453125 0.8509265625 0.3223953125 0.8546296874999999 0.3330734375 0.8504625000000001 0.3341140625 0.84351875
4 0.3783859375 0.7726859375 0.37265625 0.775 0.36640625 0.78148125 0.3609375 0.790278125 0.3583328125 0.8018515624999999 0.3653640625 0.80601875 0.3705734375 0.80601875 0.3833328125 0.7921296875 0.3838546875 0.784721875
4 0.3838546875 0.7495375 0.390625 0.74305625 0.396875 0.7361109375 0.40390625 0.7259265625 0.40963593749999994 0.7199078125 0.4171875 0.7143515625 0.42161406250000005 0.7106484375 0.42786406250000003 0.6995375 0.43177031250000003 0.6916671875 0.43515625 0.6791671874999999 0.43697968749999994 0.6638890625 0.43958281250000003 0.6513890625000001 0.4427078125 0.6398140625 0.4453125 0.628240625 0.44947968749999995 0.6231484375 0.45755156250000006 0.61851875 0.4635421875 0.6120375 0.4640625 0.6018515625 0.46171875 0.590278125 0.45520781250000003 0.5861109375 0.44947968749999995 0.590740625 0.4453125 0.6013890625 0.44296875 0.6101859375 0.43697968749999994 0.6194437500000001 0.43020781250000006 0.6277781250000001 0.42473906250000004 0.6324078125 0.41848906250000006 0.6379625 0.4114578125 0.641203125 0.40520781250000004 0.6439812500000001 0.3984375 0.653240625 0.39453125 0.6634265625 0.3908859375 0.6731484375 0.3885421875 0.683796875 0.3893234375 0.696759375 0.3859375 0.7101859375 0.3815109375 0.715278125 0.3760421875 0.7240734375 0.3752609375 0.7356484375 0.3752609375 0.7449078124999999 0.36953125 0.753703125 0.36640625 0.7638890625 0.3697921875 0.7736109375 0.3747390625 0.7675921875 0.38125 0.7625 0.38125 0.759721875
4 0.5028640625 0.528240625 0.5010421875 0.5231484375 0.4973953125 0.5259265625 0.49453125 0.528703125 0.4908859375 0.53194375 0.48854218749999995 0.5375 0.48723906250000004 0.54444375 0.48984375 0.5495375 0.4921875 0.5495375 0.5002609375 0.540740625 0.5015625 0.534259375
4 0.6861984375 0.9611109375 0.6796875 0.9666671875 0.6794265625 0.9763890625 0.6848953125 0.9810187499999999 0.6916671875 0.9763890625 0.6895828125000001 0.96898125
4 0.6828125 0.8875 0.6760421875 0.8884265625 0.6705734375 0.8958328124999999 0.6697921874999999 0.908796875 0.6755203125 0.9166671875000001 0.6809890625 0.915278125 0.6854171874999999 0.9032406249999999 0.6856765625000001 0.897221875
4 0.7877609375 0.9984375 0.78515625 0.9949078124999999 0.7822921875 0.983796875 0.7778640625000001 0.9763890625 0.7770828125 0.9898140625 0.77890625 0.9984375
4 0.7036453125000001 0.883796875 0.7080734375 0.89444375 0.7151046875 0.9004625 0.7205734374999999 0.9050921875 0.7244796874999999 0.9125 0.7299484374999999 0.9189812500000001 0.7354171875 0.9254625000000001 0.74296875 0.927778125 0.746875 0.921296875 0.7484375 0.9134265625 0.7236984375 0.8680562500000001 0.7171875 0.8773140625 0.7135421875 0.8699078124999999 0.70703125 0.866203125 0.7036453125000001 0.8722218749999999
4 0.65390625 0.78148125 0.65703125 0.7884265625 0.6598953125 0.79305625 0.6625 0.7995375 0.6651046875 0.8078703125000001 0.66796875 0.8115734375000001 0.6723953125000001 0.8129625 0.6765625 0.8129625 0.6802078125000001 0.80601875 0.6786453125 0.8004625000000001 0.67734375 0.7939812500000001 0.6752609374999999 0.7879625 0.6739578125000001 0.783796875 0.6645828125000001 0.7689812500000001 0.6614578125 0.7699078125 0.6575515625 0.771759375 0.65390625 0.7773140625
4 0.60390625 0.6833328125 0.6088546874999999 0.6875 0.61171875 0.69444375 0.6143234375 0.7 0.61796875 0.7009265625000001 0.62265625 0.7018515625 0.6270828125000001 0.702778125 0.6299484375 0.7004625 0.6278640625 0.6958328125000001 0.6072921874999999 0.6611109374999999 0.6044265625 0.6625 0.6015625 0.6666671875 0.6005203125 0.6736109375
4 0.6515625 0.7615734375 0.65234375 0.75601875 0.6513015625 0.7509265625 0.65 0.746759375 0.6463546874999999 0.7453703125 0.6434890625 0.74305625 0.6408859375 0.7416671874999999 0.6372390625000001 0.74398125 0.6359375 0.746759375 0.6361984374999999 0.7527781250000001 0.6364578125 0.75648125 0.63828125 0.7611109375 0.64140625 0.7625 0.6434890625 0.7611109375 0.6513015625 0.7685187499999999 0.6515625 0.766203125
4 0.6283859374999999 0.7106484375 0.62578125 0.70555625 0.6234375 0.7060187499999999 0.6213546875 0.709721875 0.62109375 0.7148140625 0.6231765625000001 0.7199078125 0.6247390625 0.721759375 0.6278640625 0.7199078125 0.6283859374999999 0.7166671874999999