4 0.7424479166666667 0.8759261363636364 0.7442708333333333 0.8847215909090909 0.74609375 0.8865738636363636 0.7473958333333334 0.8916666666666667 0.7481770833333333 0.9 0.7502604166666667 0.907407196969697 0.759375 0.932871212121212 0.7705729166666667 0.9472215909090909 0.7760416666666666 0.9587954545454546 0.7768229166666667 0.9629621212121212 0.7885416666666667 0.9814810606060606 0.7950520833333333 0.9944450757575758 0.8 0.9972215909090909 0.8002604166666667 0.9995378787878787 0.8263020833333333 0.9995378787878787 0.8229166666666666 0.984721590909091 0.81328125 0.9740738636363637 0.8130208333333333 0.969907196969697 0.8091145833333333 0.9657405303030303 0.8026041666666667 0.9467594696969697 0.7986979166666667 0.9495378787878788 0.7947916666666667 0.9384261363636364 0.7903645833333334 0.9412045454545455 0.78828125 0.9375 0.7825520833333334 0.9333333333333333 0.7755208333333333 0.9171287878787879 0.7669270833333334 0.905092803030303 0.7653645833333333 0.9 0.7596354166666667 0.889814393939394 0.7544270833333333 0.8870378787878788 0.7526041666666666 0.8754621212121213 0.746875 0.8689810606060606 0.7440104166666667 0.8555549242424243 0.7380208333333333 0.8611117424242424 0.73828125 0.8662045454545454 0.7369791666666666 0.8680549242424243 0.7375 0.8708333333333333 0.7424479166666667 0.8759261363636364
4 0.7630208333333334 0.9861117424242425 0.76015625 0.9842594696969696 0.753125 0.9842594696969696 0.7463541666666667 0.9925928030303032 0.7434895833333334 0.9995378787878787 0.7658854166666667 0.9995378787878787 0.7651041666666667 0.990278409090909 0.7630208333333334 0.9861117424242425
4 0.7200520833333334 0.9953712121212122 0.7208333333333333 0.9898143939393939 0.7169270833333333 0.985185606060606 0.71171875 0.9874999999999999 0.7088541666666667 0.9944450757575758 0.7083333333333334 0.9995378787878787 0.7223958333333333 0.9995378787878787 0.7223958333333333 0.9976856060606061 0.7200520833333334 0.9953712121212122
4 0.5903645833333333 0.6384261363636363 0.5958333333333333 0.6416666666666667 0.5994791666666667 0.6472215909090909 0.6010416666666667 0.6472215909090909 0.6033854166666667 0.6541666666666667 0.6078125 0.6541666666666667 0.6078125 0.65 0.6026041666666667 0.6453712121212121 0.60234375 0.6324071969696969 0.5981770833333333 0.6185189393939393 0.58828125 0.6092594696969698 0.5830729166666667 0.6106477272727273 0.58203125 0.6143522727272727 0.5822916666666667 0.6217594696969697 0.5861979166666667 0.6305549242424242 0.5893229166666667 0.6333333333333333 0.5903645833333333 0.6384261363636363
4 0.6111979166666667 0.6537045454545455 0.6080729166666666 0.6592594696969697 0.6125 0.6768522727272727 0.6177083333333333 0.6856477272727273 0.6234375 0.6916666666666667 0.6265625 0.7009261363636363 0.63671875 0.7129621212121212 0.64140625 0.7333333333333333 0.6588541666666666 0.7462954545454545 0.6619791666666667 0.7527784090909091 0.6677083333333333 0.7490738636363636 0.66875 0.7361117424242424 0.6658854166666667 0.7208333333333333 0.6614583333333334 0.7138882575757576 0.6385416666666667 0.6537045454545455 0.6390625 0.6495378787878788 0.6359375 0.6458333333333334 0.62734375 0.6416666666666667 0.62109375 0.6421287878787878 0.6177083333333333 0.639814393939394 0.6098958333333333 0.6291666666666667 0.6072916666666667 0.6217594696969697 0.6033854166666667 0.6217594696969697 0.60234375 0.6245378787878787 0.6015625 0.6268522727272727 0.6033854166666667 0.644907196969697 0.6109375 0.6518522727272728 0.6111979166666667 0.6537045454545455
4 0.6809895833333334 0.7939810606060606 0.6854166666666667 0.7990738636363637 0.6932291666666667 0.7912045454545454 0.6932291666666667 0.7791666666666667 0.68515625 0.765278409090909 0.6697916666666667 0.7495378787878787 0.6682291666666667 0.7509261363636364 0.6635416666666667 0.7597215909090909 0.6658854166666667 0.7837954545454545 0.6736979166666667 0.7907405303030304 0.6809895833333334 0.7939810606060606
4 0.6971354166666667 0.8675928030303031 0.7033854166666667 0.8759261363636364 0.7192708333333333 0.8907405303030302 0.7286458333333333 0.890278409090909 0.7369791666666666 0.8953712121212121 0.74453125 0.8972215909090909 0.7513020833333334 0.890278409090909 0.7518229166666667 0.879628787878788 0.7510416666666667 0.8736117424242424 0.7466145833333333 0.8675928030303031 0.7453125 0.8569450757575757 0.7408854166666666 0.8486117424242424 0.7372395833333333 0.8370378787878788 0.7325520833333333 0.8347215909090909 0.7205729166666667 0.8333333333333334 0.7169270833333333 0.8296287878787878 0.7135416666666666 0.8189810606060607 0.7067708333333333 0.8101856060606061 0.6979166666666666 0.8069450757575758 0.6932291666666667 0.7999999999999999 0.6875 0.8009261363636364 0.6822916666666666 0.8115738636363636 0.6815104166666667 0.8166666666666667 0.68125 0.8222215909090909 0.6838541666666667 0.8333333333333334 0.6940104166666666 0.8555549242424243 0.6971354166666667 0.8675928030303031
4 0.6002604166666666 0.6935189393939394 0.5981770833333333 0.682407196969697 0.5955729166666667 0.6791666666666667 0.5916666666666667 0.6810189393939393 0.5890625 0.6865738636363636 0.5890625 0.6930549242424242 0.5916666666666667 0.6981477272727273 0.5981770833333333 0.697685606060606 0.6002604166666666 0.6935189393939394
4 0.6234375 0.7361117424242424 0.6244791666666667 0.7328712121212122 0.6236979166666666 0.7259261363636363 0.6200520833333333 0.7231477272727272 0.6151041666666667 0.7236117424242424 0.6109375 0.7310189393939394 0.6106770833333334 0.7361117424242424 0.6145833333333334 0.7393522727272727 0.6190104166666667 0.739814393939394 0.6234375 0.7361117424242424
4 0.6541666666666667 0.8222215909090909 0.65703125 0.8180549242424242 0.6588541666666666 0.8064810606060606 0.6559895833333333 0.8004621212121212 0.6505208333333333 0.7967594696969698 0.646875 0.797221590909091 0.6427083333333333 0.8027784090909091 0.640625 0.8106477272727273 0.6403645833333333 0.8143522727272727 0.6434895833333333 0.8180549242424242 0.65 0.8222215909090909 0.6541666666666667 0.8222215909090909
4 0.65390625 0.885185606060606 0.6580729166666667 0.8828712121212121 0.66640625 0.8694450757575758 0.6703125 0.857407196969697 0.6692708333333334 0.8532405303030304 0.6544270833333333 0.8375 0.65078125 0.8361117424242424 0.6463541666666667 0.8375 0.6432291666666666 0.8458333333333333 0.64296875 0.864814393939394 0.6455729166666667 0.8731477272727273 0.6520833333333333 0.880092803030303 0.65390625 0.885185606060606
4 0.4354166666666667 0.6268522727272727 0.44375 0.6287045454545455 0.4473958333333333 0.6259261363636364 0.45546875 0.6291666666666667 0.4640625 0.6231477272727273 0.46822916666666664 0.6152784090909091 0.46979166666666666 0.594907196969697 0.47265625 0.5819450757575757 0.47552083333333334 0.577314393939394 0.4783854166666667 0.5759261363636363 0.48046875 0.5708333333333333 0.490625 0.557407196969697 0.49635416666666665 0.544907196969697 0.5018229166666667 0.5370378787878788 0.5028645833333333 0.5319450757575758 0.5015625 0.5305549242424242 0.48984375 0.532407196969697 0.4796875 0.5499999999999999 0.4591145833333333 0.5689810606060607 0.44947916666666665 0.5837954545454546 0.44557291666666665 0.5986117424242424 0.4390625 0.6069450757575757 0.4354166666666667 0.6143522727272727 0.4354166666666667 0.6268522727272727
4 0.34427083333333336 0.847221590909091 0.34479166666666666 0.8430549242424242 0.35260416666666666 0.8375 0.3533854166666667 0.8296287878787878 0.36171875 0.8222215909090909 0.36354166666666665 0.817592803030303 0.36666666666666664 0.8143522727272727 0.36666666666666664 0.8101856060606061 0.3723958333333333 0.7939810606060606 0.378125 0.7907405303030304 0.3796875 0.7856477272727272 0.384375 0.7787045454545455 0.38567708333333334 0.7689810606060606 0.3890625 0.7578712121212121 0.39557291666666666 0.7513882575757576 0.3953125 0.7472215909090909 0.3966145833333333 0.7439810606060606 0.40182291666666664 0.7402784090909091 0.4041666666666667 0.7361117424242424 0.40182291666666664 0.732407196969697 0.40338541666666666 0.7282405303030304 0.4083333333333333 0.7259261363636363 0.4125 0.7203712121212121 0.41171875 0.7166666666666667 0.415625 0.7087954545454546 0.4200520833333333 0.6953712121212121 0.4236979166666667 0.6930549242424242 0.42291666666666666 0.6907405303030303 0.43802083333333336 0.6629621212121212 0.44036458333333334 0.6615738636363636 0.440625 0.6578712121212121 0.4390625 0.6569450757575758 0.4375 0.6495378787878788 0.4390625 0.6462954545454546 0.4390625 0.6421287878787878 0.4354166666666667 0.6337954545454546 0.4296875 0.6347215909090909 0.42916666666666664 0.6370378787878788 0.42291666666666666 0.639814393939394 0.4200520833333333 0.6462954545454546 0.41901041666666666 0.655092803030303 0.41458333333333336 0.6578712121212121 0.40598958333333335 0.6717594696969698 0.40286458333333336 0.6736117424242424 0.4002604166666667 0.6777784090909091 0.39817708333333335 0.6861117424242424 0.3921875 0.6930549242424242 0.384375 0.7083333333333334 0.37552083333333336 0.7310189393939394 0.3684895833333333 0.7402784090909091 0.3684895833333333 0.7444450757575758 0.35989583333333336 0.7555549242424242 0.35859375 0.7688276515151514 0.35625 0.777778409090909 0.3515625 0.7879621212121212 0.34791666666666665 0.7907405303030304 0.34817708333333336 0.794907196969697 0.3463541666666667 0.8013882575757575 0.340625 0.8055549242424243 0.33828125 0.8162045454545455 0.3341145833333333 0.8222215909090909 0.334375 0.8268522727272727 0.3333333333333333 0.8291666666666667 0.33307291666666666 0.8435189393939394 0.33177083333333335 0.8458333333333333 0.3377604166666667 0.8509261363636363 0.34427083333333336 0.847221590909091
4 0.2390625 0.9995378787878787 0.284375 0.9995378787878787 0.28802083333333334 0.994907196969697 0.2908854166666667 0.9958333333333332 0.2947916666666667 0.9930549242424241 0.2986979166666667 0.9740738636363637 0.30911458333333336 0.967592803030303 0.3111979166666667 0.9578712121212121 0.3104166666666667 0.955092803030303 0.30833333333333335 0.9541666666666667 0.3067708333333333 0.9481477272727273 0.3067708333333333 0.9416666666666667 0.3028645833333333 0.9402784090909091 0.30130208333333336 0.9361117424242424 0.30104166666666665 0.9310189393939393 0.29739583333333336 0.9162045454545454 0.29739583333333336 0.9115738636363636 0.2942708333333333 0.8990738636363637 0.2921875 0.8958333333333334 0.28671875 0.8944450757575757 0.27890625 0.9 0.2765625 0.9041666666666667 0.2747395833333333 0.9115738636363636 0.2635416666666667 0.9314810606060606 0.26276041666666666 0.9347215909090909 0.2635416666666667 0.9393522727272727 0.25833333333333336 0.9509261363636363 0.25677083333333334 0.9712954545454546 0.2552083333333333 0.9763882575757576 0.2513020833333333 0.9796287878787879 0.24609375 0.9763882575757576 0.240625 0.9694450757575758 0.23932291666666666 0.969907196969697 0.23802083333333332 0.9740738636363637 0.23880208333333333 0.977314393939394 0.23723958333333334 0.9819450757575757 0.2375 0.9907405303030303 0.2390625 0.9995378787878787
4 0 0.919907196969697 0.007291666666666667 0.9166666666666666 0.009895833333333333 0.9115738636363636 0.015104166666666667 0.907407196969697 0.016666666666666666 0.9129621212121212 0.021354166666666667 0.9129621212121212 0.022395833333333334 0.9078712121212121 0.0203125 0.9064810606060606 0.019270833333333334 0.9013882575757576 0.03203125 0.894907196969697 0.04453125 0.8810189393939394 0.05078125 0.8773143939393939 0.05520833333333333 0.8708333333333333 0.06354166666666666 0.8671287878787879 0.071875 0.8583333333333333 0.07682291666666667 0.8587954545454546 0.08020833333333334 0.8634261363636364 0.08151041666666667 0.8611117424242424 0.07864583333333333 0.8532405303030304 0.08125 0.8490738636363636 0.08802083333333334 0.8467594696969697 0.09479166666666666 0.8375 0.09921875 0.8347215909090909 0.10807291666666667 0.8250000000000001 0.11145833333333334 0.8245378787878788 0.11510416666666666 0.8185189393939394 0.12291666666666666 0.8120378787878787 0.12682291666666667 0.8120378787878787 0.13958333333333334 0.8004621212121212 0.14635416666666667 0.7967594696969698 0.15026041666666667 0.7912045454545454 0.15989583333333332 0.7861117424242424 0.1640625 0.782407196969697 0.16510416666666666 0.7791666666666667 0.17135416666666667 0.7740738636363637 0.1734375 0.7694450757575757 0.18932291666666667 0.7574071969696969 0.19322916666666667 0.7569450757575757 0.1984375 0.75 0.22161458333333334 0.7277784090909091 0.23463541666666668 0.7194450757575758 0.23854166666666668 0.7134261363636364 0.24322916666666666 0.7106477272727272 0.2559895833333333 0.6981477272727273 0.259375 0.6972215909090909 0.2830729166666667 0.6782405303030303 0.2872395833333333 0.6777784090909091 0.2877604166666667 0.6749999999999999 0.29322916666666665 0.669907196969697 0.29713541666666665 0.6689810606060606 0.29973958333333334 0.6634261363636363 0.30885416666666665 0.6578712121212121 0.31223958333333335 0.65 0.3065104166666667 0.6472215909090909 0.3028645833333333 0.639814393939394 0.2986979166666667 0.6393522727272727 0.2838541666666667 0.652778409090909 0.2703125 0.6615738636363636 0.25703125 0.6745378787878789 0.24427083333333333 0.6814810606060606 0.23177083333333334 0.692128787878788 0.228125 0.6972215909090909 0.22005208333333334 0.7009261363636363 0.20755208333333333 0.7138882575757576 0.196875 0.715278409090909 0.19505208333333332 0.7212954545454545 0.18932291666666667 0.7273143939393939 0.18541666666666667 0.7305549242424243 0.18046875 0.7310189393939394 0.17552083333333332 0.7365738636363637 0.16875 0.7402784090909091 0.16197916666666667 0.7476856060606061 0.15755208333333334 0.7490738636363636 0.15260416666666668 0.7560189393939394 0.13463541666666667 0.7731477272727272 0.12786458333333334 0.7814810606060606 0.11536458333333334 0.7865738636363636 0.10651041666666666 0.7958333333333333 0.10130208333333333 0.7962954545454546 0.07708333333333334 0.8208333333333333 0.07213541666666666 0.8189810606060607 0.06953125 0.8222215909090909 0.06145833333333333 0.827314393939394 0.05677083333333333 0.8282405303030302 0.05260416666666667 0.8328712121212121 0.04869791666666667 0.8337954545454546 0.04583333333333333 0.8384261363636364 0.03723958333333333 0.840278409090909 0.03307291666666667 0.8430549242424242 0.027083333333333334 0.8569450757575757 0.021875 0.8652784090909091 0 0.8837954545454546 0 0.919907196969697