4 0.49427031250000003 0.5134265625000001 0.49401093749999997 0.509259375 0.49401093749999997 0.5074078125 0.49192656250000005 0.5074078125 0.4908859375 0.5106484375 0.49140625 0.5134265625000001 0.4921875 0.5143515625
4 0.4505203125 0.553240625 0.44895781250000005 0.5574078124999999 0.44895781250000005 0.5625 0.45 0.56944375 0.45130156250000003 0.5740734375 0.45651093749999994 0.5768515625 0.459375 0.5791671875 0.46953125 0.5740734375 0.47265625 0.56898125 0.47604218749999994 0.566203125 0.47864531250000003 0.5597218749999999 0.47604218749999994 0.5356484375 0.47604218749999994 0.53101875 0.47708281250000006 0.528703125 0.47734375 0.5268515625 0.47213593749999994 0.5203703125 0.46171875 0.528703125 0.45755156250000006 0.5379625 0.45234375 0.54444375
4 0.40677031250000006 0.6092593749999999 0.40651093749999995 0.615278125 0.41380156250000005 0.6208328125 0.42083281250000004 0.6120375 0.43723906250000005 0.59305625 0.44244843749999996 0.5851859375 0.44322968749999997 0.5726859375 0.4401046875 0.5652781250000001 0.4361984375 0.5629625 0.42473906250000004 0.5759265625000001 0.41302031250000004 0.5814812500000001 0.40911406250000004 0.5949078125
4 0.46171875 0.6611109374999999 0.46484375 0.65555625 0.46015625 0.6425921875 0.45338593749999995 0.6425921875 0.44609375 0.6518515625 0.44713593749999997 0.6601859375 0.45234375 0.6675921875
4 0.41380156250000005 0.6634265625 0.42109375 0.65648125 0.42578125 0.6425921875 0.42578125 0.63101875 0.42395781250000003 0.6203703125 0.41588593749999997 0.6254625 0.40677031250000006 0.63148125 0.40520781250000004 0.6476859375 0.40989531250000005 0.659721875
4 0.3348953125 0.7328703125 0.3372390625 0.7601859375 0.3416671875 0.7768515625 0.3427078125 0.7856484375 0.3473953125 0.7898140625 0.3619796875 0.7745375 0.3776046875 0.7509265625 0.3861984375 0.7296296875 0.3885421875 0.71944375 0.3877609375 0.7046296875 0.3885421875 0.6990734375 0.3692703125 0.66805625 0.346875 0.6833328125 0.34140625 0.696296875 0.3354171875 0.709259375
4 0.2526046875 0.81851875 0.2513015625 0.8388890625000001 0.25625 0.8518515624999999 0.26796875 0.8518515624999999 0.2841140625 0.803703125 0.2950515625 0.791203125 0.3083328125 0.7865734375 0.3138015625 0.7796296875000001 0.3143234375 0.7731484375 0.31328125 0.765278125 0.3138015625 0.7518515625 0.2984375 0.7504625 0.2671875 0.7416671874999999 0.2588546875 0.765278125 0.2536453125 0.796296875
4 0.3166671875 0.7458328125 0.3231765625 0.74398125 0.3239578125 0.7333328125 0.3205734375 0.7259265625 0.3143234375 0.7263890625 0.31015625 0.7291671875 0.31328125 0.7449078124999999
4 0.2817703125 0.8620374999999999 0.28359375 0.871296875 0.2888015625 0.88055625 0.2950515625 0.8861109375 0.3091140625 0.8888890625 0.3119796875 0.8898140625 0.31328125 0.891203125 0.31796875 0.8925921875 0.3270828125 0.890278125 0.33125 0.890278125 0.34296875 0.8865734375000001 0.3463546875 0.8884265625 0.3526046875 0.88101875 0.3536453125 0.8754625 0.3546875 0.85555625 0.3515625 0.8453703125 0.3481765625 0.8425921875 0.3411453125 0.8375 0.33671875 0.833796875 0.3333328125 0.8296296875 0.3322921875 0.8226859375 0.33359375 0.8138890625 0.3328125 0.802778125 0.3322921875 0.8013890625 0.3177078125 0.797221875 0.3041671875 0.8143515625 0.2901046875 0.833796875 0.2846359375 0.8490734375000001
4 0.19609375 0.9351859375 0.1786453125 0.958796875 0.1794265625 0.9699078125 0.18046875 0.9921296875 0.1838546875 0.9984375 0.28359375 0.9984375 0.28203125 0.9680562500000001 0.26015625 0.9185187499999999 0.22890625 0.90601875 0.2127609375 0.921296875
4 0.5510421875 0.8268515624999999 0.5559890625 0.8106484375 0.54921875 0.8097218749999999 0.5419265625 0.816203125 0.5473953125000001 0.8236109375
4 0.55546875 0.8768515625 0.5614578125 0.8606484375000001 0.5606765625000001 0.84351875 0.5546875 0.8421296875 0.5442703125 0.85 0.5419265625 0.8564812500000001 0.5463546874999999 0.8768515625
4 0.48802031250000005 0.79305625 0.48854218749999995 0.7671296875 0.48072968749999995 0.7666671875 0.478125 0.7796296875000001 0.48411406250000005 0.7981484375
4 0.6421875 0.8611109375 0.6458328125 0.8611109375 0.6502609374999999 0.853240625 0.6285890625 0.7788734374999999 0.609375 0.7699078125 0.6057296875 0.777778125 0.60390625 0.7916671875 0.6075515625000001 0.8217593750000001 0.62421875 0.8509265625