4 0.5130203125 0.534721875 0.5111984374999999 0.53101875 0.5091140625 0.5268515625 0.5020828125000001 0.51805625 0.49635468749999995 0.5134265625000001 0.49192656250000005 0.5101859375 0.48489531250000006 0.50648125 0.4817703125 0.5055562499999999 0.47864531250000003 0.5074078125 0.48125 0.509259375 0.48385468749999994 0.5106484375 0.48671875 0.5129625 0.4895828125 0.515278125 0.4934890625 0.51944375 0.49583281250000005 0.5240734375 0.4973953125 0.5291671874999999 0.4984375 0.5328703124999999 0.4986984375 0.5379625 0.49921875 0.547221875 0.515625 0.5481484375 0.5140625 0.5398140625
4 0.2369796875 0.99444375 0.2440109375 0.984721875 0.2463546875 0.953240625 0.2364578125 0.9273140625 0.22109375 0.9504625000000001 0.2033859375 0.9606484375000001 0.2046875 0.98055625 0.21171875 0.9984375
4 0.2471359375 0.925 0.2552078125 0.921296875 0.2627609375 0.915740625 0.26171875 0.8888890625 0.2578125 0.8773140625 0.2393234375 0.8740734375000001 0.2411453125 0.8745375 0.2260421875 0.8898140625 0.23125 0.9032406249999999 0.2356765625 0.9138890625
4 0.2763015625 0.8893515624999999 0.28203125 0.8828703125 0.2846359375 0.8671296875 0.2833328125 0.85 0.2770828125 0.8453703125 0.2697921875 0.8481484375000001 0.2692703125 0.8550921875 0.2604171875 0.8736109375 0.26875 0.8898140625 0.2716140625 0.890278125
4 0.33359375 0.7638890625 0.3447921875 0.7671296875 0.3609375 0.7601859375 0.37265625 0.7550921875000001 0.3911453125 0.7495375 0.40833281250000003 0.7458328125 0.40651093749999995 0.7342593749999999 0.4114578125 0.7259265625 0.42005156250000003 0.70555625 0.42421875 0.6861109375 0.415625 0.6828703125 0.41953125 0.65555625 0.41848906250000006 0.6481484375 0.41744843749999994 0.6439812500000001 0.41744843749999994 0.6277781250000001 0.4166671875 0.6083328125 0.40729218749999996 0.603240625 0.39453125 0.6018515625 0.3807296875 0.6092593749999999 0.37109375 0.6222218749999999 0.3619796875 0.6361109375 0.3536453125 0.64444375 0.3453125 0.6518515625 0.33671875 0.659259375 0.321875 0.6648140625 0.3104171875 0.6671296875 0.3046875 0.6851859375 0.3028640625 0.696759375 0.3041671875 0.7120375 0.30546875 0.7166671874999999 0.3075515625 0.741203125 0.3127609375 0.7513890625 0.3252609375 0.7625
4 0.40703125 0.6111109375 0.40833281250000003 0.6175921875 0.40833281250000003 0.621759375 0.4192703125 0.6277781250000001 0.42630156250000006 0.6254625 0.42786406250000003 0.6208328125 0.4309890625 0.5981484375 0.42890625 0.5851859375 0.42421875 0.577778125 0.41979218749999997 0.5740734375 0.40651093749999995 0.583796875 0.40651093749999995 0.5921296875000001 0.40546875 0.6009265625
4 0.44557343749999995 0.6041671875 0.44427031250000004 0.615740625 0.45026093749999996 0.6166671874999999 0.45755156250000006 0.6166671874999999 0.4622390625 0.616203125 0.4791671875 0.5981484375 0.48151093749999996 0.5884265625 0.48229218749999997 0.5791671875 0.471875 0.566203125 0.47552031250000004 0.5634265625 0.44947968749999995 0.559259375 0.45 0.5620375 0.44583281250000006 0.5708328125000001 0.43958281250000003 0.5796296875 0.44036406250000004 0.5916671874999999
4 0.44947968749999995 0.5546296875000001 0.45 0.558796875 0.46484375 0.5574078124999999 0.4765625 0.5458328125 0.4583328125 0.5365734375 0.45416718749999996 0.5439812500000001 0.45208281250000004 0.5481484375 0.45026093749999996 0.5513890625
4 0.46953125 0.5453703125 0.4703125 0.546296875 0.47473906250000003 0.547221875 0.47708281250000006 0.547221875 0.478125 0.54305625 0.47734375 0.5361109374999999 0.47265625 0.53194375 0.47838593749999997 0.53194375 0.484375 0.53055625 0.48723906250000004 0.528703125 0.48671875 0.5236109375 0.48151093749999996 0.51944375 0.478125 0.51805625 0.4739578125 0.5189812500000001 0.4700515625 0.522221875 0.46848906250000005 0.5245375 0.46796875 0.525 0.4671875 0.53055625 0.4661453125 0.534721875 0.4661453125 0.5384265625 0.46692656250000003 0.5425921875
4 0.6265625 0.852778125 0.6348953125000001 0.865278125 0.6513015625 0.8763890625 0.6635421874999999 0.88101875 0.6700515625000001 0.8833328125 0.696875 0.8865734375000001 0.7153640625000001 0.8879625000000001 0.7192703125000001 0.8865734375000001 0.7216140625 0.8708328125 0.6731765625 0.7990734374999999 0.6546875 0.7740734375 0.6302078125 0.7888890625 0.6002609375 0.7879625 0.6098953125000001 0.8129625 0.6169265625 0.8300921875
4 0.53828125 0.590740625 0.5416671875 0.590740625 0.5458328125 0.5879624999999999 0.5403640625 0.571296875 0.5317703125000001 0.577778125 0.53125 0.584721875 0.5322921875 0.5888890625000001