4 0.18046875 0.9984375 0.1799484375 0.984721875 0.1794265625 0.9666671875 0.18046875 0.959721875 0.1713546875 0.9550921875 0.16171875 0.95694375 0.1411453125 0.9638890625000001 0.11067656249999999 0.9523140625 0.09895781249999999 0.9523140625 0.08463593750000001 0.953240625 0.08125 0.9657406249999999 0.08125 0.9731484375000001 0.0856765625 0.983796875 0.0893234375 0.9865734375 0.09635468750000001 0.9884265624999999 0.1 0.9984375 0.1447921875 0.9984375
4 0.2299484375 0.9666671875 0.2348953125 0.9606484375000001 0.2377609375 0.959721875 0.2434890625 0.9583328124999999 0.2497390625 0.9555562500000001 0.2611984375 0.9384265624999999 0.2630203125 0.9351859375 0.2502609375 0.927778125 0.240625 0.9347218749999999 0.2388015625 0.9365734375000001 0.2325515625 0.9375 0.21953125 0.9509265625 0.21796875 0.9555562500000001 0.22109375 0.9620374999999999 0.221875 0.9634265624999999
4 0.2138015625 0.9375 0.21015625 0.9226859375 0.2130203125 0.9185187499999999 0.215625 0.9111109374999999 0.2122390625 0.9018515624999999 0.2052078125 0.9004625 0.2020828125 0.9092593750000001 0.2015625 0.908796875 0.1994796875 0.897221875 0.1994796875 0.878703125 0.1955734375 0.8620374999999999 0.1903640625 0.859259375 0.1825515625 0.8657406249999999 0.1770828125 0.8717593750000001 0.17421875 0.8861109375 0.17421875 0.8976859375 0.1755203125 0.9083328125 0.17890625 0.915278125 0.1763015625 0.915278125 0.1697921875 0.9185187499999999 0.1645828125 0.921296875 0.1643234375 0.921296875 0.1622390625 0.93148125 0.1651046875 0.9398140625 0.1721359375 0.9421296874999999 0.1927078125 0.9342593750000001 0.1947921875 0.933796875 0.2018234375 0.9388890625 0.2065109375 0.9402781250000001
4 0.2442703125 0.8629625000000001 0.2494796875 0.853240625 0.2520828125 0.8453703125 0.2546875 0.8365734375 0.2494796875 0.822221875 0.23125 0.8236109375 0.2276046875 0.8314812500000001 0.2244796875 0.8430562500000001 0.2231765625 0.8495375 0.2208328125 0.8495375 0.2184890625 0.8430562500000001 0.2153640625 0.8310187499999999 0.2106765625 0.8231484375000001 0.2088546875 0.8217593750000001 0.1963546875 0.8333328124999999 0.1958328125 0.8486109374999999 0.1953125 0.853703125 0.19609375 0.859721875 0.20546875 0.8824078125 0.221875 0.8819437499999999 0.2317703125 0.8726859375 0.23984375 0.8703703125000001
4 0.25546875 0.8773140625 0.2557296875 0.8875 0.2625 0.8930562500000001 0.2734375 0.8879625000000001 0.27421875 0.8888890625 0.27890625 0.8949078125 0.2841140625 0.8921296875 0.2893234375 0.88055625 0.29140625 0.8791671875 0.2950515625 0.8740734375000001 0.2966140625 0.871296875 0.2973953125 0.8675921875 0.2973953125 0.8578703125 0.29765625 0.8490734375000001 0.2984375 0.8421296875 0.2973953125 0.8333328124999999 0.2919265625 0.8217593750000001 0.2848953125 0.8217593750000001 0.2736984375 0.828703125 0.2684890625 0.841203125 0.265625 0.8458328125 0.2536453125 0.8583328124999999 0.2528640625 0.8648140625 0.2541671875 0.8708328125 0.2557296875 0.871296875
4 0.37421875 0.8018515624999999 0.3760421875 0.796296875 0.3768234375 0.7870375000000001 0.3768234375 0.7828703124999999 0.378125 0.7745375 0.3734375 0.76944375 0.3703125 0.7726859375 0.3658859375 0.777778125 0.3591140625 0.775 0.3567703125 0.775 0.3557296875 0.7773140625 0.35546875 0.7865734375 0.3565109375 0.7981484375 0.3580734375 0.8046296875 0.3614578125 0.8120375 0.3658859375 0.8120375 0.3674484375 0.8129625 0.371875 0.8143515625 0.3734375 0.8078703125000001
4 0.3315109375 0.80648125 0.3278640625 0.7925921875 0.3309890625 0.7888890625 0.3221359375 0.78148125 0.3096359375 0.7856484375 0.3044265625 0.7949078125 0.2955734375 0.7976859375 0.29375 0.8101859375 0.3015625 0.8231484375000001 0.3080734375 0.8273140625 0.31796875 0.8236109375 0.33203125 0.821296875 0.3359375 0.8166671875
4 0.278125 0.790740625 0.2971359375 0.7865734375 0.3130203125 0.7768515625 0.3127609375 0.7601859375 0.3072921875 0.7481484375 0.2940109375 0.7481484375 0.275 0.7495375 0.2638015625 0.7495375 0.2578125 0.7518515625 0.2502609375 0.759259375 0.2463546875 0.7699078125 0.2375 0.7754624999999999 0.2361984375 0.7898140625 0.2375 0.7981484375 0.23984375 0.80694375 0.2447921875 0.8152781250000001 0.26328125 0.8152781250000001 0.27578125 0.8111109375 0.2822921875 0.80601875
4 0.33046875 0.7606484375 0.34140625 0.7606484375 0.3479171875 0.7578703124999999 0.3513015625 0.753240625 0.3552078125 0.746296875 0.3565109375 0.7425921875 0.3619796875 0.740278125 0.3643234375 0.7384265625 0.37109375 0.7351859375 0.3744796875 0.7328703125 0.375 0.721296875 0.3846359375 0.7203703124999999 0.3885421875 0.71805625 0.39140625 0.716203125 0.3924484375 0.7115734375 0.3924484375 0.70694375 0.3890625 0.7018515625 0.3817703125 0.7018515625 0.3747390625 0.7050921875 0.36953125 0.7013890625 0.3640625 0.6990734375 0.3463546875 0.70555625 0.3458328125 0.70694375 0.340625 0.7236109374999999 0.325 0.7472218749999999 0.325 0.7546296875 0.3216140625 0.75601875 0.3231765625 0.7574078125
4 0.3776046875 0.7541671875 0.3822921875 0.7555562499999999 0.3921875 0.7513890625 0.3932296875 0.746296875 0.3971359375 0.7388890625 0.39921875 0.7342593749999999 0.3986984375 0.728703125 0.3986984375 0.7259265625 0.3953125 0.7240734375 0.3778640625 0.7384265625 0.37578125 0.7458328125 0.3763015625 0.7509265625 0.3763015625 0.7527781250000001
4 0.3731765625 0.6990734375 0.3763015625 0.7 0.3802078125 0.697221875 0.3809890625 0.6893515625 0.3794265625 0.6865734375 0.3768234375 0.6870375 0.3744796875 0.6884265625 0.3721359375 0.6949078125
4 0.39609375 0.6699078125 0.396875 0.6675921875 0.3997390625 0.6601859375 0.403125 0.6504624999999999 0.40390625 0.647221875 0.40208281250000005 0.6449078125 0.39453125 0.641203125 0.3981765625 0.63194375 0.3981765625 0.6273140625 0.3986984375 0.6259265625 0.40026093749999997 0.6240734375 0.4036453125 0.6240734375 0.40598906250000005 0.6259265625 0.40859375 0.6277781250000001 0.41432343749999995 0.6296296875 0.41770781250000005 0.628240625 0.41770781250000005 0.6222218749999999 0.41875 0.6203703125 0.41119843749999996 0.6134265625 0.41119843749999996 0.6078703125 0.41354218749999994 0.6050921875 0.41875 0.6046296875 0.42291718749999996 0.603703125 0.42473906250000004 0.6018515625 0.42786406250000003 0.5990734375 0.42916718749999994 0.5976859375 0.42786406250000003 0.59305625 0.42395781250000003 0.590278125 0.42083281250000004 0.5875 0.42135468749999994 0.583796875 0.4234375 0.5800921875 0.42395781250000003 0.5782406250000001 0.42526093749999994 0.5745375 0.42526093749999994 0.5726859375 0.4205734375 0.571759375 0.41432343749999995 0.5745375 0.41354218749999994 0.5763890625 0.4114578125 0.58055625 0.4088546875 0.5828703125 0.40390625 0.5870375 0.40182343749999994 0.5898140625 0.4010421875 0.5925921875 0.3997390625 0.5976859375 0.3919265625 0.60555625 0.3885421875 0.60555625 0.3846359375 0.6092593749999999 0.3838546875 0.6106484375 0.38203125 0.6143515625 0.3809890625 0.621759375 0.38046875 0.6273140625 0.38046875 0.6305562499999999 0.3763015625 0.6375 0.375 0.6449078125 0.375 0.6513890625000001 0.3739578125 0.6578703124999999 0.3739578125 0.665740625 0.3768234375 0.6648140625 0.3869796875 0.6708328125 0.3890625 0.6736109375 0.390625 0.675 0.3942703125 0.6759265625
4 0.3682296875 0.6351859375 0.3666671875 0.6351859375 0.3614578125 0.6351859375 0.35703125 0.641203125 0.3559890625 0.6486109375 0.3559890625 0.653703125 0.3572921875 0.6574078125 0.36171875 0.6578703124999999 0.3666671875 0.6606484375 0.36796875 0.6574078125 0.3705734375 0.6546296875000001 0.371875 0.6449078125
4 0.40390625 0.7 0.40598906250000005 0.7 0.41015625 0.6930562499999999 0.4125 0.6824078124999999 0.4166671875 0.677778125 0.4203125 0.6745375 0.421875 0.665740625 0.421875 0.65694375 0.42291718749999996 0.653703125 0.41979218749999997 0.6449078125 0.41380156250000005 0.6449078125 0.40833281250000003 0.6490734375 0.40651093749999995 0.6504624999999999 0.40208281250000005 0.65555625 0.4015625 0.666203125 0.4036453125 0.6763890625 0.40078125 0.6879625 0.40078125 0.6916671875 0.4015625 0.697221875
4 0.4231765625 0.634259375 0.4231765625 0.6384265625000001 0.4270828125 0.641203125 0.4322921875 0.6300921875000001 0.42942656250000005 0.6277781250000001 0.42578125 0.6268515625 0.42395781250000003 0.6305562499999999
4 0.4234375 0.60694375 0.42604218749999995 0.6134265625 0.43177031250000003 0.6175921875 0.43463593749999996 0.615740625 0.43802031250000006 0.6092593749999999 0.43697968749999994 0.5986109374999999 0.434375 0.6004625 0.43046875 0.6013890625 0.42890625 0.6018515625 0.4234375 0.6050921875
4 0.43333281250000005 0.5731484375 0.43541718749999997 0.5675921875000001 0.43567656250000003 0.5643515625 0.43723906250000005 0.5606484375 0.4390625 0.5606484375 0.44296875 0.5601859375 0.44479218749999994 0.5638890625 0.44505156250000005 0.565740625 0.44635468749999996 0.5666671875 0.4484375 0.5648140625 0.4505203125 0.5629625 0.4505203125 0.5578703125 0.4505203125 0.55648125 0.44817656250000004 0.5546296875000001 0.44609375 0.553240625 0.44453125 0.5513890625 0.44088593749999994 0.5476859375 0.4359375 0.5518515625 0.4348953125 0.5546296875000001 0.4296875 0.5601859375 0.42890625 0.5625 0.4283859375 0.566203125 0.4283859375 0.5699078125
4 0 0.7759265625 0.0026046875000000002 0.7773140625 0.0036453125 0.7740734375 0.0057296874999999995 0.7671296875 0.0044265625 0.7606484375 0.00234375 0.7523140625 0.0002609375 0.7495375 0 0.7736109375
4 0.0723953125 0.741203125 0.078125 0.7310187499999999 0.08072968750000001 0.7268515625 0.07265625 0.7074078125 0.0682296875 0.7041671875 0.06484375 0.7041671875 0.05859375 0.70694375 0.0515625 0.725 0.052864062499999996 0.7342593749999999 0.056770312499999996 0.7425921875
4 0.08359375 0.7106484375 0.0901046875 0.709721875 0.0984375 0.7074078125 0.10703125 0.7074078125 0.1130203125 0.7074078125 0.1169265625 0.7023140625 0.121875 0.7 0.11640625 0.6893515625 0.11067656249999999 0.6847218749999999 0.1088546875 0.6828703125 0.1078125 0.68055625 0.07890625 0.691203125 0.0786453125 0.6921296875 0.0760421875 0.6981484375 0.0744796875 0.7060187499999999 0.08046875 0.709259375
4 0.1369796875 0.6995375 0.1385421875 0.6916671875 0.1393234375 0.6879625 0.1421875 0.6847218749999999 0.1450515625 0.6833328125 0.1432296875 0.6754625 0.1416671875 0.6754625 0.13984375 0.6754625 0.1283859375 0.6847218749999999 0.1263015625 0.691203125 0.12578125 0.696296875 0.1270828125 0.7
4 0.1572921875 0.6893515625 0.1588546875 0.6851859375 0.1598953125 0.6819437500000001 0.159375 0.678240625 0.15390625 0.678240625 0.1497390625 0.6796296875000001 0.1505203125 0.6851859375
4 0.1734375 0.6708328125 0.18046875 0.6689812500000001 0.1807296875 0.6689812500000001 0.1815109375 0.666203125 0.1815109375 0.6615734375 0.1815109375 0.6546296875000001 0.1807296875 0.652778125 0.1674484375 0.658796875 0.1674484375 0.6601859375 0.1674484375 0.6629625 0.1684890625 0.666203125 0.1703125 0.6703703125
4 0.2138015625 0.6504624999999999 0.2161453125 0.64444375 0.2169265625 0.640278125 0.2174484375 0.6356484375 0.2169265625 0.6351859375 0.2057296875 0.6398140625 0.20546875 0.641203125 0.2046875 0.647221875 0.20703125 0.6504624999999999 0.2114578125 0.6513890625000001
4 0.2341140625 0.6356484375 0.2364578125 0.63194375 0.2369796875 0.6305562499999999 0.23671875 0.6259265625 0.2356765625 0.6259265625 0.2223953125 0.63194375 0.2213546875 0.6333328125000001 0.2200515625 0.6379625 0.2221359375 0.6398140625 0.2291671875 0.6416671875