4 0.5177078125000001 0.5129625 0.5177078125000001 0.509721875 0.5169265625 0.5050921875000001 0.51640625 0.5018515625 0.51328125 0.5018515625 0.5125 0.5046296875 0.5122390625000001 0.5078703124999999 0.5114578125 0.5106484375 0.51171875 0.5143515625 0.5119796875 0.5185187499999999 0.5177078125000001 0.5185187499999999 0.51796875 0.5166671875
4 0.35390625 0.9984375 0.36640625 0.9333328125 0.35078125 0.9185187499999999 0.3393234375 0.9379625 0.3200515625 0.9185187499999999 0.3216140625 0.9388890625 0.3065109375 0.9601859375 0.28828125 0.9731484375000001 0.2854171875 0.996296875 0.2921875 0.9984375
4 0.3057296875 0.9425921875000001 0.30390625 0.9268515624999999 0.2997390625 0.9078703125 0.2875 0.903703125 0.2776046875 0.9092593750000001 0.2830734375 0.9296296875 0.2833328125 0.9449078125 0.2856765625 0.9634265624999999 0.3002609375 0.959259375
4 0.3161453125 0.86851875 0.3130203125 0.853703125 0.29609375 0.8509265625 0.2872390625 0.853240625 0.2809890625 0.8606484375000001 0.2830734375 0.878703125 0.28984375 0.8953703125000001 0.3135421875 0.89444375 0.315625 0.88101875
4 0.3174484375 0.8578703125 0.334375 0.8717593750000001 0.3473953125 0.8703703125000001 0.36484375 0.8708328125 0.38828125 0.8578703125 0.4088546875 0.853240625 0.41510468749999996 0.8175921875000001 0.41223906250000003 0.7925921875 0.3994796875 0.7763890625000001 0.3825515625 0.7523140625 0.3723953125 0.7370375 0.3619796875 0.7555562499999999 0.33671875 0.7458328125 0.3244796875 0.7574078125 0.30703125 0.78194375 0.2901046875 0.802778125 0.2880203125 0.8111109375 0.2979171875 0.834259375 0.30546875 0.841203125
4 0.40416718749999997 0.696296875 0.40989531250000005 0.6879625 0.4088546875 0.68055625 0.40703125 0.6666671875 0.3989578125 0.6583328125000001 0.3924484375 0.6583328125000001 0.3875 0.6685187499999999 0.3830734375 0.68055625 0.3856765625 0.69351875 0.3901046875 0.703703125 0.40052031250000003 0.702778125
4 0.42552031250000005 0.75 0.41614531250000003 0.7472218749999999 0.41171875 0.7458328125 0.4049484375 0.7611109375 0.4127609375 0.7731484375 0.4265625 0.7638890625
4 0.46197968749999996 0.6601859375 0.46640625 0.6495375 0.4622390625 0.6398140625 0.45703125 0.6388890625 0.45104218749999997 0.647221875 0.4515625 0.6574078125 0.45390625 0.66944375
4 0.44296875 0.6449078125 0.45677031250000005 0.63194375 0.459375 0.6199078124999999 0.46640625 0.6129625 0.46640625 0.602778125 0.46067656250000005 0.596759375 0.44947968749999995 0.5875 0.44322968749999997 0.5916671874999999 0.44296875 0.6009265625 0.43177031250000003 0.6226859375 0.42213593749999995 0.6421296875 0.42083281250000004 0.6574078125 0.42578125 0.6699078125 0.43932343749999997 0.66944375
4 0.4934890625 0.5296296875000001 0.4934890625 0.5240734375 0.48385468749999994 0.522221875 0.47369843749999996 0.5259265625 0.47057343749999997 0.5379625 0.47317656250000006 0.5425921875 0.4856765625 0.5435187499999999 0.4921875 0.5370375000000001
4 0.45807343749999996 0.5925921875 0.47109375 0.58055625 0.47604218749999994 0.5648140625 0.4830734375 0.5578703125 0.48515625 0.5458328125 0.47447968749999997 0.5481484375 0.46484375 0.5615734375 0.45598906250000004 0.5768515625 0.45234375 0.5851859375