4 0.5361328125 0 0.53515625 0.005207812500000001 0.5322265625 0.00694375 0.53125 0.012153124999999999 0.529296875 0.015625 0.529296875 0.0260421875 0.5283203125 0.027778124999999997 0.5205078125 0.027778124999999997 0.517578125 0.0329859375 0.517578125 0.03993125 0.515625 0.043403125 0.515625 0.053818750000000005 0.5166015625 0.055556249999999995 0.5224609375 0.055556249999999995 0.5244140625 0.059028125 0.52734375 0.06076406250000001 0.52734375 0.07118125 0.529296875 0.074653125 0.529296875 0.08506875 0.53125 0.08854218750000001 0.53125 0.10590312500000001 0.5341796875 0.1111109375 0.5380859375 0.1111109375 0.541015625 0.11631875 0.541015625 0.11979218750000001 0.5380859375 0.125 0.5341796875 0.125 0.5283203125 0.1388890625 0.5146484375 0.1388890625 0.513671875 0.14409687499999999 0.51171875 0.14756875 0.51171875 0.1510421875 0.5068359375 0.15972187499999999 0.5048828125 0.15972187499999999 0.5029296875 0.16319375 0.4990234375 0.16319375 0.4970703125 0.1666671875 0.4853515625 0.1666671875 0.484375 0.16840312500000001 0.484375 0.17534687499999999 0.4755859375 0.19097187499999999 0.4638671875 0.19097187499999999 0.4619140625 0.19444375 0.4462890625 0.19444375 0.443359375 0.19965312500000001 0.443359375 0.203125 0.44140625 0.206596875 0.44140625 0.21701406250000002 0.439453125 0.22048593749999998 0.439453125 0.237846875 0.44140625 0.24131874999999997 0.44140625 0.24826406250000002 0.4453125 0.2552078125 0.4453125 0.269096875 0.4482421875 0.27430625000000003 0.4541015625 0.27430625000000003 0.4560546875 0.2708328125 0.4580078125 0.2708328125 0.458984375 0.265625 0.45703125 0.262153125 0.4599609375 0.25694374999999997 0.4658203125 0.253471875 0.46875 0.25868125000000003 0.46875 0.269096875 0.4736328125 0.277778125 0.4951171875 0.277778125 0.4970703125 0.28125 0.4990234375 0.28125 0.5009765625 0.277778125 0.5029296875 0.28125 0.5126953125 0.28125 0.513671875 0.2829859375 0.513671875 0.293403125 0.509765625 0.296875 0.513671875 0.300346875 0.5107421875 0.3020828125 0.505859375 0.3107640625 0.5078125 0.3142359375 0.5078125 0.32118125000000003 0.509765625 0.324653125 0.509765625 0.328125 0.5126953125 0.3298609375 0.515625 0.33506874999999997 0.515625 0.3385421875 0.5185546875 0.34375 0.5205078125 0.34375 0.5224609375 0.347221875 0.5302734375 0.347221875 0.5322265625 0.35069374999999997 0.5400390625 0.35069374999999997 0.5419921875 0.3541671875 0.5458984375 0.3541671875 0.546875 0.355903125 0.5458984375 0.3576390625 0.5419921875 0.3576390625 0.5400390625 0.3611109375 0.5322265625 0.3611109375 0.5263671875 0.36805625000000003 0.5224609375 0.36805625000000003 0.5205078125 0.371528125 0.5166015625 0.371528125 0.513671875 0.3767359375 0.513671875 0.38368125000000003 0.5126953125 0.3854171875 0.5087890625 0.3854171875 0.5068359375 0.3888890625 0.50390625 0.390625 0.50390625 0.4045140625 0.5078125 0.4114578125 0.5078125 0.41493125 0.505859375 0.41840312500000004 0.505859375 0.421875 0.5078125 0.42534687499999996 0.5078125 0.46006875 0.505859375 0.4635421875 0.5078125 0.4670140625 0.5048828125 0.47222187499999996 0.4990234375 0.47222187499999996 0.498046875 0.4704859375 0.498046875 0.453125 0.5 0.44965312500000004 0.4970703125 0.44444375 0.4951171875 0.44444375 0.4931640625 0.44097187499999996 0.4892578125 0.44097187499999996 0.4873046875 0.44444375 0.484375 0.44618125 0.484375 0.4635421875 0.482421875 0.4670140625 0.482421875 0.4704859375 0.478515625 0.47743125 0.48046875 0.48090312500000004 0.478515625 0.49131875 0.48046875 0.4947921875 0.48046875 0.5017359375 0.482421875 0.5052078125 0.482421875 0.5295140625 0.484375 0.5329859375 0.484375 0.53993125 0.4873046875 0.5416671875 0.4931640625 0.534721875 0.4970703125 0.534721875 0.5009765625 0.527778125 0.5126953125 0.527778125 0.5146484375 0.53125 0.5205078125 0.53125 0.5224609375 0.534721875 0.5302734375 0.534721875 0.5361328125 0.5416671875 0.5380859375 0.5416671875 0.5439453125 0.534721875 0.5478515625 0.534721875 0.5517578125 0.5416671875 0.5595703125 0.5416671875 0.560546875 0.546875 0.5654296875 0.55555625 0.5830078125 0.55555625 0.583984375 0.55381875 0.5927734375 0.5486109375 0.59375 0.543403125 0.5966796875 0.53819375 0.599609375 0.5364578125 0.599609375 0.5329859375 0.603515625 0.5260421875 0.603515625 0.52256875 0.60546875 0.519096875 0.60546875 0.5017359375 0.603515625 0.4982640625 0.603515625 0.49131875 0.6015625 0.48784687499999996 0.6015625 0.4739578125 0.59765625 0.4670140625 0.59375 0.44618125 0.5927734375 0.44444375 0.5888671875 0.44444375 0.5869140625 0.44097187499999996 0.5791015625 0.44097187499999996 0.578125 0.4392359375 0.578125 0.42534687499999996 0.5791015625 0.4236109375 0.5830078125 0.4236109375 0.5849609375 0.4201390625 0.5888671875 0.4201390625 0.5908203125 0.4166671875 0.59375 0.41493125 0.59375 0.390625 0.587890625 0.3802078125 0.587890625 0.3767359375 0.583984375 0.3697921875 0.5830078125 0.3645828125 0.5810546875 0.3645828125 0.5751953125 0.3576390625 0.5712890625 0.3576390625 0.5693359375 0.3611109375 0.5595703125 0.3611109375 0.5576171875 0.3576390625 0.5546875 0.355903125 0.5556640625 0.3541671875 0.5771484375 0.3541671875 0.5810546875 0.347221875 0.5830078125 0.347221875 0.587890625 0.3385421875 0.587890625 0.33506874999999997 0.58984375 0.331596875 0.58984375 0.3142359375 0.591796875 0.3107640625 0.591796875 0.3072921875 0.5888671875 0.30555625000000003 0.5869140625 0.3020828125 0.5810546875 0.3020828125 0.580078125 0.300346875 0.58203125 0.296875 0.580078125 0.293403125 0.580078125 0.28993125000000003 0.576171875 0.2829859375 0.5791015625 0.28125 0.5810546875 0.277778125 0.5966796875 0.277778125 0.5986328125 0.27430625000000003 0.6005859375 0.27430625000000003 0.6044921875 0.2673609375 0.6083984375 0.2673609375 0.6142578125 0.27430625000000003 0.6201171875 0.27430625000000003 0.623046875 0.269096875 0.623046875 0.265625 0.625 0.262153125 0.625 0.2552078125 0.626953125 0.2517359375 0.626953125 0.24131874999999997 0.62890625 0.237846875 0.62890625 0.22743125000000003 0.634765625 0.21701406250000002 0.634765625 0.19965312500000001 0.626953125 0.1892359375 0.626953125 0.1822921875 0.625 0.17881875 0.625 0.17534687499999999 0.6201171875 0.1666671875 0.6142578125 0.16319375 0.61328125 0.1579859375 0.6103515625 0.15277812500000001 0.6064453125 0.15277812500000001 0.6044921875 0.14930625 0.6005859375 0.14930625 0.5888671875 0.1354171875 0.5751953125 0.1354171875 0.5703125 0.1267359375 0.5703125 0.1232640625 0.568359375 0.11979218750000001 0.568359375 0.11284687499999999 0.5703125 0.109375 0.5703125 0.074653125 0.572265625 0.07118125 0.572265625 0.053818750000000005 0.5703125 0.050346875 0.5703125 0.0295140625 0.568359375 0.0260421875 0.568359375 0.012153124999999999 0.56640625 0.00868125 0.56640625 0.0017359375 0.5654296875 0 0.5361328125 0
4 0.5908203125 0.534721875 0.5966796875 0.534721875 0.5986328125 0.53125 0.6005859375 0.53125 0.603515625 0.5260421875 0.603515625 0.4947921875 0.599609375 0.484375 0.599609375 0.4739578125 0.59765625 0.4704859375 0.59765625 0.46006875 0.595703125 0.45659687499999996 0.595703125 0.453125 0.5888671875 0.44097187499999996 0.5869140625 0.44097187499999996 0.5830078125 0.43402812500000004 0.5771484375 0.43402812500000004 0.5751953125 0.43055625 0.5673828125 0.43055625 0.5654296875 0.43402812500000004 0.5537109375 0.43402812500000004 0.5517578125 0.4375 0.5478515625 0.4375 0.5458984375 0.44097187499999996 0.5439453125 0.44097187499999996 0.5380859375 0.4513890625 0.5302734375 0.4513890625 0.52734375 0.45659687499999996 0.5263671875 0.46180625 0.5224609375 0.46180625 0.515625 0.4739578125 0.515625 0.47743125 0.517578125 0.48090312500000004 0.517578125 0.49131875 0.51953125 0.4947921875 0.51953125 0.4982640625 0.5244140625 0.50694375 0.533203125 0.512153125 0.533203125 0.5295140625 0.5361328125 0.534721875 0.5400390625 0.534721875 0.5419921875 0.53125 0.5498046875 0.53125 0.5517578125 0.534721875 0.5615234375 0.534721875 0.564453125 0.53993125 0.564453125 0.546875 0.5673828125 0.5520828125 0.5712890625 0.5520828125 0.5732421875 0.55555625 0.57421875 0.55381875 0.5771484375 0.5520828125 0.5791015625 0.5486109375 0.5830078125 0.5486109375 0.5908203125 0.534721875
4 0.4296875 0.4079859375 0.4296875 0.3697921875 0.431640625 0.36631874999999997 0.431640625 0.355903125 0.4287109375 0.35069374999999997 0.4267578125 0.35069374999999997 0.4248046875 0.347221875 0.4208984375 0.347221875 0.41796875 0.35243125000000003 0.41796875 0.355903125 0.4140625 0.362846875 0.4140625 0.3767359375 0.412109375 0.3802078125 0.412109375 0.387153125 0.4140625 0.390625 0.4140625 0.39756874999999997 0.41796875 0.4045140625 0.41796875 0.4079859375 0.421875 0.41493125 0.421875 0.41840312500000004 0.4248046875 0.4236109375 0.427734375 0.421875 0.4296875 0.41840312500000004 0.427734375 0.41493125 0.427734375 0.4114578125 0.4296875 0.4079859375
4 0.478515625 0.390625 0.48046875 0.387153125 0.48046875 0.3802078125 0.478515625 0.3767359375 0.478515625 0.3697921875 0.4765625 0.36631874999999997 0.4755859375 0.3611109375 0.4619140625 0.3611109375 0.4599609375 0.3645828125 0.4580078125 0.3645828125 0.451171875 0.3767359375 0.451171875 0.387153125 0.4541015625 0.3888890625 0.458984375 0.39756874999999997 0.458984375 0.4045140625 0.4619140625 0.40625 0.46875 0.41840312500000004 0.46875 0.42534687499999996 0.4716796875 0.43055625 0.474609375 0.42881875 0.4765625 0.42534687499999996 0.4765625 0.4079859375 0.478515625 0.4045140625 0.478515625 0.390625
4 0.423828125 0.8420140625 0.423828125 0.8350687499999999 0.421875 0.831596875 0.421875 0.8072921875000001 0.419921875 0.8038187499999999 0.419921875 0.800346875 0.4169921875 0.7986109375 0.4140625 0.793403125 0.4140625 0.7829859375 0.4111328125 0.777778125 0.408203125 0.7829859375 0.408203125 0.800346875 0.404296875 0.8107640625 0.404296875 0.8454859375 0.40625 0.8489578124999999 0.40625 0.855903125 0.408203125 0.859375 0.408203125 0.8697921875000001 0.41015625 0.8732640625 0.41015625 0.8767359375 0.4140625 0.8836812500000001 0.4140625 0.887153125 0.4169921875 0.8923609375 0.419921875 0.890625 0.419921875 0.887153125 0.421875 0.8836812500000001 0.421875 0.8454859375 0.423828125 0.8420140625
4 0.48828125 0.140625 0.486328125 0.13715312500000001 0.486328125 0.11631875 0.484375 0.11284687499999999 0.484375 0.10590312500000001 0.486328125 0.10243125 0.486328125 0.09201406250000001 0.490234375 0.08506875 0.490234375 0.074653125 0.4921875 0.07118125 0.4921875 0.06076406250000001 0.4951171875 0.055556249999999995 0.4990234375 0.055556249999999995 0.501953125 0.050346875 0.501953125 0.015625 0.5 0.012153124999999999 0.5 0.00868125 0.4970703125 0.00694375 0.4951171875 0.003471875 0.4892578125 0.003471875 0.482421875 0.015625 0.482421875 0.022568750000000002 0.4794921875 0.027778124999999997 0.4775390625 0.027778124999999997 0.474609375 0.0329859375 0.474609375 0.0364578125 0.47265625 0.03993125 0.47265625 0.053818750000000005 0.4765625 0.06076406250000001 0.4765625 0.06423593749999999 0.47265625 0.07118125 0.47265625 0.078125 0.46875 0.08854218750000001 0.46875 0.10590312500000001 0.4697265625 0.1076390625 0.4736328125 0.1076390625 0.4755859375 0.1111109375 0.4794921875 0.1111109375 0.48046875 0.11284687499999999 0.48046875 0.11979218750000001 0.4775390625 0.125 0.474609375 0.1267359375 0.474609375 0.13368125 0.4716796875 0.1388890625 0.4658203125 0.1354171875 0.46484375 0.13368125 0.466796875 0.1302078125 0.466796875 0.1267359375 0.4638671875 0.125 0.4609375 0.1302078125 0.462890625 0.13368125 0.4599609375 0.1388890625 0.4560546875 0.1388890625 0.453125 0.14409687499999999 0.455078125 0.14756875 0.455078125 0.1579859375 0.4560546875 0.15972187499999999 0.4697265625 0.15972187499999999 0.4716796875 0.16319375 0.4755859375 0.16319375 0.4775390625 0.1666671875 0.48046875 0.16493125 0.4833984375 0.16319375 0.484375 0.1579859375 0.48828125 0.1510421875 0.48828125 0.140625
4 0.451171875 0.796875 0.451171875 0.7829859375 0.447265625 0.7760421875 0.447265625 0.75868125 0.44921875 0.7552078125 0.44921875 0.7517359375 0.451171875 0.7482640625 0.451171875 0.74131875 0.453125 0.737846875 0.453125 0.706596875 0.451171875 0.703125 0.451171875 0.69618125 0.44921875 0.6927078125 0.451171875 0.6822921875 0.44921875 0.67881875 0.44921875 0.671875 0.4462890625 0.6666671875 0.4404296875 0.6666671875 0.439453125 0.66493125 0.439453125 0.644096875 0.4365234375 0.6388890625 0.4287109375 0.6388890625 0.427734375 0.640625 0.427734375 0.6510421875 0.42578125 0.6545140625 0.42578125 0.66493125 0.421875 0.671875 0.421875 0.6822921875 0.419921875 0.6857640625 0.419921875 0.703125 0.41796875 0.706596875 0.41796875 0.72743125 0.421875 0.737846875 0.421875 0.7447921875 0.4248046875 0.75 0.4306640625 0.75 0.43359375 0.7552078125 0.43359375 0.765625 0.439453125 0.7760421875 0.439453125 0.7795140625 0.443359375 0.7864578125 0.443359375 0.8107640625 0.4462890625 0.815971875 0.44921875 0.8142359375 0.451171875 0.8107640625 0.451171875 0.8072921875000001 0.447265625 0.800346875 0.451171875 0.796875
4 0.44921875 0.737846875 0.447265625 0.734375 0.447265625 0.72743125 0.451171875 0.7204859375 0.451171875 0.699653125 0.4482421875 0.69444375 0.4404296875 0.69444375 0.4375 0.699653125 0.4375 0.7204859375 0.439453125 0.7239578125 0.439453125 0.74131875 0.4375 0.7447921875 0.4404296875 0.75 0.44140625 0.7482640625 0.4423828125 0.746528125 0.4462890625 0.746528125 0.44921875 0.74131875 0.44921875 0.737846875
4 0.51171875 0.734375 0.51171875 0.7170140625 0.515625 0.706596875 0.515625 0.699653125 0.5126953125 0.69444375 0.5107421875 0.69444375 0.5068359375 0.6875 0.5048828125 0.6875 0.5009765625 0.68055625 0.4990234375 0.68055625 0.498046875 0.6822921875 0.498046875 0.69618125 0.5 0.699653125 0.5 0.7135421875 0.498046875 0.7170140625 0.498046875 0.72743125 0.49609375 0.730903125 0.49609375 0.734375 0.498046875 0.737846875 0.498046875 0.7482640625 0.5029296875 0.75694375 0.50390625 0.7552078125 0.5068359375 0.753471875 0.509765625 0.7482640625 0.509765625 0.737846875 0.51171875 0.734375
4 0.390625 0.9427078124999999 0.390625 0.9322921875000001 0.3876953125 0.9270828124999999 0.3798828125 0.9270828124999999 0.37890625 0.9288187499999999 0.37890625 0.956596875 0.376953125 0.9600687499999999 0.376953125 0.9704859375 0.375 0.9739578124999999 0.375 0.987846875 0.376953125 0.9913187499999999 0.3779296875 0.996528125 0.3896484375 0.996528125 0.390625 0.9947921875000001 0.390625 0.987846875 0.392578125 0.984375 0.392578125 0.9461812500000001 0.390625 0.9427078124999999
4 0.53125 0.862846875 0.5390625 0.8489578124999999 0.537109375 0.8454859375 0.537109375 0.8420140625 0.5390625 0.8385421875000001 0.53515625 0.831596875 0.53515625 0.824653125 0.533203125 0.8211812500000001 0.533203125 0.8107640625 0.5390625 0.800346875 0.5390625 0.78993125 0.54296875 0.7829859375 0.5400390625 0.777778125 0.5322265625 0.777778125 0.5302734375 0.77430625 0.5283203125 0.77430625 0.525390625 0.7795140625 0.525390625 0.7864578125 0.51953125 0.796875 0.51953125 0.8072921875000001 0.517578125 0.8107640625 0.517578125 0.8211812500000001 0.515625 0.824653125 0.515625 0.8454859375 0.513671875 0.8489578124999999 0.513671875 0.859375 0.515625 0.862846875 0.515625 0.8767359375 0.5205078125 0.8854171875000001 0.5244140625 0.8854171875000001 0.525390625 0.8836812500000001 0.529296875 0.8767359375 0.529296875 0.8697921875000001 0.53125 0.8663187499999999 0.53125 0.862846875
4 0.578125 0.8732640625 0.580078125 0.8697921875000001 0.5810546875 0.8645828124999999 0.5927734375 0.8645828124999999 0.5966796875 0.8576390625 0.6064453125 0.8576390625 0.609375 0.8524312500000001 0.609375 0.824653125 0.611328125 0.8211812500000001 0.611328125 0.8142359375 0.61328125 0.8107640625 0.61328125 0.8038187499999999 0.611328125 0.800346875 0.611328125 0.78993125 0.6083984375 0.784721875 0.6064453125 0.784721875 0.6025390625 0.777778125 0.5908203125 0.777778125 0.5888671875 0.77430625 0.5859375 0.77256875 0.5859375 0.762153125 0.583984375 0.75868125 0.583984375 0.7552078125 0.580078125 0.7447921875 0.580078125 0.730903125 0.578125 0.72743125 0.578125 0.7239578125 0.5751953125 0.71875 0.5693359375 0.71875 0.5673828125 0.722221875 0.5615234375 0.722221875 0.560546875 0.7204859375 0.560546875 0.6927078125 0.5576171875 0.6875 0.5546875 0.6927078125 0.5546875 0.69618125 0.552734375 0.699653125 0.552734375 0.703125 0.5546875 0.706596875 0.5546875 0.7204859375 0.552734375 0.7239578125 0.552734375 0.737846875 0.55078125 0.74131875 0.55078125 0.7447921875 0.552734375 0.7482640625 0.552734375 0.7552078125 0.548828125 0.762153125 0.548828125 0.77256875 0.544921875 0.7829859375 0.546875 0.7864578125 0.546875 0.831596875 0.544921875 0.8350687499999999 0.544921875 0.8385421875000001 0.546875 0.8420140625 0.546875 0.8489578124999999 0.5546875 0.862846875 0.5546875 0.8663187499999999 0.55859375 0.8732640625 0.55859375 0.8802078124999999 0.560546875 0.8836812500000001 0.560546875 0.894096875 0.5634765625 0.8993062500000001 0.5654296875 0.8993062500000001 0.5673828125 0.902778125 0.568359375 0.9010421875000001 0.572265625 0.894096875 0.57421875 0.8836812500000001 0.578125 0.8767359375 0.578125 0.8732640625