4 0.5419921875 0 0.5361328125 0.00694375 0.5322265625 0.00694375 0.529296875 0.012153124999999999 0.529296875 0.015625 0.52734375 0.019096875 0.52734375 0.0260421875 0.529296875 0.0295140625 0.529296875 0.0364578125 0.53125 0.03993125 0.533203125 0.050346875 0.537109375 0.0572921875 0.537109375 0.06770781249999999 0.5390625 0.07118125 0.5390625 0.081596875 0.5361328125 0.08680625 0.5341796875 0.08680625 0.5322265625 0.090278125 0.5283203125 0.090278125 0.5263671875 0.09375 0.5185546875 0.09375 0.513671875 0.10243125 0.513671875 0.10590312500000001 0.5107421875 0.1076390625 0.5087890625 0.1111109375 0.5029296875 0.1111109375 0.5009765625 0.11458281249999999 0.4970703125 0.11458281249999999 0.4951171875 0.11805625 0.4892578125 0.11805625 0.484375 0.1267359375 0.484375 0.13368125 0.4814453125 0.1388890625 0.4716796875 0.1388890625 0.4697265625 0.1423609375 0.4619140625 0.1423609375 0.455078125 0.1545140625 0.455078125 0.1579859375 0.453125 0.1614578125 0.453125 0.1892359375 0.45703125 0.19965312500000001 0.45703125 0.21006874999999997 0.4619140625 0.21875 0.4697265625 0.21875 0.4716796875 0.222221875 0.4755859375 0.222221875 0.4765625 0.21701406250000002 0.4755859375 0.215278125 0.4716796875 0.215278125 0.46875 0.21006874999999997 0.46875 0.19965312500000001 0.4697265625 0.1979171875 0.4775390625 0.1979171875 0.4853515625 0.21180625000000003 0.4990234375 0.21180625000000003 0.5029296875 0.21875 0.5048828125 0.21875 0.5068359375 0.222221875 0.5107421875 0.222221875 0.51171875 0.2239578125 0.51171875 0.24131874999999997 0.513671875 0.2447921875 0.513671875 0.2517359375 0.515625 0.2552078125 0.515625 0.269096875 0.5166015625 0.2708328125 0.5205078125 0.2708328125 0.5224609375 0.2673609375 0.5244140625 0.2708328125 0.5283203125 0.2708328125 0.529296875 0.27256874999999997 0.5283203125 0.277778125 0.5146484375 0.277778125 0.513671875 0.2795140625 0.513671875 0.3072921875 0.51171875 0.3107640625 0.51171875 0.331596875 0.513671875 0.33506874999999997 0.513671875 0.359375 0.5126953125 0.3611109375 0.5029296875 0.3611109375 0.5 0.355903125 0.5 0.3454859375 0.4990234375 0.34375 0.49609375 0.3489578125 0.49609375 0.355903125 0.48828125 0.36631874999999997 0.48828125 0.3767359375 0.486328125 0.3802078125 0.486328125 0.38368125000000003 0.4892578125 0.3888890625 0.4951171875 0.3888890625 0.4970703125 0.3854171875 0.5029296875 0.3923609375 0.5146484375 0.3923609375 0.515625 0.394096875 0.515625 0.4045140625 0.517578125 0.4079859375 0.517578125 0.4114578125 0.5205078125 0.41319375 0.5224609375 0.4166671875 0.5322265625 0.4166671875 0.5341796875 0.4201390625 0.5419921875 0.4201390625 0.5439453125 0.4166671875 0.5458984375 0.4166671875 0.5478515625 0.4201390625 0.5595703125 0.4201390625 0.5654296875 0.43055625 0.5751953125 0.43055625 0.576171875 0.42881875 0.5771484375 0.4270828125 0.5810546875 0.4270828125 0.5869140625 0.4201390625 0.5908203125 0.4201390625 0.595703125 0.4114578125 0.595703125 0.4045140625 0.59765625 0.4010421875 0.59765625 0.3802078125 0.595703125 0.3767359375 0.595703125 0.362846875 0.59375 0.359375 0.591796875 0.3489578125 0.5859375 0.3385421875 0.5859375 0.331596875 0.5888671875 0.3263890625 0.5908203125 0.3263890625 0.591796875 0.32118125000000003 0.59375 0.3177078125 0.59375 0.30381874999999997 0.5908203125 0.2986109375 0.5888671875 0.2986109375 0.583984375 0.28993125000000003 0.583984375 0.2864578125 0.578125 0.2760421875 0.578125 0.269096875 0.583984375 0.25868125000000003 0.583984375 0.2552078125 0.5859375 0.2517359375 0.5859375 0.22743125000000003 0.5830078125 0.222221875 0.5810546875 0.222221875 0.580078125 0.21701406250000002 0.5830078125 0.21180625000000003 0.5927734375 0.21180625000000003 0.5966796875 0.20486093749999998 0.6103515625 0.20486093749999998 0.6123046875 0.20138906250000002 0.6142578125 0.20138906250000002 0.62109375 0.1892359375 0.62109375 0.1822921875 0.623046875 0.17881875 0.623046875 0.16840312500000001 0.625 0.16493125 0.625 0.13368125 0.6142578125 0.11458281249999999 0.6123046875 0.11458281249999999 0.6064453125 0.10416718750000001 0.6025390625 0.10416718750000001 0.6005859375 0.10069375 0.5966796875 0.10069375 0.5947265625 0.097221875 0.5888671875 0.09375 0.5849609375 0.08680625 0.5693359375 0.08680625 0.568359375 0.081596875 0.56640625 0.078125 0.56640625 0.074653125 0.568359375 0.07118125 0.568359375 0.046875 0.5703125 0.043403125 0.5703125 0.0364578125 0.572265625 0.0329859375 0.572265625 0.0260421875 0.568359375 0.019096875 0.568359375 0.015625 0.5615234375 0.003471875 0.5595703125 0.003471875 0.5576171875 0 0.5419921875 0
4 0.5947265625 0.20486093749999998 0.6005859375 0.19444375 0.6025390625 0.19444375 0.6044921875 0.19097187499999999 0.6103515625 0.19097187499999999 0.615234375 0.1822921875 0.615234375 0.1579859375 0.619140625 0.1510421875 0.619140625 0.14756875 0.62109375 0.14409687499999999 0.62109375 0.13368125 0.619140625 0.1302078125 0.619140625 0.1267359375 0.6123046875 0.11458281249999999 0.6103515625 0.11458281249999999 0.6044921875 0.10416718750000001 0.5986328125 0.10416718750000001 0.5966796875 0.10069375 0.5927734375 0.10069375 0.5908203125 0.097221875 0.5888671875 0.097221875 0.5849609375 0.090278125 0.5673828125 0.090278125 0.5615234375 0.08333281249999999 0.5439453125 0.08333281249999999 0.5419921875 0.08680625 0.5380859375 0.08680625 0.5361328125 0.090278125 0.5322265625 0.090278125 0.5263671875 0.097221875 0.5185546875 0.097221875 0.5126953125 0.1111109375 0.5009765625 0.11805625 0.4951171875 0.12847187499999999 0.4931640625 0.12847187499999999 0.4873046875 0.1354171875 0.4833984375 0.1354171875 0.4775390625 0.1423609375 0.4716796875 0.1423609375 0.4697265625 0.1458328125 0.4638671875 0.1458328125 0.4619140625 0.14930625 0.4599609375 0.14930625 0.45703125 0.1545140625 0.45703125 0.1579859375 0.455078125 0.1614578125 0.455078125 0.1822921875 0.45703125 0.1857640625 0.4580078125 0.19097187499999999 0.4794921875 0.19097187499999999 0.48046875 0.19618125 0.4833984375 0.20138906250000002 0.4853515625 0.1979171875 0.4873046875 0.1979171875 0.4912109375 0.20486093749999998 0.5009765625 0.20486093749999998 0.5029296875 0.2083328125 0.5068359375 0.2083328125 0.5087890625 0.21180625000000003 0.5302734375 0.21180625000000003 0.5322265625 0.2083328125 0.5361328125 0.2083328125 0.5400390625 0.20138906250000002 0.5537109375 0.20138906250000002 0.5556640625 0.20486093749999998 0.5576171875 0.20486093749999998 0.5634765625 0.21180625000000003 0.5732421875 0.21180625000000003 0.57421875 0.21006874999999997 0.5751953125 0.2083328125 0.5810546875 0.2083328125 0.5830078125 0.20486093749999998 0.5947265625 0.20486093749999998
4 0.4423828125 0.2673609375 0.4404296875 0.2673609375 0.435546875 0.25868125000000003 0.4345703125 0.253471875 0.431640625 0.25868125000000003 0.431640625 0.262153125 0.427734375 0.27256874999999997 0.427734375 0.2829859375 0.42578125 0.2864578125 0.42578125 0.30381874999999997 0.4287109375 0.30555625000000003 0.4306640625 0.309028125 0.4384765625 0.309028125 0.439453125 0.3072921875 0.44140625 0.30381874999999997 0.44140625 0.2795140625 0.4453125 0.27256874999999997 0.4423828125 0.2673609375
4 0.484375 0.2760421875 0.4833984375 0.27430625000000003 0.4775390625 0.27430625000000003 0.4755859375 0.277778125 0.4697265625 0.277778125 0.4677734375 0.28125 0.4619140625 0.28125 0.458984375 0.2864578125 0.458984375 0.293403125 0.4609375 0.296875 0.4619140625 0.3020828125 0.4638671875 0.3020828125 0.4658203125 0.30555625000000003 0.4736328125 0.30555625000000003 0.4755859375 0.309028125 0.4814453125 0.309028125 0.482421875 0.3072921875 0.486328125 0.300346875 0.486328125 0.2864578125 0.484375 0.2829859375 0.484375 0.2760421875
4 0.5478515625 0.9756937499999999 0.546875 0.9704859375 0.544921875 0.9670140625 0.544921875 0.9635421875000001 0.5419921875 0.9583328124999999 0.5400390625 0.9583328124999999 0.5361328125 0.9513890625 0.5302734375 0.9513890625 0.52734375 0.956596875 0.52734375 0.980903125 0.525390625 0.984375 0.525390625 0.9913187499999999 0.5283203125 0.996528125 0.5400390625 0.996528125 0.5439453125 0.9895828124999999 0.5458984375 0.9895828124999999 0.5498046875 0.996528125 0.5556640625 0.996528125 0.556640625 0.9947921875000001 0.55859375 0.9913187499999999 0.55859375 0.987846875 0.5517578125 0.9756937499999999 0.5478515625 0.9756937499999999
4 0.580078125 0.48090312500000004 0.580078125 0.47743125 0.5771484375 0.47222187499999996 0.5751953125 0.47222187499999996 0.57421875 0.4670140625 0.5712890625 0.46180625 0.5673828125 0.46875 0.5634765625 0.46875 0.5615234375 0.47222187499999996 0.5595703125 0.47222187499999996 0.5576171875 0.46875 0.5498046875 0.46875 0.5478515625 0.47222187499999996 0.5458984375 0.47222187499999996 0.54296875 0.47743125 0.54296875 0.4947921875 0.5458984375 0.49652812500000004 0.5498046875 0.503471875 0.5537109375 0.503471875 0.5595703125 0.49652812500000004 0.5654296875 0.49652812500000004 0.5673828125 0.5 0.5693359375 0.5 0.5732421875 0.50694375 0.57421875 0.5052078125 0.578125 0.4982640625 0.578125 0.4947921875 0.58203125 0.484375 0.580078125 0.48090312500000004
4 0.44140625 0.612846875 0.439453125 0.609375 0.439453125 0.5954859375 0.4375 0.5920140625 0.4375 0.578125 0.4345703125 0.5763890625 0.431640625 0.581596875 0.431640625 0.58506875 0.4296875 0.5885421875 0.4296875 0.5954859375 0.427734375 0.5989578125 0.427734375 0.61631875 0.42578125 0.6197921875 0.42578125 0.6510421875 0.427734375 0.6545140625 0.427734375 0.6614578125 0.4306640625 0.6666671875 0.4326171875 0.6666671875 0.4345703125 0.6701390625 0.4404296875 0.6701390625 0.44140625 0.668403125 0.443359375 0.66493125 0.443359375 0.6232640625 0.44140625 0.6197921875 0.44140625 0.612846875
4 0.4091796875 0.9791671875000001 0.40625 0.9739578124999999 0.40625 0.9704859375 0.404296875 0.9670140625 0.404296875 0.956596875 0.4033203125 0.9548609375 0.4013671875 0.9583328124999999 0.3974609375 0.9583328124999999 0.3955078125 0.9618062500000001 0.3916015625 0.9618062500000001 0.3896484375 0.9583328124999999 0.3876953125 0.9583328124999999 0.38671875 0.953125 0.3837890625 0.9479171875000001 0.3818359375 0.9479171875000001 0.3798828125 0.9444437499999999 0.3759765625 0.9444437499999999 0.3740234375 0.9479171875000001 0.3701171875 0.9479171875000001 0.3671875 0.953125 0.3671875 0.9600687499999999 0.365234375 0.9635421875000001 0.365234375 0.9704859375 0.3671875 0.9739578124999999 0.3671875 0.9774312500000001 0.3701171875 0.9826390625 0.3740234375 0.9826390625 0.3798828125 0.996528125 0.4169921875 0.996528125 0.41796875 0.9947921875000001 0.41796875 0.984375 0.4130859375 0.9756937499999999 0.4111328125 0.9756937499999999 0.4091796875 0.9791671875000001
4 0.5830078125 0.840278125 0.5859375 0.8350687499999999 0.5859375 0.831596875 0.587890625 0.828125 0.587890625 0.8177078124999999 0.58984375 0.8142359375 0.58984375 0.796875 0.59375 0.7864578125 0.59375 0.75868125 0.5908203125 0.753471875 0.5810546875 0.753471875 0.580078125 0.75868125 0.578125 0.762153125 0.578125 0.7760421875 0.5771484375 0.777778125 0.5615234375 0.777778125 0.560546875 0.7795140625 0.560546875 0.824653125 0.5625 0.828125 0.5625 0.855903125 0.5654296875 0.8611109375 0.5732421875 0.8611109375 0.57421875 0.859375 0.578125 0.8524312500000001 0.578125 0.8454859375 0.5810546875 0.840278125 0.5830078125 0.840278125
4 0.533203125 0.862846875 0.533203125 0.8350687499999999 0.529296875 0.828125 0.529296875 0.8177078124999999 0.53125 0.8142359375 0.53125 0.8072921875000001 0.5302734375 0.8055562500000001 0.5244140625 0.8055562500000001 0.5224609375 0.809028125 0.51953125 0.8107640625 0.5234375 0.8177078124999999 0.5234375 0.828125 0.5224609375 0.8298609375 0.5126953125 0.8298609375 0.51171875 0.828125 0.51171875 0.8211812500000001 0.509765625 0.8177078124999999 0.509765625 0.8072921875000001 0.501953125 0.800346875 0.501953125 0.78993125 0.5009765625 0.78819375 0.4951171875 0.78819375 0.4931640625 0.784721875 0.4873046875 0.784721875 0.486328125 0.78993125 0.484375 0.793403125 0.484375 0.824653125 0.4873046875 0.8298609375 0.4990234375 0.8298609375 0.5 0.831596875 0.5 0.8767359375 0.5029296875 0.8819437499999999 0.5048828125 0.878471875 0.5068359375 0.878471875 0.5107421875 0.871528125 0.5166015625 0.871528125 0.517578125 0.8767359375 0.5224609375 0.8854171875000001 0.5283203125 0.8854171875000001 0.529296875 0.8836812500000001 0.529296875 0.8802078124999999 0.53125 0.8767359375 0.53125 0.8663187499999999 0.533203125 0.862846875
4 0.46875 0.574653125 0.46875 0.546875 0.466796875 0.543403125 0.466796875 0.5295140625 0.4609375 0.519096875 0.458984375 0.50868125 0.455078125 0.5017359375 0.455078125 0.484375 0.453125 0.48090312500000004 0.453125 0.47743125 0.4521484375 0.47569375 0.4443359375 0.47569375 0.443359375 0.47743125 0.443359375 0.4947921875 0.44140625 0.4982640625 0.44140625 0.5052078125 0.4375 0.515625 0.4375 0.5572921875 0.435546875 0.5607640625 0.435546875 0.5642359375 0.4375 0.5677078125 0.4375 0.57118125 0.4423828125 0.5798609375 0.4462890625 0.5798609375 0.4482421875 0.5833328125 0.4501953125 0.5833328125 0.453125 0.5885421875 0.453125 0.5920140625 0.455078125 0.5954859375 0.455078125 0.60243125 0.45703125 0.605903125 0.45703125 0.609375 0.4619140625 0.61805625 0.46484375 0.61631875 0.46484375 0.612846875 0.466796875 0.609375 0.466796875 0.578125 0.46875 0.574653125
4 0.4375 0.8072921875000001 0.4345703125 0.8020828124999999 0.431640625 0.800346875 0.431640625 0.793403125 0.4296875 0.78993125 0.4296875 0.7795140625 0.4326171875 0.777778125 0.435546875 0.77256875 0.4306640625 0.7638890625 0.4287109375 0.7638890625 0.421875 0.7517359375 0.421875 0.730903125 0.419921875 0.72743125 0.419921875 0.69618125 0.4189453125 0.69444375 0.4091796875 0.69444375 0.408203125 0.69618125 0.408203125 0.7204859375 0.40625 0.7239578125 0.40625 0.734375 0.404296875 0.737846875 0.404296875 0.7482640625 0.400390625 0.7552078125 0.400390625 0.762153125 0.3984375 0.765625 0.3984375 0.77256875 0.4013671875 0.777778125 0.404296875 0.7795140625 0.404296875 0.8038187499999999 0.40625 0.8072921875000001 0.40625 0.8177078124999999 0.408203125 0.8211812500000001 0.408203125 0.831596875 0.412109375 0.8385421875000001 0.412109375 0.8524312500000001 0.4150390625 0.8541671875000001 0.4169921875 0.8576390625 0.4208984375 0.8576390625 0.4228515625 0.8611109375 0.4326171875 0.8611109375 0.43359375 0.859375 0.435546875 0.855903125 0.435546875 0.8385421875000001 0.4375 0.8350687499999999 0.4375 0.8072921875000001
4 0.5869140625 0.66319375 0.5888671875 0.66319375 0.5908203125 0.65625 0.5947265625 0.65625 0.5966796875 0.652778125 0.5986328125 0.652778125 0.6015625 0.64756875 0.6015625 0.6267359375 0.603515625 0.6232640625 0.603515625 0.609375 0.6015625 0.605903125 0.6015625 0.60243125 0.5986328125 0.597221875 0.5966796875 0.597221875 0.5927734375 0.590278125 0.5888671875 0.590278125 0.5849609375 0.5833328125 0.5830078125 0.5833328125 0.580078125 0.578125 0.580078125 0.57118125 0.578125 0.5677078125 0.578125 0.5572921875 0.5751953125 0.5520828125 0.5712890625 0.5520828125 0.5693359375 0.5486109375 0.5673828125 0.5520828125 0.5634765625 0.5520828125 0.560546875 0.546875 0.560546875 0.543403125 0.5576171875 0.5416671875 0.5546875 0.546875 0.5546875 0.550346875 0.55078125 0.5572921875 0.55078125 0.5642359375 0.548828125 0.5677078125 0.548828125 0.578125 0.546875 0.581596875 0.546875 0.63368125 0.5439453125 0.6388890625 0.5419921875 0.6388890625 0.5390625 0.63368125 0.5390625 0.5954859375 0.541015625 0.5920140625 0.541015625 0.581596875 0.5400390625 0.5798609375 0.5322265625 0.5798609375 0.5302734375 0.5833328125 0.5224609375 0.5833328125 0.5205078125 0.58680625 0.5166015625 0.58680625 0.515625 0.58506875 0.515625 0.5677078125 0.517578125 0.5642359375 0.517578125 0.5572921875 0.515625 0.55381875 0.515625 0.5295140625 0.513671875 0.5260421875 0.513671875 0.52256875 0.5107421875 0.5208328125 0.505859375 0.5295140625 0.505859375 0.546875 0.501953125 0.55381875 0.501953125 0.5572921875 0.5 0.5607640625 0.5 0.574653125 0.5048828125 0.5833328125 0.5068359375 0.5833328125 0.5107421875 0.590278125 0.513671875 0.5920140625 0.513671875 0.5954859375 0.509765625 0.5989578125 0.509765625 0.609375 0.5078125 0.612846875 0.5078125 0.61631875 0.509765625 0.6197921875 0.509765625 0.6232640625 0.513671875 0.6302078125 0.513671875 0.644096875 0.515625 0.64756875 0.515625 0.671875 0.5185546875 0.6770828125 0.5224609375 0.6770828125 0.5244140625 0.68055625 0.5283203125 0.68055625 0.5341796875 0.6666671875 0.5419921875 0.6666671875 0.5439453125 0.66319375 0.5498046875 0.6736109375 0.5556640625 0.6770828125 0.5595703125 0.684028125 0.5693359375 0.684028125 0.5703125 0.6822921875 0.5810546875 0.66319375 0.5830078125 0.6666671875 0.5849609375 0.6666671875 0.5869140625 0.66319375