4 0.6240234375 0.9791671875000001 0.6259765625 0.9756937499999999 0.6279296875 0.9756937499999999 0.630859375 0.9704859375 0.630859375 0.9670140625 0.634765625 0.956596875 0.634765625 0.9461812500000001 0.638671875 0.9357640625 0.638671875 0.9149312500000001 0.640625 0.9114578124999999 0.640625 0.8767359375 0.642578125 0.8732640625 0.642578125 0.8697921875000001 0.6416015625 0.8680562500000001 0.6337890625 0.8680562500000001 0.6318359375 0.871528125 0.62890625 0.8663187499999999 0.62890625 0.859375 0.626953125 0.855903125 0.626953125 0.8524312500000001 0.625 0.8489578124999999 0.6240234375 0.84375 0.6083984375 0.84375 0.6064453125 0.840278125 0.5966796875 0.840278125 0.59375 0.8350687499999999 0.59375 0.828125 0.5908203125 0.8263890625 0.587890625 0.8211812500000001 0.587890625 0.8177078124999999 0.5859375 0.8142359375 0.5849609375 0.809028125 0.5771484375 0.809028125 0.5751953125 0.8125 0.5693359375 0.8125 0.5634765625 0.8055562500000001 0.5576171875 0.8055562500000001 0.5556640625 0.809028125 0.5517578125 0.809028125 0.55078125 0.8107640625 0.55078125 0.8142359375 0.548828125 0.8177078124999999 0.55078125 0.8211812500000001 0.5478515625 0.8263890625 0.5458984375 0.8263890625 0.5400390625 0.8333328124999999 0.5361328125 0.8333328124999999 0.5322265625 0.8263890625 0.52734375 0.8350687499999999 0.52734375 0.8385421875000001 0.5224609375 0.847221875 0.5205078125 0.847221875 0.5185546875 0.8506937499999999 0.515625 0.8489578124999999 0.513671875 0.8385421875000001 0.5087890625 0.8298609375 0.5068359375 0.8333328124999999 0.5048828125 0.8298609375 0.5029296875 0.8298609375 0.5 0.8350687499999999 0.5 0.859375 0.4970703125 0.8611109375 0.4931640625 0.8541671875000001 0.490234375 0.859375 0.490234375 0.862846875 0.48828125 0.8663187499999999 0.490234375 0.8697921875000001 0.490234375 0.8732640625 0.4990234375 0.8888890625 0.5009765625 0.8888890625 0.5029296875 0.8923609375 0.5068359375 0.8923609375 0.509765625 0.8975687499999999 0.509765625 0.9010421875000001 0.5078125 0.9045140625 0.509765625 0.9149312500000001 0.5126953125 0.9166671875000001 0.51953125 0.9288187499999999 0.51953125 0.9427078124999999 0.5224609375 0.9444437499999999 0.5244140625 0.9479171875000001 0.5263671875 0.9479171875000001 0.529296875 0.953125 0.529296875 0.9600687499999999 0.533203125 0.9704859375 0.53125 0.9739578124999999 0.5322265625 0.9756937499999999 0.5361328125 0.9756937499999999 0.5380859375 0.9791671875000001 0.5576171875 0.9791671875000001 0.5595703125 0.9826390625 0.5908203125 0.9826390625 0.5927734375 0.9861109375 0.6044921875 0.9861109375 0.60546875 0.984375 0.6064453125 0.9826390625 0.6181640625 0.9826390625 0.6201171875 0.9791671875000001 0.6240234375 0.9791671875000001
4 0.5361328125 0 0.5283203125 0.013889062499999999 0.5087890625 0.013889062499999999 0.5029296875 0.0208328125 0.4970703125 0.0208328125 0.4951171875 0.0104171875 0.4921875 0.015625 0.4921875 0.019096875 0.490234375 0.022568750000000002 0.490234375 0.0295140625 0.4912109375 0.03125 0.4931640625 0.027778124999999997 0.4951171875 0.03125 0.5009765625 0.03125 0.5029296875 0.027778124999999997 0.5126953125 0.027778124999999997 0.515625 0.0329859375 0.515625 0.03993125 0.5166015625 0.0416671875 0.5224609375 0.0416671875 0.5244140625 0.03819375 0.5263671875 0.03819375 0.529296875 0.043403125 0.529296875 0.0572921875 0.52734375 0.06076406250000001 0.52734375 0.06423593749999999 0.53125 0.07118125 0.53125 0.10243125 0.529296875 0.10590312500000001 0.529296875 0.109375 0.53125 0.11284687499999999 0.53125 0.13715312500000001 0.5322265625 0.1388890625 0.5380859375 0.1388890625 0.5390625 0.14409687499999999 0.541015625 0.14756875 0.537109375 0.1545140625 0.537109375 0.1579859375 0.53125 0.16840312500000001 0.53125 0.171875 0.533203125 0.17534687499999999 0.533203125 0.1892359375 0.5361328125 0.19444375 0.5390625 0.19618125 0.5390625 0.19965312500000001 0.533203125 0.21006874999999997 0.533203125 0.22048593749999998 0.53125 0.2239578125 0.53125 0.262153125 0.533203125 0.265625 0.533203125 0.269096875 0.5361328125 0.27430625000000003 0.5380859375 0.27430625000000003 0.54296875 0.2829859375 0.54296875 0.28993125000000003 0.5458984375 0.2916671875 0.5498046875 0.2986109375 0.5517578125 0.2986109375 0.5546875 0.30381874999999997 0.5546875 0.3072921875 0.556640625 0.3107640625 0.5546875 0.3142359375 0.5546875 0.3177078125 0.5517578125 0.3229171875 0.5458984375 0.3229171875 0.54296875 0.328125 0.54296875 0.33506874999999997 0.544921875 0.3385421875 0.544921875 0.3420140625 0.552734375 0.359375 0.552734375 0.3802078125 0.556640625 0.390625 0.556640625 0.39756874999999997 0.5537109375 0.39930625000000003 0.5517578125 0.40277812500000004 0.5498046875 0.40277812500000004 0.546875 0.4079859375 0.546875 0.4114578125 0.5390625 0.421875 0.541015625 0.42534687499999996 0.5390625 0.42881875 0.5390625 0.4427078125 0.53515625 0.453125 0.53515625 0.4704859375 0.533203125 0.4739578125 0.533203125 0.47743125 0.53515625 0.48090312500000004 0.5341796875 0.4826390625 0.5322265625 0.4826390625 0.5302734375 0.4861109375 0.5146484375 0.4861109375 0.513671875 0.48784687499999996 0.513671875 0.4947921875 0.5107421875 0.5 0.5078125 0.5017359375 0.5078125 0.50868125 0.5048828125 0.5138890625 0.5009765625 0.5138890625 0.5 0.519096875 0.4970703125 0.52430625 0.4912109375 0.52430625 0.4892578125 0.527778125 0.4833984375 0.527778125 0.470703125 0.550346875 0.470703125 0.55381875 0.46875 0.5572921875 0.46875 0.5677078125 0.4658203125 0.5729171875 0.4638671875 0.5729171875 0.462890625 0.578125 0.4599609375 0.5833328125 0.4560546875 0.5833328125 0.453125 0.5885421875 0.453125 0.5954859375 0.4521484375 0.597221875 0.4443359375 0.597221875 0.4365234375 0.6111109375 0.4208984375 0.6111109375 0.4189453125 0.6145828125 0.4091796875 0.6145828125 0.408203125 0.6197921875 0.400390625 0.6302078125 0.400390625 0.644096875 0.40234375 0.64756875 0.40234375 0.6510421875 0.400390625 0.6545140625 0.400390625 0.6614578125 0.4033203125 0.66319375 0.4091796875 0.6770828125 0.4423828125 0.6770828125 0.4443359375 0.6736109375 0.4501953125 0.6736109375 0.4541015625 0.68055625 0.4580078125 0.68055625 0.458984375 0.6857640625 0.4609375 0.6892359375 0.4609375 0.699653125 0.462890625 0.703125 0.462890625 0.706596875 0.4658203125 0.7083328125 0.46875 0.7135421875 0.4697265625 0.71875 0.4736328125 0.71875 0.4755859375 0.722221875 0.4794921875 0.722221875 0.4814453125 0.72569375 0.4833984375 0.72569375 0.484375 0.730903125 0.4853515625 0.7326390625 0.4892578125 0.7326390625 0.4921875 0.737846875 0.4921875 0.74131875 0.4970703125 0.75 0.5029296875 0.75 0.5048828125 0.753471875 0.5107421875 0.753471875 0.5126953125 0.75694375 0.5146484375 0.75694375 0.5185546875 0.7638890625 0.5205078125 0.7638890625 0.5263671875 0.77430625 0.5283203125 0.77430625 0.5302734375 0.777778125 0.5341796875 0.777778125 0.5361328125 0.77430625 0.5400390625 0.77430625 0.5419921875 0.777778125 0.5439453125 0.777778125 0.5498046875 0.784721875 0.5751953125 0.784721875 0.5771484375 0.78819375 0.5830078125 0.78819375 0.583984375 0.7864578125 0.5888671875 0.777778125 0.5908203125 0.777778125 0.59375 0.77256875 0.5947265625 0.7673609375 0.5986328125 0.7673609375 0.6005859375 0.7638890625 0.6083984375 0.7638890625 0.6103515625 0.7604171875 0.6181640625 0.7604171875 0.6201171875 0.75694375 0.6220703125 0.75694375 0.6279296875 0.746528125 0.6337890625 0.746528125 0.6357421875 0.74305625 0.6455078125 0.74305625 0.654296875 0.72743125 0.654296875 0.7239578125 0.66796875 0.699653125 0.666015625 0.6892359375 0.671875 0.6857640625 0.671875 0.675346875 0.673828125 0.671875 0.671875 0.6614578125 0.673828125 0.6579859375 0.673828125 0.6510421875 0.677734375 0.644096875 0.67578125 0.63368125 0.677734375 0.6302078125 0.677734375 0.6232640625 0.6796875 0.6197921875 0.6796875 0.605903125 0.681640625 0.60243125 0.681640625 0.5954859375 0.685546875 0.5885421875 0.685546875 0.58506875 0.6826171875 0.5833328125 0.681640625 0.578125 0.685546875 0.574653125 0.681640625 0.5677078125 0.681640625 0.5642359375 0.68359375 0.5607640625 0.6796875 0.55381875 0.6796875 0.550346875 0.681640625 0.546875 0.673828125 0.5364578125 0.673828125 0.5329859375 0.669921875 0.52256875 0.669921875 0.515625 0.6689453125 0.5138890625 0.6650390625 0.5138890625 0.6630859375 0.5104171875 0.6611328125 0.5104171875 0.6591796875 0.503471875 0.6552734375 0.503471875 0.6533203125 0.5 0.6494140625 0.5 0.6474609375 0.49652812500000004 0.6435546875 0.49652812500000004 0.6396484375 0.4895828125 0.6337890625 0.4861109375 0.6328125 0.484375 0.6328125 0.47743125 0.6298828125 0.47222187499999996 0.6044921875 0.47222187499999996 0.603515625 0.4704859375 0.603515625 0.46006875 0.6015625 0.45659687499999996 0.6015625 0.44618125 0.599609375 0.4427078125 0.599609375 0.4322921875 0.59765625 0.42881875 0.59765625 0.421875 0.591796875 0.4114578125 0.591796875 0.4079859375 0.587890625 0.39756874999999997 0.58984375 0.394096875 0.58984375 0.3697921875 0.587890625 0.36631874999999997 0.58984375 0.362846875 0.58984375 0.35243125000000003 0.591796875 0.3489578125 0.591796875 0.3385421875 0.59375 0.33506874999999997 0.59375 0.328125 0.591796875 0.324653125 0.591796875 0.32118125000000003 0.587890625 0.3142359375 0.587890625 0.30381874999999997 0.591796875 0.296875 0.591796875 0.2760421875 0.59375 0.27256874999999997 0.59375 0.269096875 0.59765625 0.262153125 0.59765625 0.2517359375 0.5947265625 0.246528125 0.5927734375 0.246528125 0.5908203125 0.2395828125 0.5888671875 0.246528125 0.58203125 0.234375 0.58203125 0.230903125 0.583984375 0.22743125000000003 0.5859375 0.21701406250000002 0.5888671875 0.215278125 0.58984375 0.21006874999999997 0.5888671875 0.2083328125 0.5830078125 0.2083328125 0.5791015625 0.20138906250000002 0.5751953125 0.20138906250000002 0.57421875 0.19965312500000001 0.5771484375 0.1979171875 0.580078125 0.1927078125 0.580078125 0.1892359375 0.58203125 0.1857640625 0.58203125 0.17881875 0.5859375 0.16840312500000001 0.5859375 0.1545140625 0.583984375 0.1510421875 0.583984375 0.14756875 0.5810546875 0.1458328125 0.578125 0.140625 0.578125 0.08854218750000001 0.576171875 0.08506875 0.576171875 0.078125 0.57421875 0.074653125 0.57421875 0.06770781249999999 0.572265625 0.06423593749999999 0.572265625 0.0364578125 0.57421875 0.0329859375 0.57421875 0.022568750000000002 0.5615234375 0 0.5361328125 0
4 0.5966796875 0.7638890625 0.6025390625 0.7638890625 0.6044921875 0.7604171875 0.6220703125 0.7604171875 0.6298828125 0.746528125 0.6474609375 0.746528125 0.6484375 0.74131875 0.65625 0.72743125 0.65625 0.7239578125 0.6591796875 0.71875 0.6630859375 0.71875 0.6650390625 0.715278125 0.6669921875 0.715278125 0.673828125 0.72743125 0.673828125 0.74131875 0.67578125 0.7447921875 0.67578125 0.7482640625 0.673828125 0.7517359375 0.673828125 0.75868125 0.6767578125 0.7604171875 0.6796875 0.765625 0.6796875 0.77256875 0.6806640625 0.77430625 0.6884765625 0.77430625 0.69140625 0.769096875 0.69140625 0.765625 0.6875 0.7552078125 0.6904296875 0.75 0.6923828125 0.75 0.6953125 0.7447921875 0.6953125 0.74131875 0.697265625 0.737846875 0.6953125 0.734375 0.6953125 0.72743125 0.693359375 0.7239578125 0.693359375 0.71006875 0.6953125 0.706596875 0.6953125 0.703125 0.693359375 0.699653125 0.6962890625 0.6979171875 0.69921875 0.6927078125 0.69921875 0.6822921875 0.701171875 0.67881875 0.69921875 0.668403125 0.7041015625 0.659721875 0.7080078125 0.659721875 0.708984375 0.6545140625 0.7109375 0.6510421875 0.7109375 0.637153125 0.712890625 0.63368125 0.712890625 0.6267359375 0.7109375 0.6232640625 0.7109375 0.5989578125 0.712890625 0.5954859375 0.712890625 0.5885421875 0.7119140625 0.58680625 0.7080078125 0.58680625 0.7021484375 0.5798609375 0.6982421875 0.5798609375 0.6962890625 0.5763890625 0.6904296875 0.5729171875 0.6875 0.5677078125 0.6875 0.5642359375 0.685546875 0.5607640625 0.685546875 0.5329859375 0.6826171875 0.527778125 0.6806640625 0.527778125 0.6787109375 0.52430625 0.6748046875 0.52430625 0.671875 0.519096875 0.671875 0.515625 0.6689453125 0.5104171875 0.6669921875 0.5104171875 0.666015625 0.5052078125 0.6630859375 0.5 0.6572265625 0.5 0.65625 0.4947921875 0.6533203125 0.49305625 0.6513671875 0.4895828125 0.6396484375 0.4895828125 0.6376953125 0.4861109375 0.6357421875 0.4861109375 0.6298828125 0.47569375 0.6279296875 0.47569375 0.6259765625 0.47222187499999996 0.6103515625 0.47222187499999996 0.6083984375 0.46875 0.5966796875 0.46875 0.59375 0.4635421875 0.59375 0.46006875 0.591796875 0.45659687499999996 0.591796875 0.44618125 0.5908203125 0.44444375 0.587890625 0.44965312500000004 0.587890625 0.453125 0.5849609375 0.4548609375 0.5791015625 0.46527812500000004 0.5771484375 0.46180625 0.5751953125 0.46180625 0.5732421875 0.46527812500000004 0.5673828125 0.46527812500000004 0.5615234375 0.4548609375 0.5478515625 0.4548609375 0.5458984375 0.4513890625 0.5439453125 0.4513890625 0.541015625 0.45659687499999996 0.54296875 0.46006875 0.541015625 0.4635421875 0.541015625 0.4670140625 0.5322265625 0.4826390625 0.5302734375 0.4826390625 0.5283203125 0.4861109375 0.5205078125 0.4861109375 0.5185546875 0.4895828125 0.5166015625 0.4895828125 0.5146484375 0.49652812500000004 0.5087890625 0.5 0.505859375 0.5052078125 0.5048828125 0.5104171875 0.5029296875 0.5104171875 0.5009765625 0.5138890625 0.4990234375 0.5138890625 0.4970703125 0.5173609375 0.4951171875 0.5173609375 0.4892578125 0.52430625 0.4853515625 0.52430625 0.4833984375 0.527778125 0.4794921875 0.527778125 0.4765625 0.5329859375 0.474609375 0.543403125 0.470703125 0.550346875 0.470703125 0.55381875 0.46875 0.5572921875 0.46875 0.5677078125 0.4658203125 0.56944375 0.4599609375 0.5833328125 0.4560546875 0.5833328125 0.4541015625 0.58680625 0.4521484375 0.58680625 0.451171875 0.5920140625 0.4482421875 0.597221875 0.4443359375 0.597221875 0.4423828125 0.60069375 0.4404296875 0.60069375 0.4345703125 0.6076390625 0.4267578125 0.6076390625 0.4248046875 0.6111109375 0.4169921875 0.6111109375 0.4150390625 0.6145828125 0.4072265625 0.6145828125 0.3984375 0.6302078125 0.3984375 0.640625 0.396484375 0.644096875 0.3984375 0.64756875 0.3984375 0.6579859375 0.400390625 0.6614578125 0.400390625 0.66493125 0.4033203125 0.6666671875 0.4052734375 0.6701390625 0.4072265625 0.6701390625 0.4091796875 0.6770828125 0.4169921875 0.6770828125 0.4189453125 0.68055625 0.4384765625 0.68055625 0.4404296875 0.6770828125 0.4443359375 0.6770828125 0.4462890625 0.6736109375 0.4482421875 0.6736109375 0.4521484375 0.68055625 0.4560546875 0.68055625 0.458984375 0.6857640625 0.458984375 0.703125 0.4619140625 0.7083328125 0.4638671875 0.7083328125 0.4697265625 0.71875 0.4736328125 0.71875 0.4755859375 0.722221875 0.4794921875 0.722221875 0.4814453125 0.72569375 0.4833984375 0.72569375 0.4873046875 0.7326390625 0.4892578125 0.7326390625 0.4970703125 0.746528125 0.4990234375 0.746528125 0.5009765625 0.75 0.5146484375 0.75 0.5185546875 0.75694375 0.5205078125 0.75694375 0.5224609375 0.7604171875 0.5263671875 0.7604171875 0.5302734375 0.7673609375 0.5322265625 0.7673609375 0.5341796875 0.7708328125 0.5458984375 0.7708328125 0.5478515625 0.7673609375 0.5517578125 0.7673609375 0.5556640625 0.77430625 0.5576171875 0.77430625 0.5595703125 0.777778125 0.5693359375 0.777778125 0.5712890625 0.78125 0.5791015625 0.78125 0.5810546875 0.784721875 0.58203125 0.7829859375 0.5849609375 0.78125 0.5888671875 0.77430625 0.5908203125 0.77430625 0.5966796875 0.7638890625
4 0.5947265625 0.7673609375 0.5966796875 0.7638890625 0.6044921875 0.7638890625 0.6064453125 0.7604171875 0.6201171875 0.7604171875 0.6220703125 0.75694375 0.6240234375 0.75694375 0.6298828125 0.746528125 0.6318359375 0.746528125 0.6337890625 0.74305625 0.6357421875 0.74305625 0.6376953125 0.746528125 0.6435546875 0.746528125 0.6455078125 0.74305625 0.6474609375 0.74305625 0.65234375 0.734375 0.654296875 0.7239578125 0.6611328125 0.71180625 0.6640625 0.71006875 0.6640625 0.6892359375 0.66796875 0.6822921875 0.66796875 0.67881875 0.6708984375 0.6736109375 0.6728515625 0.6770828125 0.673828125 0.675346875 0.673828125 0.671875 0.677734375 0.6614578125 0.677734375 0.6545140625 0.67578125 0.6510421875 0.677734375 0.64756875 0.677734375 0.6302078125 0.6796875 0.6267359375 0.6796875 0.61631875 0.68359375 0.609375 0.68359375 0.5954859375 0.6865234375 0.590278125 0.6875 0.5954859375 0.6904296875 0.60069375 0.69140625 0.5989578125 0.69140625 0.5885421875 0.685546875 0.578125 0.685546875 0.574653125 0.68359375 0.57118125 0.68359375 0.53993125 0.681640625 0.5364578125 0.681640625 0.5295140625 0.6806640625 0.527778125 0.6767578125 0.527778125 0.6708984375 0.5173609375 0.6689453125 0.5173609375 0.6591796875 0.5 0.6572265625 0.5 0.6552734375 0.49652812500000004 0.6533203125 0.49652812500000004 0.6474609375 0.4895828125 0.6376953125 0.4895828125 0.6298828125 0.47569375 0.6279296875 0.47569375 0.6259765625 0.47222187499999996 0.5712890625 0.47222187499999996 0.5654296875 0.46527812500000004 0.5537109375 0.46527812500000004 0.5517578125 0.46875 0.5419921875 0.46875 0.5361328125 0.4791671875 0.5341796875 0.4791671875 0.5283203125 0.4861109375 0.5224609375 0.4861109375 0.5185546875 0.49305625 0.5166015625 0.49305625 0.5146484375 0.49652812500000004 0.5107421875 0.49652812500000004 0.505859375 0.5052078125 0.5048828125 0.5104171875 0.5029296875 0.5104171875 0.5009765625 0.5138890625 0.4990234375 0.5138890625 0.4970703125 0.5173609375 0.4951171875 0.5173609375 0.4892578125 0.52430625 0.4833984375 0.52430625 0.48046875 0.5295140625 0.48046875 0.5329859375 0.4765625 0.53993125 0.4765625 0.543403125 0.474609375 0.546875 0.47265625 0.5572921875 0.462890625 0.574653125 0.462890625 0.578125 0.4580078125 0.58680625 0.4560546875 0.58680625 0.4541015625 0.590278125 0.4501953125 0.590278125 0.4462890625 0.597221875 0.4443359375 0.597221875 0.4384765625 0.6041671875 0.4306640625 0.6041671875 0.4287109375 0.6076390625 0.4228515625 0.6076390625 0.4208984375 0.6111109375 0.4150390625 0.6111109375 0.4130859375 0.6145828125 0.4072265625 0.6145828125 0.400390625 0.6267359375 0.400390625 0.6302078125 0.3984375 0.63368125 0.3984375 0.6579859375 0.400390625 0.6614578125 0.400390625 0.668403125 0.4072265625 0.68055625 0.4130859375 0.68055625 0.4150390625 0.684028125 0.4169921875 0.684028125 0.4189453125 0.68055625 0.4326171875 0.68055625 0.4345703125 0.684028125 0.4384765625 0.684028125 0.4404296875 0.68055625 0.4443359375 0.68055625 0.4462890625 0.6770828125 0.4501953125 0.6770828125 0.4521484375 0.68055625 0.4560546875 0.68055625 0.458984375 0.6857640625 0.458984375 0.6892359375 0.4609375 0.6927078125 0.4609375 0.703125 0.4638671875 0.7083328125 0.4658203125 0.7083328125 0.4697265625 0.715278125 0.4716796875 0.715278125 0.4736328125 0.71875 0.4794921875 0.722221875 0.4833984375 0.7291671875 0.4853515625 0.7291671875 0.4873046875 0.7326390625 0.4912109375 0.7326390625 0.4921875 0.737846875 0.4970703125 0.746528125 0.5009765625 0.746528125 0.5029296875 0.75 0.5068359375 0.75 0.5087890625 0.746528125 0.5107421875 0.746528125 0.5126953125 0.75 0.5185546875 0.75 0.5205078125 0.753471875 0.5263671875 0.753471875 0.5341796875 0.7673609375 0.5419921875 0.7673609375 0.5439453125 0.7708328125 0.5478515625 0.7708328125 0.5498046875 0.7673609375 0.5537109375 0.7673609375 0.55859375 0.7760421875 0.5595703125 0.78125 0.5693359375 0.78125 0.5712890625 0.784721875 0.5849609375 0.784721875 0.5859375 0.7829859375 0.587890625 0.7795140625 0.587890625 0.7760421875 0.5927734375 0.7673609375 0.5947265625 0.7673609375
4 0.599609375 0.4392359375 0.59765625 0.4357640625 0.59765625 0.41840312500000004 0.58984375 0.4079859375 0.58984375 0.4045140625 0.587890625 0.4010421875 0.5869140625 0.3958328125 0.5849609375 0.3958328125 0.5830078125 0.3923609375 0.5771484375 0.3923609375 0.5751953125 0.3888890625 0.5732421875 0.3888890625 0.5712890625 0.3923609375 0.5615234375 0.3923609375 0.55859375 0.39756874999999997 0.55859375 0.4045140625 0.5556640625 0.40972187499999996 0.5498046875 0.40972187499999996 0.5478515625 0.41319375 0.5439453125 0.41319375 0.54296875 0.41493125 0.54296875 0.41840312500000004 0.541015625 0.421875 0.541015625 0.4357640625 0.5390625 0.4392359375 0.5390625 0.44965312500000004 0.537109375 0.453125 0.537109375 0.4670140625 0.5380859375 0.46875 0.5498046875 0.46875 0.5517578125 0.46527812500000004 0.5615234375 0.46527812500000004 0.5634765625 0.46875 0.5693359375 0.46875 0.5712890625 0.47222187499999996 0.5927734375 0.47222187499999996 0.59375 0.4704859375 0.59765625 0.4635421875 0.59765625 0.46006875 0.599609375 0.45659687499999996 0.599609375 0.4392359375
4 0.490234375 0.21006874999999997 0.48828125 0.206596875 0.48828125 0.19618125 0.486328125 0.1927078125 0.486328125 0.1857640625 0.4833984375 0.18055625 0.4755859375 0.18055625 0.474609375 0.1822921875 0.474609375 0.1892359375 0.47265625 0.1927078125 0.47265625 0.19618125 0.46875 0.206596875 0.46875 0.22743125000000003 0.4697265625 0.2291671875 0.4736328125 0.2291671875 0.4775390625 0.23611093749999998 0.4833984375 0.23611093749999998 0.484375 0.234375 0.48828125 0.22743125000000003 0.48828125 0.2239578125 0.490234375 0.22048593749999998 0.490234375 0.21006874999999997
4 0.470703125 0.39756874999999997 0.47265625 0.394096875 0.47265625 0.3767359375 0.4677734375 0.36805625000000003 0.4638671875 0.36805625000000003 0.4619140625 0.371528125 0.4560546875 0.375 0.453125 0.3802078125 0.453125 0.387153125 0.455078125 0.390625 0.455078125 0.394096875 0.458984375 0.4010421875 0.458984375 0.4114578125 0.4609375 0.41493125 0.4609375 0.421875 0.458984375 0.42534687499999996 0.458984375 0.42881875 0.4638671875 0.4375 0.4697265625 0.4375 0.470703125 0.4357640625 0.47265625 0.4322921875 0.47265625 0.421875 0.470703125 0.41840312500000004 0.470703125 0.39756874999999997
4 0.5966796875 0.7604171875 0.5986328125 0.7638890625 0.6025390625 0.75694375 0.6064453125 0.75694375 0.6103515625 0.75 0.6240234375 0.75 0.625 0.7447921875 0.6259765625 0.74305625 0.6298828125 0.74305625 0.630859375 0.737846875 0.6298828125 0.7361109375 0.6279296875 0.7395828125 0.6259765625 0.7361109375 0.6181640625 0.7361109375 0.6162109375 0.7326390625 0.6142578125 0.7326390625 0.6123046875 0.7361109375 0.5966796875 0.7361109375 0.5947265625 0.7395828125 0.5888671875 0.7395828125 0.5869140625 0.7361109375 0.5830078125 0.7361109375 0.5810546875 0.7395828125 0.578125 0.74131875 0.58203125 0.7447921875 0.5810546875 0.75 0.5712890625 0.75 0.5703125 0.7517359375 0.5712890625 0.75694375 0.5791015625 0.75694375 0.5810546875 0.753471875 0.583984375 0.75868125 0.5810546875 0.7638890625 0.5634765625 0.7638890625 0.560546875 0.75868125 0.564453125 0.7517359375 0.5615234375 0.75 0.5595703125 0.746528125 0.5556640625 0.746528125 0.5546875 0.7447921875 0.55859375 0.74131875 0.5556640625 0.7361109375 0.5498046875 0.7361109375 0.5478515625 0.7395828125 0.5439453125 0.7395828125 0.5419921875 0.7361109375 0.5283203125 0.7361109375 0.52734375 0.734375 0.5283203125 0.7291671875 0.5439453125 0.7291671875 0.5458984375 0.72569375 0.5537109375 0.72569375 0.5556640625 0.7291671875 0.5576171875 0.7291671875 0.560546875 0.7239578125 0.5595703125 0.722221875 0.5400390625 0.722221875 0.5390625 0.7170140625 0.5400390625 0.715278125 0.5498046875 0.715278125 0.5517578125 0.71875 0.5537109375 0.71875 0.5556640625 0.715278125 0.5595703125 0.715278125 0.560546875 0.7135421875 0.5595703125 0.7083328125 0.5498046875 0.7083328125 0.5478515625 0.71180625 0.5458984375 0.7083328125 0.5400390625 0.7083328125 0.5380859375 0.7048609375 0.5361328125 0.7048609375 0.5341796875 0.7083328125 0.5283203125 0.71180625 0.5263671875 0.7083328125 0.5244140625 0.7083328125 0.5234375 0.703125 0.5244140625 0.7013890625 0.5615234375 0.7013890625 0.564453125 0.69618125 0.5634765625 0.69444375 0.5556640625 0.69444375 0.5546875 0.6927078125 0.5556640625 0.6875 0.5615234375 0.6875 0.5625 0.6857640625 0.5615234375 0.68055625 0.5556640625 0.68055625 0.5546875 0.67881875 0.5556640625 0.6736109375 0.5576171875 0.6736109375 0.5595703125 0.6770828125 0.5615234375 0.6736109375 0.6279296875 0.6736109375 0.630859375 0.67881875 0.62890625 0.6822921875 0.6298828125 0.6875 0.6396484375 0.6875 0.640625 0.6857640625 0.640625 0.675346875 0.6435546875 0.6736109375 0.64453125 0.675346875 0.64453125 0.6857640625 0.6455078125 0.6875 0.6513671875 0.6875 0.65234375 0.6892359375 0.6513671875 0.69444375 0.6494140625 0.69444375 0.6474609375 0.690971875 0.6455078125 0.690971875 0.6435546875 0.69444375 0.6376953125 0.690971875 0.6357421875 0.69444375 0.5791015625 0.69444375 0.578125 0.69618125 0.5810546875 0.7013890625 0.5869140625 0.7013890625 0.5888671875 0.6979171875 0.5908203125 0.6979171875 0.5927734375 0.7013890625 0.6083984375 0.7013890625 0.6103515625 0.6979171875 0.6123046875 0.6979171875 0.6142578125 0.7013890625 0.6298828125 0.7013890625 0.630859375 0.706596875 0.6279296875 0.7083328125 0.6259765625 0.71180625 0.6240234375 0.7083328125 0.6142578125 0.7083328125 0.611328125 0.7135421875 0.61328125 0.7170140625 0.6123046875 0.722221875 0.5986328125 0.722221875 0.59765625 0.72743125 0.5986328125 0.7291671875 0.6083984375 0.7291671875 0.6103515625 0.72569375 0.6123046875 0.72569375 0.6142578125 0.7291671875 0.6240234375 0.7291671875 0.625 0.7239578125 0.6240234375 0.722221875 0.6181640625 0.722221875 0.6171875 0.7170140625 0.6181640625 0.715278125 0.6279296875 0.715278125 0.62890625 0.7204859375 0.630859375 0.7239578125 0.630859375 0.72743125 0.6337890625 0.7326390625 0.6396484375 0.7361109375 0.640625 0.730903125 0.6435546875 0.72569375 0.6455078125 0.7291671875 0.6494140625 0.7291671875 0.65234375 0.7239578125 0.650390625 0.7204859375 0.6513671875 0.71875 0.6533203125 0.71875 0.6552734375 0.715278125 0.6611328125 0.715278125 0.6640625 0.71006875 0.6640625 0.703125 0.666015625 0.699653125 0.6640625 0.6892359375 0.6669921875 0.6875 0.6689453125 0.684028125 0.673828125 0.6927078125 0.671875 0.69618125 0.6728515625 0.7013890625 0.6865234375 0.7013890625 0.6875 0.699653125 0.6865234375 0.69444375 0.6787109375 0.69444375 0.677734375 0.6927078125 0.6806640625 0.6875 0.68359375 0.6857640625 0.6806640625 0.68055625 0.677734375 0.67881875 0.677734375 0.675346875 0.6796875 0.671875 0.6787109375 0.6666671875 0.5556640625 0.6666671875 0.5537109375 0.66319375 0.5517578125 0.6666671875 0.5458984375 0.6666671875 0.544921875 0.66493125 0.5458984375 0.659721875 0.5556640625 0.659721875 0.556640625 0.6579859375 0.556640625 0.6545140625 0.5546875 0.6510421875 0.5556640625 0.6458328125 0.5791015625 0.6458328125 0.58203125 0.6510421875 0.578125 0.6545140625 0.5791015625 0.659721875 0.6083984375 0.659721875 0.6103515625 0.65625 0.6123046875 0.659721875 0.6240234375 0.659721875 0.6259765625 0.65625 0.6279296875 0.65625 0.6298828125 0.659721875 0.6376953125 0.659721875 0.640625 0.6545140625 0.638671875 0.6510421875 0.6416015625 0.6458328125 0.6435546875 0.6458328125 0.646484375 0.6510421875 0.64453125 0.6545140625 0.6474609375 0.659721875 0.6533203125 0.659721875 0.654296875 0.6579859375 0.654296875 0.64756875 0.65625 0.644096875 0.6552734375 0.6388890625 0.6455078125 0.6388890625 0.6435546875 0.6423609375 0.6416015625 0.6423609375 0.6396484375 0.6388890625 0.6005859375 0.6388890625 0.5986328125 0.6354171875 0.5966796875 0.6388890625 0.595703125 0.637153125 0.5966796875 0.63194375 0.6044921875 0.63194375 0.60546875 0.6302078125 0.60546875 0.6267359375 0.6015625 0.6232640625 0.6025390625 0.61805625 0.6123046875 0.61805625 0.61328125 0.6197921875 0.61328125 0.6267359375 0.6162109375 0.63194375 0.6220703125 0.63194375 0.6259765625 0.61805625 0.6279296875 0.61805625 0.6298828125 0.625 0.6337890625 0.61805625 0.6357421875 0.61805625 0.6376953125 0.621528125 0.6396484375 0.61805625 0.6435546875 0.61805625 0.646484375 0.6232640625 0.6474609375 0.628471875 0.6533203125 0.63194375 0.654296875 0.6267359375 0.6484375 0.6232640625 0.6494140625 0.61805625 0.6552734375 0.61805625 0.65625 0.61631875 0.6533203125 0.6111109375 0.6474609375 0.6111109375 0.6455078125 0.6145828125 0.6416015625 0.6145828125 0.6396484375 0.6111109375 0.6103515625 0.6111109375 0.6083984375 0.6145828125 0.6064453125 0.6111109375 0.6025390625 0.6111109375 0.6005859375 0.6145828125 0.5986328125 0.6111109375 0.5478515625 0.6111109375 0.544921875 0.605903125 0.5478515625 0.60069375 0.5517578125 0.60069375 0.5537109375 0.6041671875 0.5576171875 0.6041671875 0.55859375 0.60243125 0.55859375 0.5989578125 0.5546875 0.5954859375 0.5576171875 0.590278125 0.5634765625 0.590278125 0.5673828125 0.597221875 0.5712890625 0.590278125 0.5810546875 0.590278125 0.58203125 0.5885421875 0.5791015625 0.5833328125 0.5556640625 0.5833328125 0.552734375 0.578125 0.5546875 0.574653125 0.5517578125 0.56944375 0.5498046875 0.5729171875 0.546875 0.574653125 0.55078125 0.578125 0.5498046875 0.5833328125 0.5244140625 0.5833328125 0.5234375 0.578125 0.52734375 0.574653125 0.5244140625 0.56944375 0.5185546875 0.56944375 0.515625 0.574653125 0.5185546875 0.5763890625 0.51953125 0.581596875 0.5244140625 0.590278125 0.5341796875 0.590278125 0.53515625 0.5920140625 0.53515625 0.5954859375 0.5322265625 0.597221875 0.53125 0.60243125 0.537109375 0.605903125 0.5341796875 0.6076390625 0.5322265625 0.6111109375 0.5263671875 0.6111109375 0.5244140625 0.6076390625 0.5166015625 0.6076390625 0.515625 0.605903125 0.5185546875 0.60069375 0.5205078125 0.6041671875 0.5263671875 0.6041671875 0.52734375 0.5989578125 0.5263671875 0.597221875 0.5126953125 0.597221875 0.51171875 0.5954859375 0.51171875 0.58506875 0.5107421875 0.5833328125 0.5068359375 0.5833328125 0.505859375 0.5885421875 0.50390625 0.5920140625 0.50390625 0.5954859375 0.5009765625 0.597221875 0.5 0.5920140625 0.5029296875 0.590278125 0.50390625 0.58506875 0.5029296875 0.5833328125 0.4931640625 0.5833328125 0.4921875 0.578125 0.49609375 0.57118125 0.4951171875 0.56944375 0.4912109375 0.56944375 0.4892578125 0.565971875 0.4873046875 0.56944375 0.484375 0.57118125 0.484375 0.574653125 0.4873046875 0.5763890625 0.48828125 0.581596875 0.4873046875 0.5833328125 0.4775390625 0.5833328125 0.474609375 0.5885421875 0.4755859375 0.590278125 0.4814453125 0.590278125 0.482421875 0.5920140625 0.4794921875 0.597221875 0.4736328125 0.597221875 0.47265625 0.5989578125 0.4736328125 0.6041671875 0.4873046875 0.6041671875 0.48828125 0.605903125 0.4873046875 0.6111109375 0.4853515625 0.6111109375 0.4833984375 0.6076390625 0.4814453125 0.6076390625 0.4794921875 0.6111109375 0.4404296875 0.6111109375 0.4384765625 0.6145828125 0.435546875 0.61631875 0.44140625 0.6197921875 0.4384765625 0.625 0.4267578125 0.625 0.423828125 0.6302078125 0.4248046875 0.63194375 0.4384765625 0.63194375 0.44140625 0.637153125 0.439453125 0.640625 0.4404296875 0.6458328125 0.4501953125 0.6458328125 0.4521484375 0.64930625 0.4541015625 0.6458328125 0.4560546875 0.6458328125 0.45703125 0.64756875 0.4560546875 0.652778125 0.4501953125 0.652778125 0.44921875 0.6545140625 0.44921875 0.66493125 0.4482421875 0.6666671875 0.4453125 0.6614578125 0.447265625 0.6579859375 0.4423828125 0.64930625 0.4404296875 0.652778125 0.4091796875 0.652778125 0.40625 0.6579859375 0.40625 0.6614578125 0.4091796875 0.66319375 0.4111328125 0.6666671875 0.4169921875 0.66319375 0.4228515625 0.6736109375 0.4267578125 0.6736109375 0.4326171875 0.6666671875 0.4365234375 0.6666671875 0.4375 0.6614578125 0.4404296875 0.659721875 0.44140625 0.6614578125 0.4375 0.668403125 0.4375 0.675346875 0.4404296875 0.68055625 0.4443359375 0.68055625 0.4462890625 0.6770828125 0.4521484375 0.68055625 0.4541015625 0.6770828125 0.4560546875 0.68055625 0.4580078125 0.68055625 0.4609375 0.6857640625 0.4609375 0.6927078125 0.4619140625 0.69444375 0.4755859375 0.69444375 0.4775390625 0.7013890625 0.48046875 0.699653125 0.48046875 0.69618125 0.478515625 0.6927078125 0.4794921875 0.690971875 0.4814453125 0.69444375 0.4833984375 0.69444375 0.4853515625 0.7013890625 0.5029296875 0.7013890625 0.50390625 0.703125 0.5029296875 0.7083328125 0.4931640625 0.7083328125 0.4912109375 0.7048609375 0.4892578125 0.7048609375 0.4873046875 0.7083328125 0.4833984375 0.7083328125 0.4814453125 0.7048609375 0.4794921875 0.7083328125 0.4716796875 0.7083328125 0.470703125 0.71006875 0.470703125 0.7135421875 0.4775390625 0.72569375 0.4853515625 0.72569375 0.4873046875 0.7291671875 0.4892578125 0.72569375 0.4912109375 0.7291671875 0.4931640625 0.7291671875 0.49609375 0.734375 0.494140625 0.737846875 0.4951171875 0.74305625 0.5009765625 0.74305625 0.5029296875 0.746528125 0.5107421875 0.746528125 0.5126953125 0.74305625 0.515625 0.7482640625 0.5166015625 0.753471875 0.5185546875 0.753471875 0.5205078125 0.75 0.5224609375 0.75 0.5244140625 0.753471875 0.5302734375 0.75 0.5322265625 0.75694375 0.5439453125 0.75694375 0.5458984375 0.753471875 0.5517578125 0.753471875 0.552734375 0.7552078125 0.552734375 0.762153125 0.548828125 0.769096875 0.5498046875 0.77430625 0.5615234375 0.77430625 0.5634765625 0.7708328125 0.5654296875 0.7708328125 0.5673828125 0.77430625 0.5791015625 0.77430625 0.5810546875 0.777778125 0.5849609375 0.777778125 0.5859375 0.7760421875 0.5859375 0.77256875 0.5888671875 0.7708328125 0.5947265625 0.7604171875 0.5966796875 0.7604171875
4 0.4892578125 0 0.48828125 0.005207812500000001 0.486328125 0.00868125 0.486328125 0.012153124999999999 0.4833984375 0.013889062499999999 0.4765625 0.0260421875 0.4765625 0.046875 0.474609375 0.050346875 0.474609375 0.053818750000000005 0.470703125 0.06076406250000001 0.4736328125 0.065971875 0.4755859375 0.065971875 0.4775390625 0.06944375 0.4892578125 0.06944375 0.4912109375 0.07291718750000001 0.4931640625 0.07291718750000001 0.494140625 0.074653125 0.494140625 0.09548593749999999 0.4912109375 0.10069375 0.48828125 0.10243125 0.490234375 0.10590312500000001 0.4873046875 0.1111109375 0.484375 0.10590312500000001 0.484375 0.10243125 0.4814453125 0.10069375 0.4736328125 0.11458281249999999 0.4716796875 0.11458281249999999 0.4697265625 0.12152812500000001 0.4677734375 0.11805625 0.466796875 0.11979218750000001 0.466796875 0.1302078125 0.47265625 0.140625 0.47265625 0.14756875 0.478515625 0.1579859375 0.478515625 0.171875 0.48046875 0.17534687499999999 0.48046875 0.1822921875 0.4814453125 0.18402812500000001 0.4873046875 0.18402812500000001 0.4892578125 0.1875 0.490234375 0.1857640625 0.494140625 0.17534687499999999 0.494140625 0.171875 0.4921875 0.16840312500000001 0.4921875 0.1545140625 0.4951171875 0.14930625 0.4990234375 0.14930625 0.5009765625 0.15277812500000001 0.5068359375 0.15277812500000001 0.5087890625 0.14930625 0.5126953125 0.14930625 0.5185546875 0.1388890625 0.5244140625 0.14930625 0.52734375 0.14756875 0.52734375 0.11979218750000001 0.529296875 0.11631875 0.529296875 0.11284687499999999 0.52734375 0.109375 0.52734375 0.10243125 0.53125 0.09201406250000001 0.53125 0.081596875 0.53515625 0.074653125 0.53515625 0.07118125 0.5322265625 0.06944375 0.53125 0.06423593749999999 0.529296875 0.06076406250000001 0.529296875 0.043403125 0.53125 0.03993125 0.53125 0.00868125 0.5263671875 0 0.4892578125 0
4 0.40234375 0.75868125 0.40234375 0.734375 0.3994140625 0.7291671875 0.3984375 0.734375 0.396484375 0.737846875 0.396484375 0.7482640625 0.39453125 0.7517359375 0.39453125 0.75868125 0.396484375 0.762153125 0.396484375 0.7795140625 0.3974609375 0.78125 0.4013671875 0.78125 0.40234375 0.7795140625 0.40234375 0.77256875 0.400390625 0.769096875 0.400390625 0.762153125 0.40234375 0.75868125
4 0.447265625 0.862846875 0.44140625 0.859375 0.44140625 0.8489578124999999 0.443359375 0.8454859375 0.4453125 0.8350687499999999 0.4443359375 0.8333328124999999 0.4423828125 0.8368062500000001 0.4384765625 0.8368062500000001 0.4365234375 0.840278125 0.4345703125 0.8368062500000001 0.431640625 0.8350687499999999 0.4296875 0.824653125 0.4267578125 0.8194437499999999 0.4208984375 0.815971875 0.41796875 0.8211812500000001 0.41796875 0.8732640625 0.416015625 0.8767359375 0.4189453125 0.8819437499999999 0.4208984375 0.8819437499999999 0.4228515625 0.8854171875000001 0.4248046875 0.8819437499999999 0.4287109375 0.8819437499999999 0.431640625 0.887153125 0.4296875 0.890625 0.431640625 0.9010421875000001 0.4326171875 0.902778125 0.4365234375 0.902778125 0.4375 0.9010421875000001 0.4453125 0.887153125 0.4453125 0.8836812500000001 0.447265625 0.8802078124999999 0.447265625 0.862846875
4 0.408203125 0.8385421875000001 0.4072265625 0.8368062500000001 0.4052734375 0.840278125 0.3994140625 0.840278125 0.3984375 0.8420140625 0.3984375 0.855903125 0.400390625 0.859375 0.3984375 0.862846875 0.400390625 0.8663187499999999 0.400390625 0.8697921875000001 0.4013671875 0.871528125 0.4091796875 0.871528125 0.41015625 0.8697921875000001 0.412109375 0.8663187499999999 0.412109375 0.862846875 0.408203125 0.8524312500000001 0.408203125 0.8385421875000001
4 0.451171875 0.7482640625 0.451171875 0.71006875 0.453125 0.706596875 0.453125 0.703125 0.4482421875 0.69444375 0.4462890625 0.69444375 0.4443359375 0.6979171875 0.44140625 0.6927078125 0.4404296875 0.6875 0.4375 0.6927078125 0.4375 0.699653125 0.4345703125 0.7048609375 0.4306640625 0.7048609375 0.42578125 0.7135421875 0.427734375 0.7170140625 0.427734375 0.7239578125 0.4326171875 0.7326390625 0.4365234375 0.72569375 0.44140625 0.734375 0.44140625 0.7447921875 0.4453125 0.7552078125 0.443359375 0.75868125 0.443359375 0.762153125 0.4453125 0.765625 0.4453125 0.77256875 0.4482421875 0.777778125 0.44921875 0.7760421875 0.44921875 0.77256875 0.447265625 0.769096875 0.447265625 0.75868125 0.451171875 0.7482640625