4 0.4912109375 0 0.4873046875 0.00694375 0.4814453125 0.00694375 0.4794921875 0.0104171875 0.4775390625 0.0104171875 0.4736328125 0.0173609375 0.4716796875 0.0173609375 0.470703125 0.019096875 0.470703125 0.050346875 0.474609375 0.0572921875 0.474609375 0.074653125 0.4765625 0.078125 0.4736328125 0.08333281249999999 0.4716796875 0.08333281249999999 0.46875 0.08854218750000001 0.4677734375 0.09375 0.4580078125 0.09375 0.455078125 0.09895781249999999 0.455078125 0.10243125 0.453125 0.10590312500000001 0.453125 0.1232640625 0.4580078125 0.13194375 0.4599609375 0.13194375 0.4619140625 0.1354171875 0.4658203125 0.1354171875 0.4716796875 0.125 0.4736328125 0.125 0.4794921875 0.1354171875 0.4853515625 0.1354171875 0.4873046875 0.1388890625 0.4990234375 0.1388890625 0.501953125 0.13368125 0.501953125 0.10590312500000001 0.50390625 0.10243125 0.50390625 0.09201406250000001 0.505859375 0.08854218750000001 0.501953125 0.08506875 0.501953125 0.074653125 0.5048828125 0.06944375 0.5087890625 0.06944375 0.5107421875 0.07291718750000001 0.5146484375 0.07291718750000001 0.515625 0.074653125 0.515625 0.09201406250000001 0.517578125 0.09548593749999999 0.517578125 0.11631875 0.515625 0.11979218750000001 0.5146484375 0.125 0.5107421875 0.125 0.5078125 0.1302078125 0.5078125 0.13715312500000001 0.505859375 0.140625 0.505859375 0.14756875 0.501953125 0.1545140625 0.501953125 0.17881875 0.5 0.1822921875 0.501953125 0.1857640625 0.501953125 0.1892359375 0.5029296875 0.19097187499999999 0.5185546875 0.19097187499999999 0.5205078125 0.1875 0.5224609375 0.1875 0.5244140625 0.19097187499999999 0.5263671875 0.19097187499999999 0.5283203125 0.1875 0.5302734375 0.1875 0.5322265625 0.19097187499999999 0.5498046875 0.19097187499999999 0.5517578125 0.1875 0.5537109375 0.1875 0.5556640625 0.19097187499999999 0.5615234375 0.19097187499999999 0.5634765625 0.19444375 0.5673828125 0.19444375 0.568359375 0.1927078125 0.5693359375 0.19097187499999999 0.5732421875 0.19097187499999999 0.5751953125 0.1875 0.5810546875 0.1875 0.58203125 0.1822921875 0.583984375 0.17881875 0.583984375 0.1510421875 0.580078125 0.140625 0.580078125 0.13715312500000001 0.58203125 0.13368125 0.58203125 0.1267359375 0.578125 0.11979218750000001 0.578125 0.11631875 0.576171875 0.11284687499999999 0.576171875 0.10590312500000001 0.57421875 0.10243125 0.57421875 0.09895781249999999 0.576171875 0.09548593749999999 0.576171875 0.074653125 0.5810546875 0.065971875 0.5849609375 0.065971875 0.5869140625 0.0625 0.5908203125 0.0625 0.5927734375 0.059028125 0.5947265625 0.0625 0.5966796875 0.059028125 0.5986328125 0.059028125 0.60546875 0.046875 0.60546875 0.03993125 0.607421875 0.0364578125 0.607421875 0.0295140625 0.609375 0.0260421875 0.607421875 0.022568750000000002 0.60546875 0.012153124999999999 0.5986328125 0 0.4912109375 0
4 0.5791015625 0.18402812500000001 0.583984375 0.17534687499999999 0.583984375 0.1510421875 0.58203125 0.14756875 0.58203125 0.14409687499999999 0.578125 0.13715312500000001 0.578125 0.11979218750000001 0.576171875 0.11631875 0.576171875 0.11284687499999999 0.572265625 0.10243125 0.572265625 0.09895781249999999 0.57421875 0.09548593749999999 0.57421875 0.08506875 0.576171875 0.081596875 0.576171875 0.078125 0.5712890625 0.06944375 0.5693359375 0.06944375 0.5673828125 0.065971875 0.5595703125 0.065971875 0.5537109375 0.059028125 0.5478515625 0.059028125 0.5458984375 0.055556249999999995 0.5419921875 0.055556249999999995 0.5361328125 0.065971875 0.5322265625 0.065971875 0.5302734375 0.06944375 0.5244140625 0.06944375 0.5234375 0.07118125 0.5234375 0.08506875 0.525390625 0.08854218750000001 0.525390625 0.09201406250000001 0.5283203125 0.097221875 0.53125 0.09895781249999999 0.53125 0.10243125 0.5302734375 0.10416718750000001 0.5263671875 0.10416718750000001 0.5234375 0.109375 0.5234375 0.11284687499999999 0.521484375 0.11631875 0.521484375 0.1510421875 0.51953125 0.1545140625 0.51953125 0.16840312500000001 0.5234375 0.17534687499999999 0.5244140625 0.18055625 0.5302734375 0.18055625 0.5322265625 0.18402812500000001 0.5361328125 0.18402812500000001 0.5380859375 0.1875 0.5615234375 0.1875 0.5634765625 0.19097187499999999 0.5673828125 0.19097187499999999 0.568359375 0.1892359375 0.5693359375 0.1875 0.5732421875 0.1875 0.5751953125 0.18402812500000001 0.5791015625 0.18402812500000001
4 0.4609375 0.699653125 0.455078125 0.6892359375 0.455078125 0.671875 0.453125 0.668403125 0.451171875 0.6579859375 0.4453125 0.64756875 0.4453125 0.644096875 0.4423828125 0.6388890625 0.439453125 0.637153125 0.439453125 0.61631875 0.4423828125 0.6111109375 0.4443359375 0.6111109375 0.4462890625 0.6076390625 0.4501953125 0.6076390625 0.453125 0.60243125 0.453125 0.5885421875 0.455078125 0.58506875 0.453125 0.581596875 0.4560546875 0.5763890625 0.4580078125 0.5798609375 0.4677734375 0.5798609375 0.4697265625 0.58680625 0.4755859375 0.58680625 0.4775390625 0.590278125 0.4833984375 0.59375 0.4853515625 0.60069375 0.4931640625 0.60069375 0.4951171875 0.597221875 0.4970703125 0.597221875 0.5 0.5920140625 0.5 0.581596875 0.501953125 0.578125 0.501953125 0.5607640625 0.498046875 0.550346875 0.498046875 0.5295140625 0.4951171875 0.527778125 0.4892578125 0.5138890625 0.486328125 0.515625 0.486328125 0.52256875 0.482421875 0.5329859375 0.482421875 0.550346875 0.4814453125 0.5520828125 0.4736328125 0.5520828125 0.4716796875 0.55555625 0.46875 0.550346875 0.46875 0.5329859375 0.466796875 0.5295140625 0.466796875 0.5052078125 0.4697265625 0.5 0.4833984375 0.5 0.4853515625 0.503471875 0.4912109375 0.503471875 0.4931640625 0.5 0.4990234375 0.5 0.5009765625 0.49652812500000004 0.5029296875 0.49652812500000004 0.5048828125 0.5 0.5107421875 0.5 0.5126953125 0.49652812500000004 0.5185546875 0.49652812500000004 0.5205078125 0.5 0.5537109375 0.5 0.5556640625 0.49652812500000004 0.5771484375 0.49652812500000004 0.5791015625 0.5 0.5849609375 0.5 0.5869140625 0.49652812500000004 0.58984375 0.4947921875 0.58984375 0.48784687499999996 0.591796875 0.484375 0.591796875 0.4670140625 0.5859375 0.45659687499999996 0.5859375 0.44965312500000004 0.5830078125 0.44444375 0.5791015625 0.44444375 0.5771484375 0.44097187499999996 0.5615234375 0.44097187499999996 0.560546875 0.4357640625 0.5576171875 0.43055625 0.5556640625 0.43055625 0.552734375 0.42534687499999996 0.5517578125 0.4201390625 0.5498046875 0.4201390625 0.5478515625 0.4166671875 0.5361328125 0.4166671875 0.533203125 0.421875 0.533203125 0.4392359375 0.5302734375 0.44444375 0.5126953125 0.44444375 0.5107421875 0.44097187499999996 0.5029296875 0.44097187499999996 0.5 0.4357640625 0.5 0.42881875 0.498046875 0.42534687499999996 0.498046875 0.421875 0.4951171875 0.4201390625 0.4931640625 0.4166671875 0.4775390625 0.4166671875 0.4755859375 0.4201390625 0.4736328125 0.4166671875 0.4716796875 0.4166671875 0.46875 0.4114578125 0.46875 0.394096875 0.4697265625 0.3923609375 0.4755859375 0.3923609375 0.4775390625 0.3888890625 0.48046875 0.387153125 0.48046875 0.36631874999999997 0.484375 0.355903125 0.484375 0.3385421875 0.478515625 0.328125 0.478515625 0.32118125000000003 0.48046875 0.3177078125 0.48046875 0.3072921875 0.4833984375 0.3020828125 0.4951171875 0.3020828125 0.498046875 0.296875 0.49609375 0.2864578125 0.5 0.2829859375 0.5 0.2795140625 0.498046875 0.2760421875 0.5 0.27256874999999997 0.5 0.237846875 0.4970703125 0.23263906250000002 0.4951171875 0.23263906250000002 0.494140625 0.230903125 0.494140625 0.2239578125 0.4912109375 0.222221875 0.4833984375 0.2083328125 0.4775390625 0.2083328125 0.46875 0.2239578125 0.46875 0.2517359375 0.466796875 0.2552078125 0.466796875 0.262153125 0.46484375 0.265625 0.46484375 0.269096875 0.4619140625 0.27430625000000003 0.4580078125 0.27430625000000003 0.45703125 0.2795140625 0.4541015625 0.284721875 0.4482421875 0.27430625000000003 0.4462890625 0.277778125 0.4365234375 0.277778125 0.4345703125 0.28125 0.4306640625 0.28125 0.4296875 0.2829859375 0.431640625 0.2864578125 0.4296875 0.28993125000000003 0.4296875 0.300346875 0.4326171875 0.3020828125 0.435546875 0.3072921875 0.435546875 0.3107640625 0.4375 0.3142359375 0.4375 0.3454859375 0.44140625 0.35243125000000003 0.44140625 0.355903125 0.44921875 0.3697921875 0.4453125 0.3767359375 0.4453125 0.38368125000000003 0.4482421875 0.3888890625 0.4560546875 0.3888890625 0.458984375 0.394096875 0.4541015625 0.40277812500000004 0.4482421875 0.40277812500000004 0.4453125 0.4079859375 0.4443359375 0.41319375 0.4404296875 0.41319375 0.435546875 0.421875 0.435546875 0.4392359375 0.4384765625 0.44444375 0.4443359375 0.44444375 0.447265625 0.44965312500000004 0.447265625 0.4704859375 0.443359375 0.47743125 0.443359375 0.48090312500000004 0.439453125 0.49131875 0.439453125 0.4982640625 0.4375 0.5017359375 0.4375 0.515625 0.439453125 0.519096875 0.439453125 0.52256875 0.43359375 0.5329859375 0.43359375 0.53993125 0.431640625 0.543403125 0.431640625 0.550346875 0.4296875 0.55381875 0.4296875 0.5677078125 0.427734375 0.57118125 0.427734375 0.60243125 0.4296875 0.605903125 0.4267578125 0.6111109375 0.4228515625 0.6111109375 0.421875 0.612846875 0.421875 0.61631875 0.419921875 0.6197921875 0.419921875 0.63368125 0.4169921875 0.6388890625 0.4130859375 0.6388890625 0.4111328125 0.6423609375 0.408203125 0.644096875 0.408203125 0.6614578125 0.412109375 0.668403125 0.4140625 0.67881875 0.419921875 0.6892359375 0.4208984375 0.69444375 0.4228515625 0.69444375 0.4248046875 0.6979171875 0.4287109375 0.6979171875 0.4306640625 0.69444375 0.4326171875 0.69444375 0.4345703125 0.6979171875 0.4384765625 0.6979171875 0.44140625 0.703125 0.44140625 0.7135421875 0.443359375 0.7170140625 0.4443359375 0.722221875 0.4560546875 0.722221875 0.45703125 0.7204859375 0.45703125 0.7170140625 0.458984375 0.7135421875 0.458984375 0.703125 0.4609375 0.699653125
4 0.5830078125 0.30555625000000003 0.587890625 0.296875 0.587890625 0.269096875 0.5791015625 0.253471875 0.5771484375 0.253471875 0.5751953125 0.25 0.5673828125 0.25 0.5654296875 0.246528125 0.5625 0.2447921875 0.5625 0.237846875 0.560546875 0.234375 0.5625 0.230903125 0.5625 0.21006874999999997 0.560546875 0.206596875 0.560546875 0.203125 0.5595703125 0.20138906250000002 0.5576171875 0.20486093749999998 0.5556640625 0.20138906250000002 0.5498046875 0.20138906250000002 0.548828125 0.206596875 0.546875 0.21006874999999997 0.546875 0.2239578125 0.548828125 0.22743125000000003 0.55078125 0.237846875 0.552734375 0.24131874999999997 0.552734375 0.2447921875 0.5498046875 0.246528125 0.5478515625 0.25 0.5322265625 0.25 0.53125 0.24826406250000002 0.53125 0.2239578125 0.52734375 0.21701406250000002 0.52734375 0.2135421875 0.5244140625 0.2083328125 0.5185546875 0.2083328125 0.517578125 0.21006874999999997 0.517578125 0.24826406250000002 0.515625 0.2517359375 0.515625 0.262153125 0.513671875 0.265625 0.513671875 0.269096875 0.515625 0.27256874999999997 0.515625 0.2760421875 0.51953125 0.2829859375 0.51953125 0.28993125000000003 0.5166015625 0.2916671875 0.515625 0.296875 0.5185546875 0.3020828125 0.5224609375 0.3020828125 0.5244140625 0.30555625000000003 0.5322265625 0.30555625000000003 0.5341796875 0.309028125 0.5361328125 0.309028125 0.5380859375 0.30555625000000003 0.5498046875 0.30555625000000003 0.5517578125 0.309028125 0.5556640625 0.309028125 0.5595703125 0.315971875 0.5634765625 0.315971875 0.564453125 0.3142359375 0.5673828125 0.309028125 0.5693359375 0.309028125 0.5712890625 0.30555625000000003 0.5830078125 0.30555625000000003
4 0.5791015625 0.18402812500000001 0.583984375 0.17534687499999999 0.583984375 0.1510421875 0.578125 0.140625 0.578125 0.13715312500000001 0.5751953125 0.1354171875 0.5732421875 0.13194375 0.5693359375 0.13194375 0.5673828125 0.12847187499999999 0.5595703125 0.12847187499999999 0.5576171875 0.13194375 0.5537109375 0.13194375 0.5517578125 0.1354171875 0.5458984375 0.1354171875 0.5439453125 0.1388890625 0.5419921875 0.1388890625 0.5400390625 0.1423609375 0.5341796875 0.1458328125 0.529296875 0.1545140625 0.529296875 0.1579859375 0.52734375 0.1614578125 0.52734375 0.17534687499999999 0.5302734375 0.18055625 0.5322265625 0.18055625 0.5341796875 0.18402812500000001 0.5380859375 0.18402812500000001 0.5400390625 0.1875 0.5458984375 0.1875 0.5478515625 0.18402812500000001 0.5556640625 0.18402812500000001 0.5576171875 0.1875 0.5634765625 0.1875 0.5654296875 0.19097187499999999 0.56640625 0.1892359375 0.5673828125 0.1875 0.5732421875 0.1875 0.5751953125 0.18402812500000001 0.5791015625 0.18402812500000001
4 0.4990234375 0 0.4970703125 0.003471875 0.4931640625 0.003471875 0.4912109375 0.00694375 0.4892578125 0.00694375 0.4833984375 0.0173609375 0.4814453125 0.0173609375 0.474609375 0.0295140625 0.474609375 0.0329859375 0.47265625 0.0364578125 0.47265625 0.050346875 0.474609375 0.053818750000000005 0.4755859375 0.059028125 0.4912109375 0.059028125 0.4970703125 0.065971875 0.5205078125 0.065971875 0.5224609375 0.0625 0.5361328125 0.0625 0.5419921875 0.055556249999999995 0.5478515625 0.055556249999999995 0.5498046875 0.059028125 0.5556640625 0.059028125 0.5576171875 0.0625 0.5634765625 0.0625 0.5654296875 0.065971875 0.5810546875 0.065971875 0.58203125 0.06423593749999999 0.5849609375 0.0625 0.5869140625 0.059028125 0.5908203125 0.059028125 0.5927734375 0.055556249999999995 0.5947265625 0.059028125 0.5966796875 0.059028125 0.6015625 0.050346875 0.6015625 0.03993125 0.60546875 0.0295140625 0.60546875 0.012153124999999999 0.6005859375 0.003471875 0.5986328125 0.003471875 0.5966796875 0 0.4990234375 0
4 0.578125 0.3732640625 0.580078125 0.3697921875 0.580078125 0.355903125 0.58203125 0.35243125000000003 0.58203125 0.3454859375 0.580078125 0.3420140625 0.580078125 0.33506874999999997 0.5791015625 0.3333328125 0.5634765625 0.3333328125 0.5615234375 0.3298609375 0.5576171875 0.3298609375 0.5556640625 0.3333328125 0.5498046875 0.3333328125 0.5478515625 0.33680625000000003 0.5439453125 0.33680625000000003 0.5419921875 0.3333328125 0.5244140625 0.3333328125 0.5224609375 0.33680625000000003 0.5185546875 0.33680625000000003 0.5146484375 0.34375 0.5087890625 0.34375 0.50390625 0.35243125000000003 0.50390625 0.355903125 0.501953125 0.359375 0.501953125 0.362846875 0.50390625 0.36631874999999997 0.50390625 0.3697921875 0.501953125 0.3732640625 0.501953125 0.3802078125 0.5048828125 0.38194374999999997 0.5068359375 0.3854171875 0.5107421875 0.3854171875 0.5166015625 0.3923609375 0.5283203125 0.3923609375 0.5302734375 0.3888890625 0.5439453125 0.3888890625 0.5478515625 0.38194374999999997 0.5498046875 0.38194374999999997 0.5517578125 0.3854171875 0.5595703125 0.3854171875 0.5615234375 0.3888890625 0.5654296875 0.3888890625 0.5673828125 0.3923609375 0.5703125 0.390625 0.5712890625 0.3888890625 0.5751953125 0.3888890625 0.578125 0.38368125000000003 0.578125 0.3732640625
4 0.5849609375 0.2986109375 0.5859375 0.296875 0.5859375 0.28993125000000003 0.587890625 0.2864578125 0.587890625 0.269096875 0.5849609375 0.2638890625 0.5830078125 0.2638890625 0.5810546875 0.2604171875 0.5771484375 0.2604171875 0.5673828125 0.24305625000000003 0.5595703125 0.24305625000000003 0.5576171875 0.2395828125 0.5556640625 0.2395828125 0.5546875 0.2447921875 0.552734375 0.24826406250000002 0.552734375 0.25868125000000003 0.55078125 0.262153125 0.55078125 0.2760421875 0.548828125 0.2795140625 0.548828125 0.2829859375 0.55078125 0.2864578125 0.55078125 0.293403125 0.552734375 0.296875 0.552734375 0.300346875 0.5556640625 0.3020828125 0.55859375 0.3072921875 0.5595703125 0.3125 0.5654296875 0.3125 0.56640625 0.3107640625 0.5712890625 0.3020828125 0.5791015625 0.3020828125 0.5810546875 0.2986109375 0.5849609375 0.2986109375
4 0.455078125 0.543403125 0.45703125 0.53993125 0.45703125 0.5364578125 0.46484375 0.52256875 0.46484375 0.515625 0.45703125 0.5052078125 0.45703125 0.5017359375 0.458984375 0.4982640625 0.458984375 0.484375 0.4541015625 0.47569375 0.4521484375 0.47569375 0.451171875 0.48090312500000004 0.4462890625 0.4895828125 0.443359375 0.49131875 0.443359375 0.4982640625 0.439453125 0.5052078125 0.439453125 0.512153125 0.44140625 0.515625 0.44140625 0.5329859375 0.443359375 0.5364578125 0.443359375 0.543403125 0.4453125 0.546875 0.4453125 0.5642359375 0.4482421875 0.56944375 0.44921875 0.5677078125 0.453125 0.5607640625 0.453125 0.5572921875 0.455078125 0.55381875 0.455078125 0.543403125
4 0.478515625 0.3454859375 0.478515625 0.3385421875 0.4765625 0.33506874999999997 0.478515625 0.331596875 0.478515625 0.3177078125 0.4775390625 0.315971875 0.4697265625 0.315971875 0.466796875 0.3107640625 0.466796875 0.30381874999999997 0.4638671875 0.2986109375 0.4619140625 0.2986109375 0.458984375 0.30381874999999997 0.458984375 0.32118125000000003 0.45703125 0.324653125 0.45703125 0.328125 0.453125 0.33506874999999997 0.453125 0.3454859375 0.455078125 0.3489578125 0.455078125 0.355903125 0.45703125 0.359375 0.45703125 0.36631874999999997 0.458984375 0.3697921875 0.458984375 0.3732640625 0.45703125 0.3767359375 0.458984375 0.3802078125 0.458984375 0.38368125000000003 0.4619140625 0.3888890625 0.4697265625 0.3888890625 0.470703125 0.387153125 0.4736328125 0.3854171875 0.4765625 0.3802078125 0.4765625 0.3489578125 0.478515625 0.3454859375
4 0.490234375 0.2239578125 0.48828125 0.22048593749999998 0.48828125 0.21701406250000002 0.4853515625 0.21180625000000003 0.4833984375 0.21180625000000003 0.4794921875 0.20486093749999998 0.4775390625 0.20486093749999998 0.4765625 0.21006874999999997 0.474609375 0.2135421875 0.474609375 0.22048593749999998 0.47265625 0.2239578125 0.47265625 0.24131874999999997 0.470703125 0.2447921875 0.470703125 0.25868125000000003 0.4736328125 0.2604171875 0.478515625 0.269096875 0.4794921875 0.27430625000000003 0.4853515625 0.27430625000000003 0.4892578125 0.28125 0.490234375 0.2795140625 0.4921875 0.2760421875 0.4921875 0.237846875 0.490234375 0.234375 0.490234375 0.2239578125
4 0.607421875 0.9670140625 0.607421875 0.9635421875000001 0.615234375 0.949653125 0.6123046875 0.9479171875000001 0.6103515625 0.9444437499999999 0.6044921875 0.9444437499999999 0.6015625 0.9392359375 0.6015625 0.9322921875000001 0.603515625 0.9288187499999999 0.603515625 0.918403125 0.6025390625 0.9166671875000001 0.5927734375 0.9166671875000001 0.591796875 0.918403125 0.591796875 0.925346875 0.59375 0.9288187499999999 0.59375 0.9392359375 0.5908203125 0.9444437499999999 0.5791015625 0.9444437499999999 0.578125 0.9461812500000001 0.578125 0.953125 0.576171875 0.956596875 0.576171875 0.9635421875000001 0.578125 0.9670140625 0.578125 0.980903125 0.5810546875 0.9861109375 0.5830078125 0.9861109375 0.5849609375 0.9826390625 0.5888671875 0.9826390625 0.5908203125 0.9861109375 0.591796875 0.984375 0.5947265625 0.9826390625 0.5966796875 0.9756937499999999 0.6025390625 0.9756937499999999 0.607421875 0.9670140625
4 0.5791015625 0.5798609375 0.5849609375 0.5798609375 0.5869140625 0.5763890625 0.5908203125 0.5763890625 0.591796875 0.574653125 0.5908203125 0.56944375 0.5869140625 0.56944375 0.5859375 0.5677078125 0.5859375 0.5607640625 0.5869140625 0.559028125 0.5908203125 0.559028125 0.595703125 0.550346875 0.595703125 0.543403125 0.59375 0.53993125 0.59375 0.5329859375 0.5927734375 0.53125 0.5869140625 0.53125 0.5849609375 0.527778125 0.5810546875 0.527778125 0.578125 0.5329859375 0.578125 0.53993125 0.57421875 0.546875 0.5732421875 0.5520828125 0.5634765625 0.5520828125 0.5595703125 0.559028125 0.5537109375 0.559028125 0.5517578125 0.55555625 0.5458984375 0.55555625 0.54296875 0.5607640625 0.54296875 0.5677078125 0.541015625 0.57118125 0.54296875 0.574653125 0.54296875 0.578125 0.5458984375 0.5833328125 0.5595703125 0.5833328125 0.5654296875 0.597221875 0.568359375 0.5954859375 0.5703125 0.5920140625 0.5712890625 0.58680625 0.5751953125 0.58680625 0.5791015625 0.5798609375
4 0.5458984375 0.972221875 0.5537109375 0.972221875 0.5576171875 0.9791671875000001 0.5595703125 0.9756937499999999 0.5634765625 0.9826390625 0.56640625 0.980903125 0.56640625 0.9739578124999999 0.5625 0.9704859375 0.5625 0.9461812500000001 0.5615234375 0.9444437499999999 0.5537109375 0.9444437499999999 0.55078125 0.9392359375 0.55078125 0.9322921875000001 0.552734375 0.9288187499999999 0.55078125 0.925346875 0.55078125 0.9149312500000001 0.552734375 0.9114578124999999 0.548828125 0.9079859375 0.548828125 0.9010421875000001 0.5517578125 0.8993062500000001 0.5546875 0.894096875 0.5458984375 0.8888890625 0.541015625 0.8802078124999999 0.541015625 0.8663187499999999 0.5400390625 0.8645828124999999 0.5380859375 0.8680562500000001 0.5361328125 0.8680562500000001 0.5341796875 0.8645828124999999 0.533203125 0.8663187499999999 0.533203125 0.8697921875000001 0.53125 0.8732640625 0.53125 0.887153125 0.529296875 0.890625 0.529296875 0.8975687499999999 0.5283203125 0.8993062500000001 0.5244140625 0.8993062500000001 0.5224609375 0.8888890625 0.51953125 0.894096875 0.51953125 0.9010421875000001 0.5234375 0.9079859375 0.515625 0.918403125 0.515625 0.949653125 0.513671875 0.953125 0.513671875 0.9600687499999999 0.515625 0.9635421875000001 0.515625 0.980903125 0.5205078125 0.9895828124999999 0.5224609375 0.9895828124999999 0.5244140625 0.9930562500000001 0.52734375 0.9913187499999999 0.5361328125 0.9861109375 0.5419921875 0.9756937499999999 0.5439453125 0.9756937499999999 0.5458984375 0.972221875
4 0.572265625 0.737846875 0.572265625 0.72743125 0.5751953125 0.722221875 0.5771484375 0.722221875 0.580078125 0.72743125 0.580078125 0.734375 0.578125 0.737846875 0.578125 0.74131875 0.5810546875 0.74305625 0.5830078125 0.746528125 0.5869140625 0.7395828125 0.5908203125 0.7395828125 0.5947265625 0.746528125 0.5986328125 0.746528125 0.6025390625 0.7395828125 0.60546875 0.737846875 0.603515625 0.734375 0.603515625 0.730903125 0.6064453125 0.72569375 0.609375 0.72743125 0.6064453125 0.7291671875 0.60546875 0.734375 0.6103515625 0.74305625 0.61328125 0.737846875 0.611328125 0.734375 0.611328125 0.67881875 0.6064453125 0.6701390625 0.6044921875 0.6701390625 0.603515625 0.675346875 0.59765625 0.6857640625 0.5966796875 0.690971875 0.59375 0.6857640625 0.59375 0.67881875 0.591796875 0.675346875 0.59375 0.671875 0.5908203125 0.6666671875 0.5634765625 0.6666671875 0.5625 0.668403125 0.5625 0.67881875 0.5595703125 0.684028125 0.5576171875 0.68055625 0.5546875 0.67881875 0.5546875 0.671875 0.5517578125 0.6666671875 0.5361328125 0.6666671875 0.5341796875 0.6701390625 0.5322265625 0.6701390625 0.529296875 0.675346875 0.529296875 0.71006875 0.5283203125 0.71180625 0.5263671875 0.7083328125 0.5224609375 0.7083328125 0.521484375 0.71006875 0.521484375 0.7204859375 0.51953125 0.7239578125 0.51953125 0.74131875 0.5205078125 0.74305625 0.5244140625 0.74305625 0.5283203125 0.7361109375 0.5322265625 0.75 0.5380859375 0.75 0.5400390625 0.746528125 0.5478515625 0.746528125 0.5498046875 0.75 0.5556640625 0.75 0.556640625 0.7482640625 0.5576171875 0.746528125 0.5693359375 0.746528125 0.5703125 0.74131875 0.572265625 0.737846875