4 0.5712890625 0.96875 0.5771484375 0.972221875 0.580078125 0.9670140625 0.580078125 0.9635421875000001 0.5771484375 0.9583328124999999 0.5693359375 0.9583328124999999 0.5673828125 0.9479171875000001 0.5634765625 0.9479171875000001 0.5615234375 0.9444437499999999 0.5556640625 0.9444437499999999 0.5537109375 0.940971875 0.5517578125 0.940971875 0.55078125 0.9392359375 0.55078125 0.921875 0.548828125 0.918403125 0.5478515625 0.9131937499999999 0.5302734375 0.9131937499999999 0.5244140625 0.9201390625 0.5126953125 0.9201390625 0.5107421875 0.9166671875000001 0.5048828125 0.9166671875000001 0.5029296875 0.9131937499999999 0.5009765625 0.9131937499999999 0.4990234375 0.90625 0.4970703125 0.90625 0.49609375 0.9114578124999999 0.4931640625 0.9166671875000001 0.4853515625 0.9166671875000001 0.4833984375 0.9201390625 0.4736328125 0.9201390625 0.47265625 0.921875 0.474609375 0.925346875 0.46875 0.9357640625 0.4677734375 0.940971875 0.4423828125 0.940971875 0.4404296875 0.9444437499999999 0.4384765625 0.9444437499999999 0.435546875 0.949653125 0.4375 0.953125 0.4375 0.9600687499999999 0.427734375 0.9774312500000001 0.4296875 0.980903125 0.4296875 0.9913187499999999 0.4326171875 0.9930562500000001 0.4345703125 0.996528125 0.5654296875 0.996528125 0.56640625 0.9947921875000001 0.56640625 0.980903125 0.568359375 0.9774312500000001 0.568359375 0.9739578124999999 0.5712890625 0.96875
4 0.5576171875 1 0.5595703125 0.996528125 0.5615234375 0.996528125 0.5634765625 1 0.564453125 0.9982640625 0.56640625 0.9947921875000001 0.56640625 0.984375 0.568359375 0.980903125 0.568359375 0.9600687499999999 0.5625 0.949653125 0.5625 0.9461812500000001 0.5595703125 0.940971875 0.5537109375 0.940971875 0.55078125 0.9357640625 0.55078125 0.918403125 0.5517578125 0.9166671875000001 0.5595703125 0.9166671875000001 0.560546875 0.9114578124999999 0.5625 0.9079859375 0.5625 0.9045140625 0.560546875 0.9010421875000001 0.560546875 0.890625 0.5576171875 0.8854171875000001 0.5537109375 0.8923609375 0.5458984375 0.8923609375 0.5439453125 0.8958328124999999 0.5400390625 0.8958328124999999 0.5380859375 0.8993062500000001 0.5322265625 0.8993062500000001 0.5302734375 0.902778125 0.5283203125 0.902778125 0.52734375 0.9045140625 0.52734375 0.9114578124999999 0.525390625 0.9149312500000001 0.525390625 0.918403125 0.5224609375 0.9236109375 0.5166015625 0.9236109375 0.5146484375 0.9201390625 0.5126953125 0.9201390625 0.509765625 0.9149312500000001 0.509765625 0.9079859375 0.5068359375 0.90625 0.5029296875 0.8993062500000001 0.5009765625 0.8993062500000001 0.4912109375 0.9166671875000001 0.4873046875 0.9166671875000001 0.4853515625 0.9131937499999999 0.4833984375 0.9131937499999999 0.4814453125 0.9166671875000001 0.4755859375 0.9201390625 0.47265625 0.925346875 0.47265625 0.9288187499999999 0.4677734375 0.9375 0.4619140625 0.9375 0.4599609375 0.934028125 0.4580078125 0.934028125 0.45703125 0.9392359375 0.4521484375 0.9479171875000001 0.4462890625 0.9479171875000001 0.4453125 0.949653125 0.4453125 0.956596875 0.443359375 0.9600687499999999 0.443359375 0.9704859375 0.4423828125 0.972221875 0.4384765625 0.972221875 0.4365234375 0.9756937499999999 0.4345703125 0.9756937499999999 0.431640625 0.980903125 0.431640625 0.987846875 0.4365234375 0.996528125 0.4443359375 0.996528125 0.4462890625 1 0.4501953125 1 0.4521484375 0.996528125 0.4658203125 0.996528125 0.4677734375 1 0.5576171875 1
4 0.388671875 0.769096875 0.38671875 0.75868125 0.3896484375 0.75694375 0.392578125 0.7517359375 0.390625 0.7482640625 0.392578125 0.7447921875 0.392578125 0.74131875 0.388671875 0.734375 0.388671875 0.7239578125 0.38671875 0.7204859375 0.38671875 0.7170140625 0.388671875 0.7135421875 0.3857421875 0.7083328125 0.3828125 0.71006875 0.3828125 0.7170140625 0.37890625 0.7239578125 0.37890625 0.734375 0.380859375 0.737846875 0.380859375 0.74131875 0.37890625 0.7447921875 0.380859375 0.7482640625 0.380859375 0.765625 0.37890625 0.769096875 0.380859375 0.77256875 0.380859375 0.7864578125 0.37890625 0.78993125 0.37890625 0.796875 0.380859375 0.800346875 0.3818359375 0.8055562500000001 0.384765625 0.8038187499999999 0.38671875 0.800346875 0.38671875 0.7795140625 0.384765625 0.7760421875 0.388671875 0.769096875
4 0.435546875 0.57118125 0.43359375 0.5677078125 0.43359375 0.5607640625 0.4287109375 0.5520828125 0.4228515625 0.5520828125 0.421875 0.546875 0.4169921875 0.53819375 0.4130859375 0.53819375 0.41015625 0.543403125 0.41015625 0.55381875 0.408203125 0.5572921875 0.408203125 0.5642359375 0.4140625 0.574653125 0.4150390625 0.5798609375 0.4208984375 0.5798609375 0.4228515625 0.5833328125 0.4267578125 0.5833328125 0.427734375 0.581596875 0.4287109375 0.5798609375 0.4326171875 0.5798609375 0.435546875 0.574653125 0.435546875 0.57118125
4 0.470703125 0.7760421875 0.470703125 0.762153125 0.47265625 0.75868125 0.47265625 0.7482640625 0.4765625 0.737846875 0.4765625 0.72743125 0.478515625 0.7239578125 0.478515625 0.703125 0.48046875 0.699653125 0.4794921875 0.69444375 0.4541015625 0.69444375 0.451171875 0.699653125 0.451171875 0.7204859375 0.44921875 0.7239578125 0.44921875 0.734375 0.4453125 0.737846875 0.4453125 0.74131875 0.4482421875 0.746528125 0.4501953125 0.746528125 0.451171875 0.7517359375 0.453125 0.7552078125 0.453125 0.7760421875 0.45703125 0.7829859375 0.45703125 0.7864578125 0.458984375 0.78993125 0.458984375 0.796875 0.4599609375 0.7986109375 0.4638671875 0.7986109375 0.46484375 0.796875 0.46484375 0.793403125 0.466796875 0.78993125 0.466796875 0.7795140625 0.470703125 0.7760421875
4 0.4267578125 0.47222187499999996 0.4287109375 0.46875 0.4326171875 0.46875 0.43359375 0.4670140625 0.43359375 0.44965312500000004 0.435546875 0.44618125 0.43359375 0.4427078125 0.435546875 0.4322921875 0.43359375 0.42881875 0.43359375 0.421875 0.431640625 0.41840312500000004 0.431640625 0.4114578125 0.4267578125 0.40277812500000004 0.4248046875 0.40277812500000004 0.421875 0.4079859375 0.421875 0.4114578125 0.4189453125 0.41319375 0.41796875 0.4114578125 0.41796875 0.4045140625 0.416015625 0.4010421875 0.416015625 0.39756874999999997 0.4130859375 0.3923609375 0.4091796875 0.39930625000000003 0.4072265625 0.39930625000000003 0.400390625 0.4114578125 0.400390625 0.42534687499999996 0.3984375 0.42881875 0.3984375 0.4427078125 0.400390625 0.44618125 0.400390625 0.453125 0.40234375 0.45659687499999996 0.40234375 0.4670140625 0.4091796875 0.4791671875 0.412109375 0.47743125 0.4130859375 0.47569375 0.4189453125 0.47569375 0.4208984375 0.47222187499999996 0.4267578125 0.47222187499999996
4 0.466796875 0.4427078125 0.46484375 0.4392359375 0.46484375 0.4322921875 0.4619140625 0.43055625 0.458984375 0.42534687499999996 0.458984375 0.421875 0.455078125 0.4114578125 0.455078125 0.4045140625 0.453125 0.4010421875 0.453125 0.387153125 0.451171875 0.38368125000000003 0.451171875 0.355903125 0.44921875 0.35243125000000003 0.44921875 0.3420140625 0.447265625 0.3385421875 0.447265625 0.33506874999999997 0.44921875 0.331596875 0.44921875 0.32118125000000003 0.447265625 0.3177078125 0.447265625 0.3142359375 0.44921875 0.3107640625 0.4462890625 0.30555625000000003 0.4404296875 0.3020828125 0.4375 0.3072921875 0.4375 0.3420140625 0.435546875 0.3454859375 0.435546875 0.394096875 0.4375 0.39756874999999997 0.4375 0.41493125 0.4384765625 0.4166671875 0.4501953125 0.4166671875 0.453125 0.421875 0.453125 0.42881875 0.451171875 0.4322921875 0.451171875 0.4670140625 0.4541015625 0.47222187499999996 0.4638671875 0.47222187499999996 0.46484375 0.4704859375 0.46875 0.4635421875 0.46875 0.46006875 0.466796875 0.45659687499999996 0.466796875 0.4427078125
4 0.5654296875 0.6423609375 0.5673828125 0.6423609375 0.5693359375 0.6388890625 0.572265625 0.637153125 0.572265625 0.63368125 0.57421875 0.6302078125 0.57421875 0.6232640625 0.578125 0.612846875 0.578125 0.605903125 0.580078125 0.60243125 0.580078125 0.5989578125 0.578125 0.5954859375 0.578125 0.5885421875 0.576171875 0.58506875 0.57421875 0.574653125 0.568359375 0.5642359375 0.568359375 0.5607640625 0.5654296875 0.55555625 0.5595703125 0.5520828125 0.5537109375 0.5416671875 0.5439453125 0.5416671875 0.54296875 0.546875 0.5361328125 0.559028125 0.533203125 0.5607640625 0.53515625 0.5642359375 0.53515625 0.578125 0.5322265625 0.5833328125 0.5263671875 0.58680625 0.517578125 0.60243125 0.517578125 0.605903125 0.51953125 0.609375 0.51953125 0.612846875 0.521484375 0.61631875 0.5234375 0.6267359375 0.5244140625 0.628471875 0.5283203125 0.628471875 0.53125 0.63368125 0.5322265625 0.6388890625 0.5439453125 0.6388890625 0.546875 0.644096875 0.5478515625 0.64930625 0.5537109375 0.64930625 0.5546875 0.64756875 0.5576171875 0.6423609375 0.5615234375 0.6423609375 0.5634765625 0.6458328125 0.5654296875 0.6423609375
4 0.5732421875 0.5104171875 0.578125 0.5017359375 0.578125 0.4635421875 0.576171875 0.46006875 0.576171875 0.453125 0.5712890625 0.44444375 0.5693359375 0.4479171875 0.5673828125 0.4479171875 0.5654296875 0.44444375 0.5615234375 0.44444375 0.5556640625 0.43402812500000004 0.5478515625 0.43402812500000004 0.5458984375 0.4375 0.5419921875 0.4375 0.5361328125 0.44444375 0.5302734375 0.44444375 0.5283203125 0.4479171875 0.5263671875 0.44444375 0.5244140625 0.44444375 0.5234375 0.44618125 0.5234375 0.45659687499999996 0.5224609375 0.4583328125 0.5185546875 0.4583328125 0.5166015625 0.4548609375 0.5087890625 0.4548609375 0.5078125 0.453125 0.5078125 0.44618125 0.50390625 0.4392359375 0.50390625 0.4322921875 0.5029296875 0.43055625 0.501953125 0.4322921875 0.501953125 0.4392359375 0.5 0.4427078125 0.5 0.453125 0.48828125 0.47743125 0.48828125 0.4982640625 0.4921875 0.5052078125 0.4921875 0.50868125 0.494140625 0.512153125 0.4921875 0.515625 0.4921875 0.519096875 0.4951171875 0.52430625 0.4970703125 0.5208328125 0.4990234375 0.527778125 0.5107421875 0.527778125 0.5126953125 0.52430625 0.5185546875 0.52430625 0.51953125 0.519096875 0.517578125 0.515625 0.517578125 0.5017359375 0.51953125 0.4982640625 0.51953125 0.4947921875 0.521484375 0.49131875 0.521484375 0.48784687499999996 0.5234375 0.484375 0.525390625 0.4739578125 0.5283203125 0.46875 0.53125 0.4739578125 0.53125 0.4982640625 0.533203125 0.5017359375 0.533203125 0.5052078125 0.53125 0.50868125 0.53125 0.512153125 0.5283203125 0.5173609375 0.5244140625 0.5173609375 0.5234375 0.52256875 0.5244140625 0.52430625 0.5302734375 0.52430625 0.5322265625 0.527778125 0.5380859375 0.527778125 0.5400390625 0.53125 0.5537109375 0.53125 0.5546875 0.5295140625 0.5556640625 0.527778125 0.5615234375 0.527778125 0.5712890625 0.5104171875 0.5732421875 0.5104171875
4 0.552734375 0.8072921875000001 0.5546875 0.8038187499999999 0.5546875 0.800346875 0.5576171875 0.7951390625 0.5615234375 0.7951390625 0.5703125 0.7795140625 0.5703125 0.7760421875 0.572265625 0.77256875 0.572265625 0.769096875 0.57421875 0.765625 0.57421875 0.762153125 0.578125 0.7517359375 0.578125 0.74131875 0.580078125 0.737846875 0.580078125 0.72743125 0.578125 0.7239578125 0.578125 0.706596875 0.576171875 0.703125 0.576171875 0.699653125 0.5732421875 0.69444375 0.5693359375 0.69444375 0.5673828125 0.690971875 0.5634765625 0.690971875 0.5625 0.6857640625 0.5595703125 0.68055625 0.5478515625 0.68055625 0.5458984375 0.684028125 0.5380859375 0.684028125 0.5322265625 0.690971875 0.5166015625 0.690971875 0.5146484375 0.69444375 0.5087890625 0.69444375 0.5078125 0.69618125 0.5078125 0.7170140625 0.5 0.7239578125 0.50390625 0.7447921875 0.5009765625 0.75 0.4892578125 0.75 0.48828125 0.7517359375 0.490234375 0.7552078125 0.490234375 0.762153125 0.4873046875 0.7638890625 0.484375 0.769096875 0.486328125 0.77256875 0.486328125 0.7760421875 0.484375 0.7795140625 0.484375 0.78993125 0.482421875 0.793403125 0.484375 0.8038187499999999 0.4892578125 0.8125 0.4931640625 0.8125 0.4951171875 0.809028125 0.4970703125 0.809028125 0.5009765625 0.815971875 0.5048828125 0.815971875 0.5068359375 0.8194437499999999 0.5107421875 0.8194437499999999 0.5126953125 0.8229171875000001 0.5224609375 0.8229171875000001 0.5263671875 0.8298609375 0.5302734375 0.8298609375 0.5341796875 0.8368062500000001 0.5380859375 0.8368062500000001 0.5419921875 0.84375 0.5458984375 0.84375 0.546875 0.8420140625 0.55078125 0.8350687499999999 0.55078125 0.831596875 0.552734375 0.828125 0.552734375 0.8072921875000001
4 0.4873046875 0 0.482421875 0.00868125 0.482421875 0.012153124999999999 0.4794921875 0.013889062499999999 0.4765625 0.019096875 0.4765625 0.022568750000000002 0.47265625 0.0295140625 0.47265625 0.043403125 0.46875 0.053818750000000005 0.46875 0.081596875 0.470703125 0.08506875 0.470703125 0.09201406250000001 0.46875 0.09548593749999999 0.46875 0.10243125 0.466796875 0.10590312500000001 0.4658203125 0.1111109375 0.4599609375 0.1111109375 0.45703125 0.11631875 0.45703125 0.1232640625 0.453125 0.13368125 0.45703125 0.140625 0.45703125 0.16840312500000001 0.458984375 0.171875 0.458984375 0.19618125 0.4609375 0.19965312500000001 0.4609375 0.206596875 0.458984375 0.21006874999999997 0.458984375 0.22743125000000003 0.462890625 0.237846875 0.462890625 0.262153125 0.4619140625 0.2638890625 0.4541015625 0.2638890625 0.4521484375 0.2604171875 0.4462890625 0.2604171875 0.4443359375 0.2638890625 0.4404296875 0.2638890625 0.4375 0.25868125000000003 0.4375 0.24826406250000002 0.4345703125 0.24305625000000003 0.4326171875 0.24305625000000003 0.4296875 0.24826406250000002 0.4296875 0.2517359375 0.427734375 0.2552078125 0.4296875 0.25868125000000003 0.42578125 0.269096875 0.427734375 0.27256874999999997 0.4287109375 0.277778125 0.4345703125 0.277778125 0.4365234375 0.27430625000000003 0.4384765625 0.27430625000000003 0.4404296875 0.277778125 0.4501953125 0.277778125 0.4560546875 0.2673609375 0.45703125 0.27256874999999997 0.4599609375 0.277778125 0.4677734375 0.277778125 0.4697265625 0.28125 0.4736328125 0.28125 0.4755859375 0.277778125 0.4853515625 0.277778125 0.4873046875 0.27430625000000003 0.490234375 0.27256874999999997 0.490234375 0.25868125000000003 0.486328125 0.2552078125 0.486328125 0.2517359375 0.48828125 0.24826406250000002 0.48828125 0.24131874999999997 0.486328125 0.237846875 0.486328125 0.230903125 0.4892578125 0.22569374999999997 0.4912109375 0.22569374999999997 0.4931640625 0.222221875 0.5009765625 0.222221875 0.50390625 0.22743125000000003 0.50390625 0.2552078125 0.501953125 0.25868125000000003 0.501953125 0.2760421875 0.5048828125 0.28125 0.5068359375 0.28125 0.5107421875 0.28819374999999997 0.5146484375 0.28125 0.5205078125 0.28125 0.521484375 0.2864578125 0.525390625 0.293403125 0.525390625 0.296875 0.517578125 0.3107640625 0.517578125 0.3177078125 0.515625 0.32118125000000003 0.515625 0.331596875 0.51953125 0.3385421875 0.51953125 0.3454859375 0.5234375 0.35243125000000003 0.5234375 0.36631874999999997 0.515625 0.3802078125 0.515625 0.39756874999999997 0.521484375 0.4079859375 0.521484375 0.4114578125 0.5244140625 0.4166671875 0.5263671875 0.41319375 0.5302734375 0.41319375 0.5322265625 0.4166671875 0.5537109375 0.4166671875 0.5546875 0.41493125 0.5615234375 0.40277812500000004 0.5634765625 0.40277812500000004 0.564453125 0.39756874999999997 0.568359375 0.390625 0.568359375 0.3767359375 0.564453125 0.36631874999999997 0.564453125 0.3385421875 0.568359375 0.331596875 0.568359375 0.328125 0.5703125 0.324653125 0.5703125 0.3142359375 0.568359375 0.3107640625 0.568359375 0.30381874999999997 0.56640625 0.300346875 0.56640625 0.28993125000000003 0.5703125 0.2795140625 0.5703125 0.269096875 0.572265625 0.265625 0.572265625 0.2517359375 0.57421875 0.24826406250000002 0.57421875 0.237846875 0.572265625 0.234375 0.572265625 0.230903125 0.57421875 0.22743125000000003 0.57421875 0.21006874999999997 0.572265625 0.206596875 0.572265625 0.19965312500000001 0.564453125 0.1857640625 0.564453125 0.1545140625 0.5625 0.1510421875 0.5625 0.1302078125 0.564453125 0.1267359375 0.564453125 0.074653125 0.5625 0.07118125 0.5625 0.043403125 0.560546875 0.03993125 0.560546875 0.015625 0.55859375 0.012153124999999999 0.55859375 0.00868125 0.5546875 0.005207812500000001 0.5537109375 0 0.5400390625 0 0.5361328125 0.00694375 0.5322265625 0.00694375 0.5283203125 0 0.5185546875 0 0.5146484375 0.00694375 0.5126953125 0.00694375 0.5068359375 0 0.4873046875 0