4 0.4990234375 0 0.4970703125 0.003471875 0.4912109375 0.003471875 0.486328125 0.012153124999999999 0.48828125 0.015625 0.486328125 0.019096875 0.486328125 0.043403125 0.48828125 0.046875 0.486328125 0.050346875 0.48828125 0.053818750000000005 0.48828125 0.06076406250000001 0.484375 0.06770781249999999 0.484375 0.074653125 0.482421875 0.078125 0.482421875 0.081596875 0.4794921875 0.08333281249999999 0.4765625 0.08854218750000001 0.4765625 0.09548593749999999 0.474609375 0.09895781249999999 0.474609375 0.10590312500000001 0.47265625 0.109375 0.47265625 0.11284687499999999 0.46875 0.11979218750000001 0.46875 0.16840312500000001 0.470703125 0.171875 0.470703125 0.1857640625 0.46875 0.1892359375 0.46875 0.206596875 0.466796875 0.21006874999999997 0.466796875 0.237846875 0.46484375 0.24131874999999997 0.46484375 0.27256874999999997 0.466796875 0.2760421875 0.466796875 0.2795140625 0.4697265625 0.28125 0.4736328125 0.28819374999999997 0.4794921875 0.28819374999999997 0.4814453125 0.2916671875 0.484375 0.2864578125 0.4853515625 0.28125 0.4873046875 0.28125 0.4892578125 0.277778125 0.4921875 0.2760421875 0.4921875 0.262153125 0.490234375 0.25868125000000003 0.490234375 0.2552078125 0.494140625 0.2447921875 0.494140625 0.22743125000000003 0.49609375 0.2239578125 0.49609375 0.22048593749999998 0.4990234375 0.21875 0.501953125 0.2135421875 0.501953125 0.206596875 0.5 0.203125 0.5 0.19618125 0.498046875 0.1927078125 0.498046875 0.1892359375 0.501953125 0.17881875 0.501953125 0.171875 0.5029296875 0.1701390625 0.5126953125 0.1701390625 0.513671875 0.17534687499999999 0.5107421875 0.18055625 0.5087890625 0.18055625 0.5068359375 0.1770828125 0.505859375 0.17881875 0.505859375 0.1857640625 0.5087890625 0.1875 0.51171875 0.1927078125 0.51171875 0.203125 0.5087890625 0.2083328125 0.5068359375 0.2083328125 0.505859375 0.2135421875 0.5087890625 0.21875 0.5126953125 0.21875 0.5146484375 0.222221875 0.5185546875 0.222221875 0.5205078125 0.22569374999999997 0.5224609375 0.22569374999999997 0.52734375 0.234375 0.52734375 0.24131874999999997 0.525390625 0.2447921875 0.5234375 0.2552078125 0.51953125 0.262153125 0.521484375 0.265625 0.521484375 0.2795140625 0.5244140625 0.284721875 0.5263671875 0.284721875 0.5390625 0.3072921875 0.5390625 0.3107640625 0.5361328125 0.315971875 0.5322265625 0.315971875 0.5302734375 0.31944374999999997 0.5107421875 0.31944374999999997 0.5078125 0.33506874999999997 0.501953125 0.3454859375 0.501953125 0.355903125 0.5 0.359375 0.5 0.3802078125 0.501953125 0.38368125000000003 0.501953125 0.39756874999999997 0.5 0.4010421875 0.5 0.41493125 0.501953125 0.41840312500000004 0.501953125 0.4392359375 0.498046875 0.44965312500000004 0.498046875 0.4704859375 0.4990234375 0.47222187499999996 0.5166015625 0.47222187499999996 0.5185546875 0.47569375 0.5224609375 0.47569375 0.5244140625 0.47222187499999996 0.5380859375 0.47222187499999996 0.5390625 0.47743125 0.53125 0.48784687499999996 0.53125 0.4947921875 0.5283203125 0.5 0.5244140625 0.5 0.5185546875 0.50694375 0.5166015625 0.50694375 0.5107421875 0.5 0.5009765625 0.5 0.5 0.5017359375 0.5 0.5052078125 0.498046875 0.50868125 0.498046875 0.515625 0.49609375 0.519096875 0.49609375 0.5572921875 0.5029296875 0.56944375 0.5087890625 0.56944375 0.5107421875 0.5729171875 0.513671875 0.57118125 0.513671875 0.546875 0.51171875 0.543403125 0.51171875 0.519096875 0.5146484375 0.5173609375 0.515625 0.519096875 0.515625 0.550346875 0.5185546875 0.55555625 0.5224609375 0.55555625 0.5244140625 0.559028125 0.5302734375 0.559028125 0.5322265625 0.565971875 0.5361328125 0.565971875 0.5380859375 0.56944375 0.5419921875 0.56944375 0.5458984375 0.5763890625 0.5478515625 0.5763890625 0.5498046875 0.5798609375 0.55078125 0.578125 0.5517578125 0.5763890625 0.5556640625 0.5763890625 0.5576171875 0.5729171875 0.5615234375 0.5729171875 0.5634765625 0.5763890625 0.5693359375 0.5763890625 0.5712890625 0.5729171875 0.5771484375 0.5729171875 0.5791015625 0.5763890625 0.5810546875 0.5763890625 0.583984375 0.57118125 0.5859375 0.5607640625 0.58984375 0.55381875 0.58984375 0.550346875 0.591796875 0.546875 0.591796875 0.5295140625 0.59375 0.5260421875 0.59375 0.515625 0.591796875 0.512153125 0.591796875 0.5017359375 0.5888671875 0.49652812500000004 0.5849609375 0.49652812500000004 0.580078125 0.48784687499999996 0.580078125 0.484375 0.576171875 0.47743125 0.578125 0.4739578125 0.578125 0.4670140625 0.580078125 0.4635421875 0.580078125 0.45659687499999996 0.58203125 0.453125 0.58203125 0.44965312500000004 0.5849609375 0.4479171875 0.58984375 0.4392359375 0.58984375 0.4322921875 0.591796875 0.42881875 0.591796875 0.4114578125 0.58984375 0.4079859375 0.58984375 0.4045140625 0.5849609375 0.3958328125 0.5830078125 0.3958328125 0.5810546875 0.3923609375 0.5751953125 0.3888890625 0.572265625 0.38368125000000003 0.572265625 0.3732640625 0.57421875 0.3697921875 0.57421875 0.36631874999999997 0.578125 0.355903125 0.578125 0.33506874999999997 0.576171875 0.331596875 0.576171875 0.328125 0.5693359375 0.315971875 0.5634765625 0.315971875 0.560546875 0.3107640625 0.5615234375 0.30555625000000003 0.5673828125 0.30555625000000003 0.5703125 0.300346875 0.5703125 0.296875 0.57421875 0.28993125000000003 0.57421875 0.25868125000000003 0.572265625 0.2552078125 0.572265625 0.24826406250000002 0.57421875 0.2447921875 0.57421875 0.234375 0.576171875 0.230903125 0.576171875 0.2135421875 0.572265625 0.206596875 0.572265625 0.19618125 0.5703125 0.1927078125 0.5703125 0.1510421875 0.564453125 0.140625 0.564453125 0.13368125 0.56640625 0.1302078125 0.56640625 0.11979218750000001 0.568359375 0.11631875 0.568359375 0.11284687499999999 0.564453125 0.109375 0.564453125 0.10243125 0.5625 0.09895781249999999 0.5625 0.078125 0.564453125 0.074653125 0.564453125 0.07118125 0.5625 0.06770781249999999 0.5625 0.06076406250000001 0.5654296875 0.055556249999999995 0.568359375 0.053818750000000005 0.568359375 0.0295140625 0.564453125 0.019096875 0.564453125 0.00868125 0.5595703125 0 0.5341796875 0 0.5322265625 0.003471875 0.5263671875 0.003471875 0.5244140625 0.00694375 0.5224609375 0.003471875 0.5166015625 0.003471875 0.5146484375 0.00694375 0.5126953125 0.00694375 0.5068359375 0 0.4990234375 0
4 0.453125 0.512153125 0.4501953125 0.50694375 0.44921875 0.512153125 0.447265625 0.515625 0.447265625 0.5295140625 0.4501953125 0.534721875 0.453125 0.5329859375 0.453125 0.5295140625 0.45703125 0.52256875 0.453125 0.515625 0.453125 0.512153125
4 0.40625 0.515625 0.4052734375 0.5104171875 0.3935546875 0.5104171875 0.390625 0.515625 0.390625 0.5260421875 0.3916015625 0.527778125 0.3974609375 0.527778125 0.3994140625 0.53125 0.40234375 0.5295140625 0.4052734375 0.527778125 0.408203125 0.52256875 0.408203125 0.519096875 0.40625 0.515625
4 0.416015625 0.7760421875 0.416015625 0.7447921875 0.41796875 0.74131875 0.41796875 0.7239578125 0.4150390625 0.71875 0.412109375 0.7170140625 0.412109375 0.7135421875 0.41015625 0.71006875 0.41015625 0.699653125 0.40625 0.6927078125 0.40625 0.675346875 0.4033203125 0.6701390625 0.4013671875 0.6701390625 0.400390625 0.671875 0.400390625 0.6927078125 0.404296875 0.703125 0.400390625 0.71006875 0.400390625 0.7239578125 0.4013671875 0.72569375 0.4033203125 0.722221875 0.404296875 0.7239578125 0.404296875 0.730903125 0.400390625 0.734375 0.400390625 0.7482640625 0.3984375 0.7517359375 0.3984375 0.7552078125 0.400390625 0.75868125 0.400390625 0.769096875 0.40234375 0.77256875 0.40234375 0.78993125 0.404296875 0.793403125 0.404296875 0.796875 0.4052734375 0.7986109375 0.4111328125 0.7986109375 0.412109375 0.796875 0.412109375 0.78993125 0.4140625 0.7864578125 0.4140625 0.7795140625 0.416015625 0.7760421875
4 0.439453125 0.949653125 0.439453125 0.9461812500000001 0.4375 0.9427078124999999 0.4375 0.925346875 0.435546875 0.921875 0.435546875 0.894096875 0.4345703125 0.8923609375 0.4287109375 0.8923609375 0.4228515625 0.8854171875000001 0.4208984375 0.8854171875000001 0.41796875 0.890625 0.41796875 0.8975687499999999 0.416015625 0.9010421875000001 0.4140625 0.9114578124999999 0.41015625 0.918403125 0.41015625 0.9288187499999999 0.412109375 0.9322921875000001 0.412109375 0.9461812500000001 0.4140625 0.949653125 0.4140625 0.953125 0.4189453125 0.9618062500000001 0.421875 0.9600687499999999 0.4228515625 0.9583328124999999 0.4365234375 0.9583328124999999 0.4375 0.953125 0.439453125 0.949653125
4 0.498046875 0.9739578124999999 0.498046875 0.9635421875000001 0.5 0.9600687499999999 0.5 0.921875 0.498046875 0.918403125 0.498046875 0.8836812500000001 0.4970703125 0.8819437499999999 0.4931640625 0.8819437499999999 0.4912109375 0.878471875 0.48828125 0.8836812500000001 0.48828125 0.890625 0.486328125 0.894096875 0.48828125 0.8975687499999999 0.48828125 0.9149312500000001 0.486328125 0.918403125 0.486328125 0.9288187499999999 0.484375 0.9322921875000001 0.484375 0.9427078124999999 0.482421875 0.9461812500000001 0.482421875 0.956596875 0.48046875 0.9600687499999999 0.48046875 0.980903125 0.478515625 0.984375 0.478515625 0.9947921875000001 0.4794921875 0.996528125 0.4931640625 0.996528125 0.494140625 0.9947921875000001 0.494140625 0.9913187499999999 0.49609375 0.987846875 0.49609375 0.9774312500000001 0.498046875 0.9739578124999999
4 0.375 0.9600687499999999 0.375 0.956596875 0.3779296875 0.9513890625 0.3798828125 0.9513890625 0.3818359375 0.9479171875000001 0.3828125 0.949653125 0.3828125 0.9635421875000001 0.384765625 0.9670140625 0.384765625 0.9704859375 0.3857421875 0.972221875 0.3896484375 0.972221875 0.390625 0.9704859375 0.390625 0.949653125 0.388671875 0.9461812500000001 0.388671875 0.9322921875000001 0.38671875 0.9288187499999999 0.38671875 0.9149312500000001 0.384765625 0.9114578124999999 0.384765625 0.9045140625 0.3828125 0.9010421875000001 0.3828125 0.894096875 0.3798828125 0.8888890625 0.3779296875 0.8923609375 0.3720703125 0.8923609375 0.3701171875 0.8958328124999999 0.3681640625 0.8923609375 0.3642578125 0.8923609375 0.361328125 0.887153125 0.361328125 0.855903125 0.359375 0.8524312500000001 0.359375 0.8385421875000001 0.3583984375 0.8368062500000001 0.3564453125 0.8368062500000001 0.353515625 0.8420140625 0.353515625 0.8489578124999999 0.3515625 0.8524312500000001 0.3515625 0.855903125 0.3486328125 0.8576390625 0.3466796875 0.8611109375 0.3447265625 0.8611109375 0.341796875 0.8663187499999999 0.341796875 0.8697921875000001 0.337890625 0.8767359375 0.337890625 0.887153125 0.3359375 0.890625 0.3359375 0.9010421875000001 0.333984375 0.9045140625 0.333984375 0.9114578124999999 0.33984375 0.921875 0.33984375 0.925346875 0.341796875 0.9288187499999999 0.341796875 0.9392359375 0.34375 0.9427078124999999 0.34375 0.9670140625 0.345703125 0.9704859375 0.345703125 0.9739578124999999 0.3466796875 0.9756937499999999 0.3544921875 0.9756937499999999 0.35546875 0.9739578124999999 0.3583984375 0.972221875 0.3603515625 0.96875 0.3701171875 0.96875 0.375 0.9600687499999999
4 0.5615234375 1 0.5634765625 0.996528125 0.5654296875 0.996528125 0.5673828125 1 0.5693359375 0.996528125 0.5791015625 0.996528125 0.5810546875 1 0.58203125 0.9982640625 0.5830078125 0.996528125 0.5966796875 0.996528125 0.59765625 0.9913187499999999 0.6015625 0.984375 0.6015625 0.980903125 0.603515625 0.9774312500000001 0.603515625 0.9739578124999999 0.6015625 0.9704859375 0.6015625 0.9670140625 0.603515625 0.9635421875000001 0.603515625 0.956596875 0.6015625 0.953125 0.6015625 0.9427078124999999 0.599609375 0.9392359375 0.6015625 0.9357640625 0.599609375 0.9322921875000001 0.5986328125 0.9270828124999999 0.5947265625 0.9270828124999999 0.5927734375 0.9236109375 0.5908203125 0.9236109375 0.5888671875 0.9201390625 0.5830078125 0.9166671875000001 0.580078125 0.9114578124999999 0.580078125 0.9079859375 0.5771484375 0.902778125 0.5751953125 0.902778125 0.5732421875 0.8993062500000001 0.5498046875 0.8993062500000001 0.544921875 0.9079859375 0.544921875 0.9149312500000001 0.5439453125 0.9166671875000001 0.5419921875 0.9131937499999999 0.5322265625 0.9131937499999999 0.53125 0.9079859375 0.5283203125 0.902778125 0.52734375 0.9079859375 0.5224609375 0.9166671875000001 0.5185546875 0.9166671875000001 0.517578125 0.918403125 0.517578125 0.925346875 0.515625 0.9288187499999999 0.515625 0.9461812500000001 0.521484375 0.956596875 0.521484375 0.9670140625 0.5263671875 0.9756937499999999 0.5283203125 0.972221875 0.53125 0.9704859375 0.53125 0.9670140625 0.533203125 0.9635421875000001 0.533203125 0.956596875 0.541015625 0.9427078124999999 0.541015625 0.9392359375 0.54296875 0.9357640625 0.54296875 0.925346875 0.5458984375 0.9236109375 0.546875 0.925346875 0.546875 0.956596875 0.544921875 0.9600687499999999 0.544921875 0.9913187499999999 0.5478515625 0.996528125 0.5498046875 0.996528125 0.5517578125 1 0.5615234375 1
4 0.4541015625 0.47222187499999996 0.4677734375 0.47222187499999996 0.470703125 0.4670140625 0.470703125 0.45659687499999996 0.47265625 0.453125 0.47265625 0.44965312500000004 0.4755859375 0.44444375 0.484375 0.4392359375 0.484375 0.4114578125 0.486328125 0.4079859375 0.484375 0.4045140625 0.484375 0.3420140625 0.482421875 0.3385421875 0.482421875 0.331596875 0.478515625 0.324653125 0.478515625 0.32118125000000003 0.4638671875 0.2951390625 0.4599609375 0.2951390625 0.458984375 0.296875 0.458984375 0.300346875 0.45703125 0.30381874999999997 0.45703125 0.3107640625 0.453125 0.3177078125 0.453125 0.324653125 0.451171875 0.328125 0.451171875 0.3420140625 0.4482421875 0.347221875 0.4453125 0.3489578125 0.4453125 0.359375 0.447265625 0.362846875 0.447265625 0.36631874999999997 0.4453125 0.3697921875 0.4453125 0.3802078125 0.44140625 0.390625 0.44140625 0.4357640625 0.439453125 0.4392359375 0.439453125 0.4427078125 0.44140625 0.44618125 0.44140625 0.4670140625 0.4453125 0.4739578125 0.4453125 0.47743125 0.447265625 0.48090312500000004 0.447265625 0.4947921875 0.44921875 0.4982640625 0.44921875 0.5017359375 0.4501953125 0.503471875 0.451171875 0.5017359375 0.451171875 0.4947921875 0.453125 0.49131875 0.453125 0.4739578125 0.4541015625 0.47222187499999996
4 0.58203125 0.675346875 0.5859375 0.66493125 0.5859375 0.6510421875 0.591796875 0.640625 0.591796875 0.637153125 0.59375 0.63368125 0.59375 0.6302078125 0.591796875 0.6267359375 0.58984375 0.61631875 0.5869140625 0.6111109375 0.5810546875 0.6111109375 0.5732421875 0.597221875 0.5712890625 0.597221875 0.5693359375 0.59375 0.5634765625 0.59375 0.5615234375 0.590278125 0.5576171875 0.590278125 0.5556640625 0.59375 0.5517578125 0.59375 0.5498046875 0.597221875 0.5400390625 0.597221875 0.5380859375 0.60069375 0.5341796875 0.60069375 0.5302734375 0.6076390625 0.5283203125 0.6076390625 0.5263671875 0.6111109375 0.5224609375 0.6111109375 0.517578125 0.6197921875 0.517578125 0.6232640625 0.515625 0.6267359375 0.515625 0.6510421875 0.51953125 0.6614578125 0.51953125 0.671875 0.521484375 0.675346875 0.521484375 0.6822921875 0.5234375 0.6857640625 0.5244140625 0.690971875 0.5263671875 0.690971875 0.5283203125 0.69444375 0.5478515625 0.69444375 0.5498046875 0.690971875 0.5517578125 0.690971875 0.5537109375 0.69444375 0.5751953125 0.69444375 0.576171875 0.6927078125 0.580078125 0.6892359375 0.580078125 0.6857640625 0.58203125 0.6822921875 0.58203125 0.675346875
4 0.5791015625 0.7986109375 0.5849609375 0.7986109375 0.5859375 0.796875 0.5859375 0.793403125 0.58984375 0.7864578125 0.58984375 0.7795140625 0.591796875 0.7760421875 0.591796875 0.7517359375 0.5888671875 0.746528125 0.5830078125 0.74305625 0.580078125 0.737846875 0.580078125 0.730903125 0.5751953125 0.722221875 0.5634765625 0.722221875 0.5615234375 0.71875 0.5498046875 0.71875 0.5439453125 0.72569375 0.5400390625 0.72569375 0.5341796875 0.7361109375 0.5322265625 0.7361109375 0.5263671875 0.75 0.5166015625 0.75 0.513671875 0.7552078125 0.513671875 0.75868125 0.5087890625 0.7673609375 0.505859375 0.769096875 0.5087890625 0.7708328125 0.513671875 0.7795140625 0.513671875 0.796875 0.515625 0.800346875 0.5166015625 0.8055562500000001 0.5185546875 0.8055562500000001 0.5205078125 0.809028125 0.5224609375 0.809028125 0.5244140625 0.8125 0.5263671875 0.8125 0.5322265625 0.8194437499999999 0.5361328125 0.8194437499999999 0.5400390625 0.8263890625 0.5419921875 0.8263890625 0.5439453125 0.8229171875000001 0.5537109375 0.8229171875000001 0.5595703125 0.8298609375 0.5634765625 0.8298609375 0.564453125 0.828125 0.5673828125 0.8263890625 0.5703125 0.8211812500000001 0.5703125 0.8142359375 0.5791015625 0.7986109375