4 0.3643234375 0.9984375 0.3643234375 0.98055625 0.3700515625 0.965278125 0.3755203125 0.9518515624999999 0.37734375 0.93194375 0.3765625 0.9111109374999999 0.3841140625 0.896759375 0.3869796875 0.8870374999999999 0.3901046875 0.8717593750000001 0.3924484375 0.8578703125 0.4010421875 0.8361109375 0.40989531250000005 0.8166671875 0.41458281250000006 0.8041671875 0.4205734375 0.7949078125 0.42109375 0.778240625 0.4153640625 0.75694375 0.41119843749999996 0.7550921875000001 0.40052031250000003 0.75 0.3919265625 0.7643515625 0.3942703125 0.775 0.3919265625 0.7949078125 0.3934890625 0.8050921875 0.3809890625 0.8259265625 0.378125 0.8370374999999999 0.3739578125 0.8541671875000001 0.3763015625 0.8666671875 0.3677078125 0.8800921875000001 0.3606765625 0.8842593750000001 0.35234375 0.8976859375 0.3546875 0.9194437499999999 0.3559890625 0.9333328125 0.3484375 0.9393515625 0.3403640625 0.9328703125000001 0.3354171875 0.9208328124999999 0.3286453125 0.9101859375 0.3213546875 0.9185187499999999 0.3125 0.916203125 0.3044265625 0.9055562500000001 0.29765625 0.8953703125000001 0.2880203125 0.9041671875 0.28671875 0.9111109374999999 0.28515625 0.925 0.28046875 0.9388890625 0.27734375 0.9513890625 0.28046875 0.965278125 0.2817703125 0.9800921875 0.2872390625 0.9921296875 0.29140625 0.9984375
4 0.1916671875 0.9518515624999999 0.1828125 0.9402781250000001 0.1778640625 0.947221875 0.1833328125 0.9629625 0.190625 0.9699078125 0.1950515625 0.9828703125 0.2028640625 0.9888890625 0.2057296875 0.966203125 0.1973953125 0.9638890625000001
4 0.2588546875 0.9111109374999999 0.2708328125 0.8990734375 0.2807296875 0.8893515624999999 0.2861984375 0.86944375 0.2958328125 0.8449078125 0.2981765625 0.84351875 0.3041671875 0.8300921875 0.3114578125 0.8236109375 0.32265625 0.8226859375 0.3286453125 0.8166671875 0.3260421875 0.7990734374999999 0.3197921875 0.784259375 0.3114578125 0.78194375 0.3026046875 0.7879625 0.296875 0.8009265624999999 0.2901046875 0.81805625 0.2861984375 0.827778125 0.2692703125 0.84398125 0.2604171875 0.8518515624999999 0.2520828125 0.8490734375000001 0.24609375 0.8625 0.2466140625 0.8796296874999999 0.2424484375 0.896296875 0.2252609375 0.9092593750000001 0.221875 0.9134265625 0.2145828125 0.9291671875 0.2114578125 0.9453703125 0.2184890625 0.9509265625 0.2427078125 0.9300921875 0.2494796875 0.91805625
4 0.3473953125 0.7856484375 0.3518234375 0.784259375 0.3541671875 0.7796296875000001 0.3541671875 0.7703703125 0.35078125 0.7666671875 0.34609375 0.771759375 0.3434890625 0.7736109375 0.3427078125 0.7657406250000001 0.33984375 0.7606484375 0.334375 0.7606484375 0.3283859375 0.758796875 0.3197921875 0.7629625 0.31875 0.7708328125 0.3200515625 0.78055625 0.3239578125 0.7824078125 0.3276046875 0.78055625 0.3369796875 0.783796875 0.3416671875 0.7856484375
4 0.3638015625 0.740278125 0.3614578125 0.7296296875 0.3627609375 0.7236109374999999 0.3666671875 0.71851875 0.3713546875 0.71805625 0.3755203125 0.7240734375 0.3809890625 0.7259265625 0.3875 0.7268515625 0.3955734375 0.725 0.39765625 0.722221875 0.40130156250000004 0.7134265625 0.40338593749999996 0.7050921875 0.40390625 0.6925921875000001 0.40390625 0.6861109375 0.4 0.677778125 0.40078125 0.6671296875 0.40416718749999997 0.658796875 0.4088546875 0.6518515625 0.41223906250000003 0.6541671874999999 0.42005156250000003 0.6481484375 0.425 0.646296875 0.42760468749999997 0.6398140625 0.42760468749999997 0.6375 0.43020781250000006 0.63148125 0.43385468749999995 0.6300921875000001 0.43515625 0.6240734375 0.434375 0.615740625 0.43645781250000004 0.609721875 0.4388015625 0.6041671875 0.44166718749999995 0.5981484375 0.446875 0.591203125 0.44895781250000005 0.5870375 0.45104218749999997 0.5810187499999999 0.45390625 0.5768515625 0.45729218749999995 0.571759375 0.4609375 0.5666671875 0.4625 0.5629625 0.46484375 0.5550921875 0.46432343749999994 0.5490734374999999 0.46015625 0.5513890625 0.45885468749999997 0.5550921875 0.44817656250000004 0.5703703124999999 0.44322968749999997 0.5768515625 0.4390625 0.5828703125 0.43515625 0.5879624999999999 0.43072968749999996 0.597221875 0.4283859375 0.5986109374999999 0.42369843749999997 0.602778125 0.41770781250000005 0.6092593749999999 0.41380156250000005 0.615278125 0.41197968749999997 0.6268515625 0.41171875 0.63148125 0.4036453125 0.6375 0.40026093749999997 0.6421296875 0.396875 0.646296875 0.3940109375 0.652778125 0.3924484375 0.6583328125000001 0.3893234375 0.6638890625 0.3859375 0.666203125 0.3817703125 0.6689812500000001 0.37890625 0.6768515625 0.3768234375 0.6875 0.37421875 0.690740625 0.3705734375 0.69398125 0.3661453125 0.69444375 0.36328125 0.69444375 0.359375 0.6976859375 0.3559890625 0.70555625 0.35546875 0.7120375 0.3528640625 0.7175921875 0.3518234375 0.7226859375 0.35078125 0.7268515625 0.3471359375 0.7259265625 0.3432296875 0.7259265625 0.3411453125 0.727778125 0.3385421875 0.7328703125 0.3359375 0.7384265625 0.334375 0.740740625 0.3317703125 0.7425921875 0.3307296875 0.7476859375 0.3309890625 0.7523140625 0.3333328125 0.7578703124999999 0.3385421875 0.7578703124999999 0.3416671875 0.75648125 0.3440109375 0.7546296875 0.3630203125 0.759259375 0.3653640625 0.7495375
4 0.34609375 0.884721875 0.3442703125 0.8731484375 0.3393234375 0.8671296875 0.3341140625 0.86944375 0.3291671875 0.8648140625 0.3236984375 0.8611109375 0.3197921875 0.8615734375 0.3166671875 0.8675921875 0.3145828125 0.8768515625 0.31328125 0.8875 0.31484375 0.891203125 0.3221359375 0.8916671875000001 0.32578125 0.890740625 0.3278640625 0.8842593750000001 0.3411453125 0.8879625000000001 0.3419265625 0.8879625000000001
4 0.1731765625 0.8986109375 0.1763015625 0.9125 0.1833328125 0.9125 0.1846359375 0.8930562500000001 0.1799484375 0.8925921875
4 0.43723906250000005 0.715278125 0.43776093749999995 0.70694375 0.43723906250000005 0.6902781250000001 0.43723906250000005 0.68148125 0.44166718749999995 0.6611109374999999 0.44192656250000006 0.6601859375 0.44947968749999995 0.6490734375 0.45260468749999994 0.6421296875 0.45546875 0.63194375 0.46302031250000003 0.6245375 0.4671875 0.6125 0.46588593749999996 0.6018515625 0.4674484375 0.5884265625 0.47161406250000004 0.575 0.47604218749999994 0.5601859375 0.4796875 0.5509265625 0.47578125 0.54305625 0.46927031250000006 0.55 0.46588593749999996 0.5601859375 0.4635421875 0.5703703124999999 0.4583328125 0.5791671875 0.45546875 0.5851859375 0.45208281250000004 0.597221875 0.44817656250000004 0.6064812500000001 0.44375 0.6171296875000001 0.44166718749999995 0.6273140625 0.43697968749999994 0.6416671875 0.434375 0.6541671874999999 0.43046875 0.6611109374999999 0.4265625 0.6675921875 0.41848906250000006 0.671296875 0.4114578125 0.678703125 0.40963593749999994 0.6888890625 0.41119843749999996 0.7120375 0.4140625 0.7166671874999999 0.4114578125 0.73055625 0.41015625 0.7444437500000001 0.41510468749999996 0.753240625 0.41979218749999997 0.7518515625 0.43020781250000006 0.7444437500000001 0.43255156250000004 0.7342593749999999
4 0.5598953125 0.58194375 0.55703125 0.575 0.55546875 0.5708328125000001 0.5528640625000001 0.565740625 0.5494796875 0.5629625 0.5471359375 0.5615734375 0.54375 0.5569437500000001 0.5419265625 0.5518515625 0.5380203125 0.5458328125 0.5369796874999999 0.54444375 0.5333328125000001 0.541203125 0.5296875 0.5328703124999999 0.52890625 0.53055625 0.5255203125000001 0.5296296875000001 0.5247390625 0.534721875 0.5283859375 0.5425921875 0.5299484375 0.5453703125 0.5325515625 0.5504625 0.534375 0.5550921875 0.5372390625000001 0.5606484375 0.5388015625 0.5648140625 0.5421875 0.56944375 0.5463546874999999 0.577778125 0.5473953125000001 0.5796296875 0.5497390625 0.583796875 0.553125 0.5884265625 0.55625 0.59305625 0.5575515625 0.597221875 0.5622390625 0.5921296875000001 0.56171875 0.5865734375
4 0.48359375 0.5351859375 0.48489531250000006 0.53148125 0.4856765625 0.5273140625 0.4859375 0.5231484375 0.48723906250000004 0.51944375 0.4908859375 0.5134265625000001 0.49192656250000005 0.5101859375 0.4921875 0.50648125 0.49036406250000003 0.5041671875 0.48828125 0.50601875 0.48619843749999997 0.5083328125000001 0.48333281250000004 0.5111109375 0.48072968749999995 0.5143515625 0.4791671875 0.516203125 0.47578125 0.51944375 0.47473906250000003 0.5208328125 0.4734375 0.5240734375 0.4700515625 0.528240625 0.46901093749999995 0.53148125 0.4674484375 0.5356484375 0.4671875 0.5398140625 0.46848906250000005 0.5425921875 0.47109375 0.540740625 0.47369843749999996 0.5393515625 0.47630156250000005 0.540278125 0.47734375 0.5416671875 0.48125 0.54444375 0.48229218749999997 0.540740625
4 0.11328125 0.7513890625 0.1143234375 0.7490734375 0.1151046875 0.7453703125 0.115625 0.741203125 0.1 0.7518515625 0.10546875 0.7541671875 0.1072921875 0.753703125 0.11015625 0.753240625