4 0.35234375 0.9657406249999999 0.3341140625 0.9606484375000001 0.3283859375 0.9606484375000001 0.31953125 0.9606484375000001 0.3145828125 0.9634265624999999 0.3059890625 0.971296875 0.3 0.9828703125 0.2986984375 0.9976859375 0.31796875 0.9984375 0.3588546875 0.9976859375 0.36171875 0.9810187499999999 0.3580734375 0.9736109374999999
4 0.3557296875 0.9300921875 0.3515625 0.946296875 0.34921875 0.9546296875 0.34921875 0.9643515624999999 0.35859375 0.9731484375000001 0.36171875 0.9671296875 0.36328125 0.959721875 0.3768234375 0.9513890625 0.3755203125 0.93194375 0.3666671875 0.9203703125
4 0.34921875 0.9273140625 0.3606765625 0.922221875 0.3703125 0.922221875 0.37734375 0.9134265625 0.3796875 0.9120375 0.3856765625 0.8990734375 0.3825515625 0.890278125 0.38046875 0.883796875 0.3734375 0.8851859375 0.3434890625 0.9055562500000001 0.3375 0.9092593750000001 0.3348953125 0.922221875 0.3455734375 0.927778125
4 0.38359375 0.890278125 0.3864578125 0.8875 0.3872390625 0.8717593750000001 0.3861984375 0.866203125 0.38515625 0.8611109375 0.3794265625 0.8615734375 0.3760421875 0.8675921875 0.3807296875 0.8824078125
4 0.38984375 0.8638890625 0.3942703125 0.8541671875000001 0.3963546875 0.8486109374999999 0.4 0.8375 0.40416718749999997 0.828703125 0.40651093749999995 0.8236109375 0.40833281250000003 0.808796875 0.40859375 0.8050921875 0.40911406250000004 0.7976859375 0.3994796875 0.790278125 0.3984375 0.7884265625 0.3924484375 0.784259375 0.3809890625 0.7833328125000001 0.3716140625 0.7828703124999999 0.3747390625 0.8231484375000001 0.378125 0.8476859375 0.3796875 0.8504625000000001 0.3859375 0.8601859375
4 0.41302031250000004 0.7828703124999999 0.42395781250000003 0.7736109375 0.42473906250000004 0.7726859375 0.42890625 0.7648140625 0.42890625 0.7490734375 0.4309890625 0.7398140625 0.42994843749999995 0.7342593749999999 0.4283859375 0.7300921875 0.42864531250000004 0.7240734375 0.43255156250000004 0.7125 0.43515625 0.7074078125 0.4390625 0.7046296875 0.440625 0.7032406250000001 0.44114531250000005 0.702778125 0.44192656250000006 0.696296875 0.43932343749999997 0.6865734375 0.44557343749999995 0.6763890625 0.44895781250000005 0.6726859375 0.4505203125 0.665278125 0.4505203125 0.6611109374999999 0.4518234375 0.65648125 0.45234375 0.653240625 0.44973906250000006 0.6490734375 0.44557343749999995 0.6481484375 0.4401046875 0.652778125 0.43411406250000006 0.65601875 0.42760468749999997 0.659259375 0.42630156250000006 0.6601859375 0.4192703125 0.6611109374999999 0.41119843749999996 0.659721875 0.41041718749999995 0.6634265625 0.41041718749999995 0.666203125 0.40989531250000005 0.6699078125 0.40729218749999996 0.6731484375 0.4049484375 0.6768515625 0.40390625 0.68101875 0.40052031250000003 0.6893515625 0.3981765625 0.69444375 0.3989578125 0.7004625 0.40234375 0.709259375 0.40729218749999996 0.715740625 0.40989531250000005 0.721296875 0.41171875 0.7259265625 0.41328125 0.734721875 0.41458281250000006 0.7398140625 0.41458281250000006 0.74305625 0.41380156250000005 0.7444437500000001 0.41015625 0.7453703125 0.4010421875 0.74305625 0.3986984375 0.74305625 0.3973953125 0.74398125 0.3932296875 0.7481484375 0.3981765625 0.7740734375 0.40260468749999995 0.78055625 0.4046875 0.78148125
4 0.3231765625 0.8268515624999999 0.3234375 0.8129625 0.3234375 0.802778125 0.32265625 0.7990734374999999 0.3166671875 0.7990734374999999 0.31015625 0.80648125 0.3138015625 0.8226859375 0.3145828125 0.8268515624999999
4 0.3630203125 0.7476859375 0.3669265625 0.74305625 0.3669265625 0.7314812500000001 0.3567703125 0.7259265625 0.3557296875 0.7259265625 0.3513015625 0.7259265625 0.3377609375 0.74351875 0.3375 0.7620375 0.3533859375 0.758796875
4 0.3721359375 0.7254625 0.3768234375 0.71805625 0.3744796875 0.7078703125 0.36953125 0.7013890625 0.3674484375 0.7004625 0.3622390625 0.715278125 0.3651046875 0.7208328125000001 0.3684890625 0.7254625
4 0.3856765625 0.702778125 0.3893234375 0.6930562499999999 0.3885421875 0.6819437500000001 0.38125 0.6773140625 0.378125 0.6773140625 0.375 0.678703125 0.3713546875 0.6847218749999999 0.3729171875 0.69398125 0.38125 0.702778125
4 0.3973953125 0.677778125 0.40338593749999996 0.665740625 0.40625 0.659259375 0.40729218749999996 0.6550921875 0.40677031250000006 0.6449078125 0.40338593749999996 0.6379625 0.4 0.634259375 0.3921875 0.6365734375 0.3903640625 0.6398140625 0.3901046875 0.641203125 0.3901046875 0.6541671874999999 0.39140625 0.6546296875000001 0.3875 0.665278125 0.3888015625 0.675 0.3903640625 0.6791671874999999
4 0.4622390625 0.6060187499999999 0.4640625 0.6046296875 0.46666718749999997 0.6023140625 0.4674484375 0.5990734375 0.46927031250000006 0.59351875 0.47057343749999997 0.5870375 0.46953125 0.5833328125 0.4674484375 0.5800921875 0.46119843749999995 0.5800921875 0.459375 0.5824078125 0.45911406250000003 0.59305625 0.45703125 0.597221875 0.4578125 0.603240625 0.45911406250000003 0.60555625
4 0.42786406250000003 0.5976859375 0.42760468749999997 0.6009265625 0.42760468749999997 0.6023140625 0.43411406250000006 0.6050921875 0.4348953125 0.60555625 0.43776093749999995 0.60555625 0.43932343749999997 0.5990734375 0.43984375 0.59305625 0.43984375 0.5925921875 0.44296875 0.591203125 0.44765625 0.5888890625000001 0.446875 0.584721875 0.44348906250000003 0.5800921875 0.43958281250000003 0.577778125 0.43697968749999994 0.578703125 0.43463593749999996 0.5810187499999999 0.43333281250000005 0.5865734375 0.43125 0.590278125 0.42916718749999994 0.59444375
4 0.44817656250000004 0.578703125 0.45104218749999997 0.5773140625 0.45104218749999997 0.572221875 0.45026093749999996 0.5666671875 0.44921875 0.5648140625 0.44713593749999997 0.5652781250000001 0.44375 0.5703703124999999 0.44479218749999994 0.5754625 0.44609375 0.5773140625
4 0.4625 0.5541671874999999 0.45989531250000004 0.5513890625 0.45807343749999996 0.5509265625 0.45520781250000003 0.5513890625 0.45338593749999995 0.55555625 0.45130156250000003 0.559259375 0.45078125 0.5629625 0.45104218749999997 0.5652781250000001 0.45130156250000003 0.5666671875 0.45364531250000006 0.5680562499999999 0.45859375 0.5652781250000001 0.46015625 0.5606484375 0.4622390625 0.5574078124999999
4 0.46901093749999995 0.5504625 0.4703125 0.5486109375 0.47161406250000004 0.5458328125 0.47473906250000003 0.5356484375 0.47447968749999997 0.533796875 0.47057343749999997 0.53101875 0.46848906250000005 0.53194375 0.465625 0.5328703124999999 0.46510468749999995 0.5356484375 0.4622390625 0.5449078125 0.46041718749999994 0.5495375 0.46171875 0.5513890625 0.4671875 0.5509265625
4 0.47890625 0.5240734375 0.48020781250000005 0.5245375 0.48125 0.5245375 0.4828125 0.5236109375 0.48255156250000003 0.521759375 0.48229218749999997 0.5189812500000001 0.4817703125 0.516203125 0.48098906250000006 0.5157406250000001 0.4791671875 0.5166671875 0.47864531250000003 0.5203703125 0.47864531250000003 0.521759375 0.47864531250000003 0.5226859375
4 0.478125 0.5699078125 0.47890625 0.5615734375 0.478125 0.5546296875000001 0.4778640625 0.5518515625 0.4734375 0.5518515625 0.47057343749999997 0.5518515625 0.4671875 0.5546296875000001 0.46640625 0.5583328125 0.465625 0.5629625 0.46666718749999997 0.571759375 0.4671875 0.5768515625 0.47109375 0.578703125 0.47552031250000004 0.575
4 0.48463593749999995 0.5328703124999999 0.48489531250000006 0.528240625 0.48411406250000005 0.5254624999999999 0.48125 0.5254624999999999 0.4796875 0.5259265625 0.478125 0.5259265625 0.47708281250000006 0.528240625 0.47708281250000006 0.53148125 0.47630156250000005 0.533796875 0.47578125 0.5388890625 0.475 0.54444375 0.47473906250000003 0.5458328125 0.4765625 0.546296875 0.47942656250000004 0.5453703125 0.4817703125 0.546296875 0.48489531250000006 0.5467593749999999 0.484375 0.5379625