4 0.2721359375 0.9984375 0.2778640625 0.9819437499999999 0.2864578125 0.9467593750000001 0.3013015625 0.9148140625 0.30625 0.890278125 0.3044265625 0.8791671875 0.3018234375 0.8745375 0.2786453125 0.8703703125000001 0.2609375 0.896296875 0.2502609375 0.9175921875 0.2354171875 0.9379625 0.2309890625 0.9601859375 0.2208328125 0.971296875 0.2145828125 0.990278125 0.21328125 0.9984375
4 0.33828125 0.921759375 0.3484375 0.925 0.3619796875 0.9069437499999999 0.3739578125 0.859259375 0.3802078125 0.8351859375 0.3916671875 0.8129625 0.3994796875 0.7981484375 0.40859375 0.775 0.40859375 0.7657406250000001 0.3950515625 0.7578703124999999 0.3932296875 0.7546296875 0.3893234375 0.7513890625 0.3830734375 0.7513890625 0.3421875 0.828240625 0.3333328125 0.8574078125 0.328125 0.878703125 0.3338546875 0.903703125
4 0.3346359375 0.7995375 0.3463546875 0.7939812500000001 0.35234375 0.7939812500000001 0.3580734375 0.7657406250000001 0.3567703125 0.75 0.3515625 0.7351859375 0.3424484375 0.7291671875 0.33359375 0.740278125 0.3283859375 0.7574078125 0.3278640625 0.778240625
4 0.37578125 0.740278125 0.3916671875 0.7449078124999999 0.40130156250000004 0.7509265625 0.4125 0.75 0.42734375 0.7254625 0.44635468749999996 0.7101859375 0.45026093749999996 0.6921296875 0.44479218749999994 0.6768515625 0.4427078125 0.659721875 0.44765625 0.6546296875000001 0.46119843749999995 0.6134265625 0.4734375 0.5699078125 0.48203125 0.546296875 0.48541718749999996 0.5370375000000001 0.47760468749999996 0.5324078125 0.46588593749999996 0.5356484375 0.45807343749999996 0.5458328125 0.4427078125 0.5736109375 0.43463593749999996 0.58194375 0.4322921875 0.590740625 0.42369843749999997 0.5976859375 0.4127609375 0.6138890625 0.4 0.63101875 0.38125 0.65555625 0.3734375 0.665740625 0.3533859375 0.696296875 0.35234375 0.7111109375 0.3572921875 0.7273140625 0.3669265625 0.7365734374999999
4 0.60859375 0.5416671875 0.603125 0.540278125 0.5989578125 0.540278125 0.5932296874999999 0.540278125 0.5921875 0.5416671875 0.5893234374999999 0.5379625 0.5880203125000001 0.5361109374999999 0.5856765625 0.534259375 0.57890625 0.534259375 0.5729171875 0.5393515625 0.571875 0.552778125 0.5815109374999999 0.5569437500000001 0.6044265625 0.5652781250000001 0.6096359375 0.566203125 0.6104171875 0.5569437500000001 0.6096359375 0.546296875
4 0.5611984375 0.516203125 0.56015625 0.5115734375 0.5575515625 0.508796875 0.5559890625 0.5078703124999999 0.5541671874999999 0.50694375 0.5526046874999999 0.50694375 0.5505203125 0.5078703124999999 0.5489578125000001 0.509721875 0.5473953125000001 0.5138890625 0.5471359375 0.5226859375 0.546875 0.5240734375 0.5473953125000001 0.5273140625 0.5536453125 0.5291671874999999 0.55859375 0.5291671874999999 0.5591140625000001 0.5291671874999999 0.5611984375 0.5231484375
4 0.51484375 0.5027781250000001 0.5158859375 0.5023140625 0.5161453125000001 0.496759375 0.515625 0.49537031249999997 0.5138015625000001 0.49398125000000004 0.5104171875 0.497221875 0.5106765625 0.5009265625 0.5143234375 0.5027781250000001
4 0.01484375 0.6699078125 0.0166671875 0.6675921875 0.0182296875 0.6671296875 0.01875 0.6606484375 0.01875 0.6583328125000001 0.01328125 0.6546296875000001 0.00234375 0.65694375 0 0.659259375 0.0005203125 0.675 0.0075515625 0.672221875
4 0.025 0.6611109374999999 0.0286453125 0.6620375000000001 0.030729687500000002 0.6620375000000001 0.0338546875 0.6620375000000001 0.04296875 0.6583328125000001 0.0453125 0.65601875 0.0479171875 0.65555625 0.04765625 0.6509265625 0.0440109375 0.6435187499999999 0.0359375 0.641203125 0.03125 0.6421296875 0.025260937500000004 0.6486109375 0.0234375 0.652778125 0.0234375 0.6578703124999999
4 0.08984375 0.634721875 0.0958328125 0.6356484375 0.09921875 0.6333328125000001 0.1 0.6305562499999999 0.1 0.6240734375 0.1 0.6208328125 0.09921875 0.61851875 0.0927078125 0.6143515625 0.0859375 0.61851875 0.08463593750000001 0.6231484375 0.0869796875 0.63148125
4 0.1205734375 0.6203703125 0.1200515625 0.621296875 0.11953125 0.6240734375 0.125 0.6263890625 0.1385421875 0.621759375 0.1393234375 0.6175921875 0.1395828125 0.616203125 0.1361984375 0.6064812500000001 0.1296875 0.6120375 0.12734375 0.6129625 0.1239578125 0.6171296875000001
4 0.2377609375 0.5851859375 0.2442703125 0.5824078125 0.2515625 0.5796296875 0.2526046875 0.5768515625 0.25234375 0.5703703124999999 0.2489578125 0.5666671875 0.2359375 0.5666671875 0.2317703125 0.5703703124999999 0.2265625 0.5796296875 0.22734375 0.5833328125 0.2291671875 0.5861109375
4 0.2791671875 0.5666671875 0.2799484375 0.5680562499999999 0.2809890625 0.5680562499999999 0.2854171875 0.5680562499999999 0.2885421875 0.566203125 0.29375 0.565740625 0.2950515625 0.5648140625 0.2953125 0.5611109375 0.2919265625 0.5583328125 0.2893234375 0.55601875 0.28515625 0.55601875 0.28125 0.559259375 0.2791671875 0.5629625 0.2791671875 0.5648140625
4 0.3174484375 0.5523140625 0.31796875 0.552778125 0.3234375 0.5513890625 0.3322921875 0.5486109375 0.3385421875 0.547221875 0.3408859375 0.5453703125 0.3471359375 0.54444375 0.3544265625 0.5421296875 0.3567703125 0.540740625 0.3580734375 0.5384265625 0.3578125 0.5361109374999999 0.3567703125 0.5328703124999999 0.3544265625 0.53148125 0.3330734375 0.5379625 0.3192703125 0.5435187499999999 0.3169265625 0.5476859375 0.3169265625 0.55
4 0.39609375 0.5263890625000001 0.3973953125 0.5263890625000001 0.39765625 0.5245375 0.3981765625 0.5226859375 0.3979171875 0.5208328125 0.39453125 0.5203703125 0.3947921875 0.5236109375 0.39609375 0.5259265625
4 0.9627609375 0.63194375 0.971875 0.634721875 0.97578125 0.6356484375 0.9778640624999999 0.633796875 0.9770828125 0.6300921875000001 0.96953125 0.61898125 0.96484375 0.6148140625 0.95625 0.6078703125 0.9513015625 0.6129625 0.9479171875000001 0.6226859375 0.9510421875 0.6273140625
4 0.6791671874999999 0.553240625 0.6817703125000001 0.5495375 0.6817703125000001 0.5388890625 0.6809890625 0.5365734375 0.67734375 0.534721875 0.67265625 0.5324078125 0.66953125 0.541203125 0.6682296875 0.55 0.6731765625 0.553240625
4 0.7997390625 0.6 0.8036453124999999 0.5995375000000001 0.80703125 0.597221875 0.8067703125 0.5921296875000001 0.79609375 0.5828703125 0.7955734375 0.5828703125 0.7864578125 0.5879624999999999 0.7888015625 0.59351875 0.7901046875 0.5949078125