4 0.5473958333333333 0.517592803030303 0.5466145833333333 0.5087954545454546 0.5450520833333333 0.5064810606060607 0.53984375 0.5069450757575757 0.5375 0.5111117424242425 0.5369791666666667 0.517592803030303 0.5385416666666667 0.5203712121212121 0.5450520833333333 0.5208333333333334 0.5473958333333333 0.517592803030303
4 0.5604166666666667 0.5393522727272728 0.5684895833333333 0.5388882575757576 0.5713541666666667 0.5351856060606061 0.5723958333333333 0.5305549242424242 0.5690104166666666 0.5245378787878788 0.5604166666666667 0.5194450757575757 0.5484375 0.5194450757575757 0.5440104166666667 0.5240738636363637 0.54375 0.5263882575757576 0.54609375 0.5305549242424242 0.5565104166666667 0.5356477272727272 0.5604166666666667 0.5393522727272728
4 0.6658854166666667 0.6060189393939394 0.6666666666666666 0.6032405303030304 0.66640625 0.5745378787878788 0.66484375 0.5708333333333333 0.6583333333333333 0.5652784090909091 0.6484375 0.5643522727272727 0.6447916666666667 0.572685606060606 0.6440104166666667 0.5828712121212121 0.6432291666666666 0.5981477272727272 0.6440104166666667 0.6032405303030304 0.6588541666666666 0.6064810606060606 0.6658854166666667 0.6060189393939394
4 0.4510416666666667 0.5893522727272728 0.45364583333333336 0.5828712121212121 0.45677083333333335 0.5814810606060606 0.4627604166666667 0.5828712121212121 0.475 0.5712954545454546 0.4783854166666667 0.5652784090909091 0.48151041666666666 0.5458333333333333 0.48541666666666666 0.5342594696969697 0.4861979166666667 0.5194450757575757 0.47708333333333336 0.5268522727272728 0.47161458333333334 0.5291666666666667 0.46171875 0.5439810606060606 0.4549479166666667 0.5513882575757575 0.4513020833333333 0.5532405303030303 0.44505208333333335 0.5648143939393939 0.4432291666666667 0.5712954545454546 0.4432291666666667 0.5875 0.44427083333333334 0.5912045454545455 0.446875 0.5939810606060606 0.4510416666666667 0.5893522727272728
4 0.38515625 0.745371212121212 0.3924479166666667 0.7439810606060606 0.39921875 0.732407196969697 0.3846354166666667 0.7282405303030304 0.3736979166666667 0.7314810606060606 0.3736979166666667 0.7361117424242424 0.37578125 0.7412045454545454 0.37916666666666665 0.7439810606060606 0.38515625 0.745371212121212
4 0.4278645833333333 0.7166666666666667 0.4309895833333333 0.7041666666666667 0.4354166666666667 0.6995378787878788 0.43723958333333335 0.692128787878788 0.43723958333333335 0.6842594696969697 0.44114583333333335 0.672221590909091 0.44192708333333336 0.6611117424242424 0.4388020833333333 0.6495378787878788 0.4356770833333333 0.6435189393939394 0.43203125 0.6412045454545454 0.4276041666666667 0.6421287878787878 0.41822916666666665 0.6481477272727272 0.40729166666666666 0.6694450757575757 0.40572916666666664 0.6768522727272727 0.40546875 0.7208333333333333 0.4075520833333333 0.725 0.41901041666666666 0.7245378787878788 0.4278645833333333 0.7166666666666667
4 0.32838541666666665 0.9828712121212122 0.33151041666666664 0.9671287878787879 0.3328125 0.955092803030303 0.33098958333333334 0.9532405303030302 0.3294270833333333 0.947685606060606 0.3294270833333333 0.9361117424242424 0.3377604166666667 0.9212954545454546 0.34140625 0.902778409090909 0.34479166666666666 0.9004621212121212 0.3411458333333333 0.8981477272727272 0.34140625 0.8921287878787878 0.3380208333333333 0.8870378787878788 0.31875 0.8972215909090909 0.3140625 0.8976856060606061 0.30885416666666665 0.9046287878787879 0.30625 0.9106477272727272 0.30130208333333336 0.9157405303030304 0.30104166666666665 0.9189810606060606 0.2994791666666667 0.9203712121212122 0.2994791666666667 0.9236117424242424 0.2947916666666667 0.9333333333333333 0.2908854166666667 0.9347215909090909 0.28541666666666665 0.9444450757575757 0.271875 0.9935189393939393 0.27317708333333335 0.9995378787878787 0.31979166666666664 0.9995378787878787 0.32838541666666665 0.9828712121212122
4 0.32916666666666666 0.8828712121212121 0.33203125 0.8662045454545454 0.3338541666666667 0.8611117424242424 0.33151041666666664 0.8569450757575757 0.33151041666666664 0.8490738636363636 0.32578125 0.8430549242424242 0.3216145833333333 0.8490738636363636 0.31979166666666664 0.8560189393939394 0.31588541666666664 0.8611117424242424 0.31588541666666664 0.8717594696969697 0.3184895833333333 0.8842594696969697 0.3265625 0.8884261363636363 0.32916666666666666 0.8828712121212121
4 0.3536458333333333 0.8587954545454546 0.3572916666666667 0.8560189393939394 0.3611979166666667 0.8486117424242424 0.3731770833333333 0.8361117424242424 0.3809895833333333 0.8152784090909091 0.38359375 0.8115738636363636 0.38697916666666665 0.7990738636363637 0.38645833333333335 0.7939810606060606 0.3893229166666667 0.7865738636363636 0.3893229166666667 0.7828712121212121 0.3927083333333333 0.7791666666666667 0.3927083333333333 0.7717594696969696 0.39166666666666666 0.7685189393939394 0.3924479166666667 0.7629621212121211 0.38645833333333335 0.7481477272727273 0.37161458333333336 0.7421287878787879 0.3651041666666667 0.7439810606060606 0.36302083333333335 0.7476856060606061 0.36302083333333335 0.7518522727272727 0.359375 0.7671287878787878 0.3606770833333333 0.7736117424242424 0.35859375 0.7898143939393939 0.35703125 0.7907405303030304 0.35442708333333334 0.8009261363636364 0.35104166666666664 0.8064810606060606 0.3458333333333333 0.8412045454545455 0.34661458333333334 0.847221590909091 0.34479166666666666 0.8495378787878788 0.34817708333333336 0.8546287878787879 0.3536458333333333 0.8587954545454546
4 0.15572916666666667 0.9884261363636364 0.15026041666666667 0.9814810606060606 0.14166666666666666 0.9740738636363637 0.13072916666666667 0.9726856060606061 0.12395833333333334 0.9782405303030303 0.12161458333333333 0.9842594696969696 0.12135416666666667 0.9939810606060606 0.1234375 0.9995378787878787 0.15755208333333334 0.9995378787878787 0.15572916666666667 0.9884261363636364
4 0.23515625 0.9861117424242425 0.23359375 0.9819450757575757 0.23489583333333333 0.9708333333333333 0.22994791666666667 0.9680549242424242 0.23177083333333334 0.9611117424242424 0.23854166666666668 0.9560189393939394 0.2518229166666667 0.9555549242424243 0.2596354166666667 0.9685189393939394 0.2638020833333333 0.9671287878787879 0.265625 0.9532405303030302 0.2671875 0.9509261363636363 0.2669270833333333 0.9453712121212121 0.2713541666666667 0.942128787878788 0.27369791666666665 0.9379621212121213 0.2796875 0.9375 0.28411458333333334 0.9254621212121212 0.2869791666666667 0.9231477272727273 0.2908854166666667 0.9236117424242424 0.2864583333333333 0.922221590909091 0.28619791666666666 0.919907196969697 0.29375 0.9078712121212121 0.2942708333333333 0.9032405303030303 0.30052083333333335 0.8939810606060606 0.3020833333333333 0.8847215909090909 0.30520833333333336 0.8805549242424242 0.30703125 0.8745378787878787 0.3106770833333333 0.8708333333333333 0.3223958333333333 0.8393522727272728 0.33046875 0.8263882575757576 0.33307291666666666 0.8143522727272727 0.3377604166666667 0.8115738636363636 0.34296875 0.8018522727272727 0.34479166666666666 0.7930549242424243 0.3497395833333333 0.7828712121212121 0.35130208333333335 0.7476856060606061 0.35 0.7384261363636364 0.3419270833333333 0.7310189393939394 0.3338541666666667 0.7287045454545454 0.3234375 0.7361117424242424 0.3221354166666667 0.7393522727272727 0.3216145833333333 0.7462954545454545 0.3216145833333333 0.7773143939393939 0.31979166666666664 0.7875 0.31328125 0.7907405303030304 0.30963541666666666 0.794907196969697 0.29453125 0.8009261363636364 0.29192708333333334 0.8087954545454545 0.275 0.8314810606060606 0.26979166666666665 0.8356477272727272 0.2674479166666667 0.8398143939393939 0.26666666666666666 0.8453712121212121 0.2125 0.9041666666666667 0.20598958333333334 0.9041666666666667 0.20442708333333334 0.9101856060606061 0.20546875 0.9231477272727273 0.203125 0.9282405303030303 0.20286458333333332 0.9393522727272727 0.20625 0.9504621212121211 0.21145833333333333 0.9587954545454546 0.2125 0.969907196969697 0.21197916666666666 0.9745378787878789 0.20963541666666666 0.9782405303030303 0.20911458333333333 0.982407196969697 0.2046875 0.9810189393939392 0.20130208333333333 0.9842594696969696 0.19739583333333333 0.982407196969697 0.18932291666666667 0.982407196969697 0.1875 0.9861117424242425 0.18697916666666667 0.9995378787878787 0.23619791666666667 0.9995378787878787 0.23489583333333333 0.994907196969697 0.23515625 0.9861117424242425