4 0.7528640625 0.9398140625 0.7557296874999999 0.9606484375000001 0.7609375 0.9703703125 0.77578125 0.9870374999999999 0.7846359374999999 0.9921296875 0.79453125 0.9976859375 0.8104171875 0.9984375 0.8088546875 0.9856484375000001 0.80078125 0.9856484375000001 0.7989578125000001 0.9648140625 0.809375 0.95694375 0.8145828125 0.9199078125 0.7963546874999999 0.921296875 0.77109375 0.8995374999999999 0.7549484375 0.8671296875 0.7427078125000001 0.8393515624999999 0.7338546874999999 0.8333328124999999 0.72578125 0.866203125 0.7231765625000001 0.8833328125 0.7346359375 0.903703125 0.74296875 0.9111109374999999
4 0.7317703125 0.8254625000000001 0.71796875 0.8129625 0.7083328125 0.828240625 0.7143234374999999 0.8523140625 0.7239578125 0.853703125 0.7299484374999999 0.8430562500000001
4 0.7041671875 0.8300921875 0.7127609374999999 0.8050921875 0.7026046874999999 0.78101875 0.6885421875 0.7671296875 0.6833328125 0.7425921875 0.6671875 0.7365734374999999 0.65546875 0.7291671875 0.6494796875 0.7388890625 0.65546875 0.7606484375 0.6760421875 0.7851859375 0.6778640625000001 0.7893515625 0.68125 0.8023140625 0.67890625 0.81898125 0.68828125 0.8245374999999999
4 0.6419265625 0.6976859375 0.6229171874999999 0.672221875 0.6119796875 0.6513890625000001 0.6033859374999999 0.61898125 0.58984375 0.6101859375 0.58046875 0.6009265625 0.5739578125 0.583796875 0.5669265625000001 0.58194375 0.56796875 0.5754625 0.5625 0.5648140625 0.55625 0.558796875 0.5541671874999999 0.5652781250000001 0.5526046874999999 0.5703703124999999 0.5578125 0.5824078125 0.5611984375 0.5921296875000001 0.5703125 0.6041671875 0.5872390625 0.6300921875000001 0.6002609375 0.658796875 0.6046875 0.6740734374999999 0.6143234375 0.68101875 0.6260421875 0.703703125 0.6330734375 0.7129624999999999 0.64296875 0.7351859375 0.6497390625 0.7240734375 0.6450515625000001 0.7111109375
4 0.5364578125 0.527778125 0.5278640625000001 0.5143515625 0.5263015625 0.51805625 0.5299484375 0.5268515625 0.5330734374999999 0.5324078125 0.53671875 0.5416671875 0.54140625 0.547221875 0.5463546874999999 0.553703125 0.54921875 0.5620375 0.55625 0.5574078124999999 0.54765625 0.5453703125 0.5390625 0.5351859375
4 0.7432296875 0.665740625 0.7557296874999999 0.6689812500000001 0.76328125 0.6620375000000001 0.77734375 0.6740734374999999 0.7979171875 0.691203125 0.8140625 0.7018515625 0.8328125 0.6949078125 0.85546875 0.7296296875 0.8799484375000001 0.71898125 0.8953125 0.7115734375 0.9265625 0.6578703124999999 0.9307296875000001 0.63148125 0.925 0.6004625 0.9190109375000001 0.5925921875 0.8966140625 0.590740625 0.88359375 0.5810187499999999 0.8619796875000001 0.5731484375 0.8286453125 0.5652781250000001 0.7815109375 0.553703125 0.76640625 0.5518515625 0.76640625 0.5606484375 0.7580734375 0.5754625 0.7447921875 0.5773140625 0.73125 0.5763890625 0.7203125 0.58055625 0.7135421875 0.6208328125 0.7145828125 0.633796875 0.72890625 0.6393515625 0.7348953125000001 0.647221875
4 0.7583328125000001 0.5666671875 0.7606765625 0.5611109375 0.7604171875 0.5523140625 0.7609375 0.5490734374999999 0.759375 0.5481484375 0.7453125 0.5449078125 0.74765625 0.553240625 0.7453125 0.5518515625 0.7455734374999999 0.5601859375 0.7505203125000001 0.56944375 0.7559890625000001 0.5703703124999999
4 0.10390625 0.7939812500000001 0.0942703125 0.7773140625 0.0796875 0.8032406249999999 0.0763015625 0.825 0.090625 0.833796875 0.1015625 0.81805625
4 0.2005203125 0.7226859375 0.1979171875 0.70694375 0.184375 0.7004625 0.178125 0.7134265625 0.1846359375 0.721759375 0.18515625 0.7300921875 0.19921875 0.7300921875
4 0.32890625 0.6134265625 0.3234375 0.6125 0.3125 0.63101875 0.3111984375 0.641203125 0.3216140625 0.6361109375 0.3393234375 0.621296875
4 0.5713546875 0.5324078125 0.5734375 0.5273140625 0.5783859375 0.5254624999999999 0.5799484374999999 0.522221875 0.58359375 0.5199078125 0.584375 0.5171296875 0.5916671874999999 0.5175921875 0.5953125 0.516203125 0.59453125 0.5101859375 0.5919265625000001 0.5078703124999999 0.5888015625 0.50601875 0.5755203125 0.5027781250000001 0.5690109375 0.5013890625 0.5674484375 0.503240625 0.565625 0.5129625 0.5651046875 0.5203703125 0.5669265625000001 0.5245375 0.5684890625000001 0.5333328125000001
4 0.6166671874999999 0.5273140625 0.6203125 0.5259265625 0.6190109374999999 0.5199078125 0.6184890625 0.515278125 0.61796875 0.5129625 0.6067703125 0.5101859375 0.6057296875 0.5106484375 0.6046875 0.5171296875 0.6059890625000001 0.5240734375 0.6114578125000001 0.528240625
4 0.5828125 0.525 0.5763015625000001 0.5333328125000001 0.5770828125 0.540740625 0.5916671874999999 0.553240625 0.6067703125 0.5620375 0.6260421875 0.5768515625 0.6408859375 0.5888890625000001 0.659375 0.6041671875 0.6690109375 0.6041671875 0.6700515625000001 0.5949078125 0.6640625 0.583796875 0.6557296874999999 0.5736109375 0.6442703125 0.5666671875 0.6408859375 0.5597218749999999 0.6252609375 0.55555625 0.6229171874999999 0.5513890625 0.6143234375 0.5504625 0.60234375 0.5425921875 0.59765625 0.5384265625 0.6036453125000001 0.5300921875 0.6010421874999999 0.5208328125 0.5932296874999999 0.5189812500000001