4 0.8552078125 0.9861109375 0.8484375 0.9745375 0.8401046875 0.9611109375 0.8348953124999999 0.9555562500000001 0.8291671875000001 0.94398125 0.8205734375 0.9407406249999999 0.8119796875 0.9453703125 0.8059890624999999 0.9578703125000001 0.8059890624999999 0.972221875 0.81328125 0.9861109375 0.8166671875 0.9984375 0.86171875 0.9984375 0.8604171875000001 0.9984375
4 0.79765625 0.9984375 0.7950515625000001 0.9870374999999999 0.7921875 0.9717593750000001 0.78828125 0.953240625 0.7796875 0.9453703125 0.7734375 0.9393515625 0.7674484374999999 0.946296875 0.7705734375 0.959259375 0.7765625 0.9694437499999999 0.7770828125 0.9861109375 0.7783859375 0.9984375
4 0.8036453124999999 0.9351859375 0.796875 0.925 0.7911453125000001 0.9296296875 0.79140625 0.9416671875 0.7953125 0.9504625000000001 0.8028640625 0.95 0.8026046875 0.9481484375000001
4 0.7921875 0.90601875 0.78359375 0.9 0.7768234374999999 0.9 0.7723953125 0.9023140625 0.7684890625 0.9120375 0.7721359375 0.922221875 0.7770828125 0.93148125 0.7833328125000001 0.9282406249999999 0.7890625 0.927778125 0.7924484374999999 0.9175921875
4 0.7447921875 0.8949078125 0.7325515625000001 0.88101875 0.7231765625000001 0.8620374999999999 0.71796875 0.8722218749999999 0.7192703125000001 0.8879625000000001 0.7263015625 0.8949078125 0.73125 0.9074078125 0.7380203125 0.9125 0.7424484375 0.9199078125 0.7471359375 0.9273140625 0.7510421875 0.9106484375000001 0.7510421875 0.9092593750000001
4 0.6947921874999999 0.8157406249999999 0.6885421875 0.80648125 0.6841140625000001 0.7981484375 0.678125 0.7925921875 0.6731765625 0.78101875 0.66875 0.7726859375 0.6640625 0.7611109375 0.6625 0.75601875 0.6536453125 0.74398125 0.64765625 0.7398140625 0.6447921875 0.7351859375 0.6401046874999999 0.721296875 0.6291671875 0.7120375 0.625 0.7078703125 0.6213546875 0.691203125 0.6190109374999999 0.684259375 0.6096359375 0.6689812500000001 0.60390625 0.6625 0.6026046875 0.6625 0.5986984375 0.666203125 0.6002609375 0.6773140625 0.6057296875 0.6870375 0.61328125 0.69398125 0.61796875 0.7 0.6203125 0.7106484375 0.62734375 0.71805625 0.6315109375 0.7231484375 0.6346359374999999 0.734721875 0.63828125 0.7416671874999999 0.640625 0.7546296875 0.64609375 0.7583328125000001 0.65234375 0.7648140625 0.6557296874999999 0.775 0.659375 0.783796875 0.6645828125000001 0.7898140625 0.6721359375 0.8041671875 0.678125 0.8129625 0.6822921875 0.8245374999999999 0.6888015625 0.833796875 0.6934890625000001 0.8407406249999999 0.69765625 0.84351875 0.70078125 0.8361109375 0.6981765625 0.828240625
4 0.7653640625 0.8699078124999999 0.75 0.8564812500000001 0.74140625 0.853703125 0.73828125 0.8388890625000001 0.7325515625000001 0.8314812500000001 0.72890625 0.8240734375000001 0.7247390625000001 0.8125 0.7143234374999999 0.7953703125 0.7104171874999999 0.790278125 0.7005203125 0.7851859375 0.6963546875 0.784721875 0.6934890625000001 0.790278125 0.69921875 0.7995375 0.7046875 0.8101859375 0.7125 0.8203703125 0.7151046875 0.8240734375000001 0.7236984375 0.8388890625000001 0.7283859374999999 0.8458328125 0.7348953125000001 0.8578703125 0.73984375 0.8666671875 0.7453125 0.8722218749999999 0.75 0.8851859375 0.7526046875 0.8986109375 0.76328125 0.9018515624999999 0.7635421874999999 0.9018515624999999 0.7674484374999999 0.883796875 0.7674484374999999 0.8819437499999999
4 0.6908859374999999 0.75694375 0.6854171874999999 0.753240625 0.6817703125000001 0.7555562499999999 0.6783859375 0.7615734375 0.6765625 0.7708328125 0.68046875 0.7791671874999999 0.6846359375 0.78101875 0.6846359375 0.78148125 0.6919265625000001 0.7759265625 0.6932296874999999 0.7675921875
4 0.6747390625 0.741203125 0.6666671875 0.7370375 0.6643234375 0.7370375 0.659375 0.740278125 0.6611984375 0.746296875 0.6658859374999999 0.75601875 0.6697921874999999 0.7583328125000001 0.6723953125000001 0.7583328125000001 0.67578125 0.7513890625 0.675 0.7481484375
4 0.6598953125 0.7125 0.6541671874999999 0.708796875 0.6502609374999999 0.70694375 0.64765625 0.696759375 0.6419265625 0.6865734375 0.6369796875 0.6824078124999999 0.6328125 0.678240625 0.6307296874999999 0.6717593749999999 0.6296875 0.6643515625 0.628125 0.6583328125000001 0.62109375 0.6523140625 0.6171875 0.65 0.6140625 0.64444375 0.60625 0.6333328125000001 0.6018234375 0.6296296875 0.5966140625 0.6273140625 0.5919265625000001 0.6240734375 0.5859375 0.6245375 0.5802078125000001 0.6273140625 0.57578125 0.6305562499999999 0.5783859375 0.6393515625 0.5799484374999999 0.6398140625 0.5838546874999999 0.6453703125 0.5854171874999999 0.6550921875 0.5903640625000001 0.6611109374999999 0.5947921875 0.6601859375 0.60078125 0.6583328125000001 0.6059890625000001 0.658796875 0.6109375 0.6629625 0.6161453125 0.6703703125 0.62109375 0.6791671874999999 0.6265625 0.6856484375 0.6296875 0.6902781250000001 0.6330734375 0.696759375 0.6359375 0.702778125 0.6411453125000001 0.7101859375 0.6471359375 0.7199078125 0.6515625 0.727778125 0.6533859375 0.7310187499999999 0.6588546875 0.7351859375 0.6619796874999999 0.7310187499999999 0.6677078125 0.7175921875 0.6640625 0.7115734375
4 0.5486984374999999 0.5629625 0.54609375 0.5597218749999999 0.54296875 0.55555625 0.5427078125 0.5495375 0.5403640625 0.5453703125 0.53828125 0.5449078125 0.5348953125 0.5416671875 0.5322921875 0.5398140625 0.5294265625000001 0.5356484375 0.5294265625000001 0.53101875 0.5255203125000001 0.528703125 0.5229171874999999 0.5240734375 0.5197921875 0.5189812500000001 0.5174484374999999 0.5171296875 0.5140625 0.5148140625 0.5138015625000001 0.51944375 0.5184890625 0.5236109375 0.5208328125 0.53101875 0.52109375 0.53148125 0.5244796875 0.534721875 0.5265625 0.5393515625 0.5276046875 0.5449078125 0.5291671874999999 0.5490734374999999 0.5328125 0.5509265625 0.53359375 0.552778125 0.5359375 0.5574078124999999 0.5375 0.5620375 0.5411453125000001 0.5652781250000001 0.5442703125 0.56898125 0.54921875 0.575 0.5515625 0.577778125 0.5518234375 0.578703125 0.5528640625000001 0.5703703124999999 0.5515625 0.56851875
4 0.3815109375 0.7935187499999999 0.3817703125 0.7865734375 0.3794265625 0.775 0.3736984375 0.7773140625 0.3731765625 0.7888890625 0.3736984375 0.7939812500000001 0.3744796875 0.803703125 0.3776046875 0.808796875 0.3833328125 0.8050921875 0.3830734375 0.8041671875
4 0.40729218749999996 0.766203125 0.40625 0.75601875 0.40677031250000006 0.7449078124999999 0.40260468749999995 0.7379625 0.3994796875 0.7421296875000001 0.39453125 0.7481484375 0.3885421875 0.7476859375 0.3838546875 0.75 0.3796875 0.7574078125 0.3815109375 0.7643515625 0.3856765625 0.7759265625 0.3888015625 0.7763890625000001 0.3916671875 0.7763890625000001 0.40078125 0.775 0.40546875 0.7745375
4 0.43072968749999996 0.716203125 0.43151093749999997 0.7101859375 0.4322921875 0.6990734375 0.43567656250000003 0.691203125 0.43828125 0.6759265625 0.4401046875 0.66944375 0.44505156250000005 0.6615734375 0.44583281250000006 0.653240625 0.4466140625 0.6458328125 0.44869843749999994 0.6351859375 0.45208281250000004 0.6273140625 0.4518234375 0.61851875 0.4515625 0.6138890625 0.45286406250000005 0.6041671875 0.45026093749999996 0.5986109374999999 0.44713593749999997 0.6046296875 0.446875 0.6134265625 0.44375 0.6208328125 0.440625 0.6277781250000001 0.43723906250000005 0.6361109375 0.43515625 0.6393515625 0.4309890625 0.6495375 0.4283859375 0.6550921875 0.42682343749999996 0.658796875 0.42552031250000005 0.6638890625 0.42239531250000006 0.6759265625 0.41875 0.6828703125 0.4125 0.6865734375 0.41067656250000006 0.691203125 0.41223906250000003 0.7041671875 0.4125 0.70694375 0.4296875 0.728703125 0.43046875 0.7240734375
4 0.46640625 0.5629625 0.46432343749999994 0.56898125 0.46484375 0.5745375 0.4671875 0.5768515625 0.47057343749999997 0.571296875 0.47083281250000003 0.5648140625
4 0.9861984375 0.8143515625 0.98203125 0.8078703125000001 0.9755203124999999 0.808796875 0.9744796875 0.8175921875000001 0.97734375 0.8254625000000001 0.98125 0.827778125 0.9880203125 0.8291671875000001 0.9872390624999999 0.828240625
4 0.7580734375 0.6458328125 0.75625 0.6375 0.75 0.6375 0.7479171874999999 0.646296875 0.7505203125000001 0.6578703124999999 0.7533859374999999 0.6606484375 0.7588546875 0.6615734375 0.7596359374999999 0.65601875
4 0.7109375 0.6138890625 0.7049484374999999 0.6083328125 0.6963546875 0.60555625 0.6934890625000001 0.602778125 0.6859375 0.5986109374999999 0.6791671874999999 0.59444375 0.6744796875 0.5833328125 0.6703125 0.5833328125 0.6674484374999999 0.5921296875000001 0.6651046875 0.6013890625 0.671875 0.609721875 0.678125 0.6148140625 0.6856765625000001 0.6203703125 0.6901046875 0.6231484375 0.6973953125000001 0.628703125 0.7028640625 0.63101875 0.709375 0.640278125 0.71484375 0.6370375 0.7229171875 0.6236109375 0.7177078125 0.61805625
4 0.653125 0.5796296875 0.6484375 0.5810187499999999 0.6458328125 0.5875 0.6481765625 0.59398125 0.6510421875 0.5953703124999999 0.65625 0.59305625 0.65546875 0.5851859375