4 0.53125 0.5550928030303031 0.5346354166666667 0.5601856060606061 0.5393229166666667 0.5638882575757576 0.5440104166666667 0.5745378787878788 0.54765625 0.577778409090909 0.5541666666666667 0.5759261363636363 0.5528645833333333 0.5625 0.5502604166666667 0.5564810606060606 0.54453125 0.5541666666666667 0.5408854166666667 0.5504621212121212 0.53984375 0.544907196969697 0.5325520833333334 0.5314810606060606 0.5276041666666667 0.5291666666666667 0.5247395833333334 0.5240738636363637 0.5184895833333333 0.517592803030303 0.51484375 0.5194450757575757 0.5145833333333333 0.5212954545454546 0.5169270833333334 0.5263882575757576 0.5263020833333333 0.5407405303030304 0.53125 0.5550928030303031
4 0.4627604166666667 0.5986117424242424 0.4640625 0.5875 0.4596354166666667 0.577314393939394 0.45625 0.5787045454545454 0.4510416666666667 0.5875 0.45026041666666666 0.5916666666666667 0.45286458333333335 0.5986117424242424 0.4583333333333333 0.6009261363636363 0.4627604166666667 0.5986117424242424
4 0.4317708333333333 0.6703712121212122 0.43697916666666664 0.6611117424242424 0.4393229166666667 0.6462954545454546 0.4354166666666667 0.642592803030303 0.4317708333333333 0.644907196969697 0.4239583333333333 0.6564810606060606 0.4234375 0.6625 0.4244791666666667 0.6657405303030304 0.42734375 0.6689810606060606 0.4317708333333333 0.6703712121212122
4 0.7591145833333334 0.8930549242424243 0.7635416666666667 0.892592803030303 0.7635416666666667 0.8907405303030302 0.7674479166666667 0.8884261363636363 0.76640625 0.8726856060606061 0.7630208333333334 0.8694450757575758 0.7614583333333333 0.864814393939394 0.7546875 0.860185606060606 0.7502604166666667 0.8624999999999999 0.75 0.8657405303030303 0.7471354166666667 0.8680549242424243 0.7450520833333333 0.8675928030303031 0.7440104166666667 0.8652784090909091 0.7440104166666667 0.8726856060606061 0.74609375 0.870371212121212 0.7565104166666666 0.8912045454545454 0.7591145833333334 0.8930549242424243
4 0.7166666666666667 0.8162045454545455 0.7177083333333333 0.8143522727272727 0.7197916666666667 0.802314393939394 0.7166666666666667 0.7958333333333333 0.7049479166666667 0.7939810606060606 0.7010416666666667 0.7986117424242424 0.7046875 0.8143522727272727 0.7104166666666667 0.8162045454545455 0.7166666666666667 0.8162045454545455
4 0.7419270833333333 0.8592594696969698 0.7481770833333333 0.860185606060606 0.75234375 0.857407196969697 0.7481770833333333 0.8379621212121212 0.7434895833333334 0.8305549242424243 0.7427083333333333 0.8259261363636363 0.7369791666666666 0.817128787878788 0.7291666666666666 0.8111117424242424 0.7247395833333333 0.8115738636363636 0.7231770833333333 0.8148143939393939 0.7223958333333333 0.8180549242424242 0.7231770833333333 0.8291666666666667 0.72578125 0.8384261363636364 0.7419270833333333 0.8592594696969698
4 0.6419270833333334 0.7277784090909091 0.6450520833333333 0.7328712121212122 0.6486979166666667 0.7356477272727273 0.6541666666666667 0.745371212121212 0.6580729166666667 0.7430549242424243 0.67578125 0.7768522727272728 0.675 0.7833333333333333 0.678125 0.7884261363636363 0.6776041666666667 0.7907405303030304 0.6888020833333334 0.7916666666666666 0.6950520833333333 0.7865738636363636 0.6973958333333333 0.7736117424242424 0.6966145833333334 0.7643522727272727 0.6875 0.745371212121212 0.6794270833333333 0.7328712121212122 0.6697916666666667 0.7287045454545454 0.666753125 0.7291666666666666 0.6596354166666667 0.7240738636363636 0.65703125 0.7217594696969697 0.6541666666666667 0.7115738636363637 0.64609375 0.7055549242424243 0.6346354166666667 0.702314393939394 0.6307291666666667 0.707407196969697 0.6309895833333333 0.7166666666666667 0.6341145833333334 0.7245378787878788 0.6385416666666667 0.7296287878787879 0.6419270833333334 0.7277784090909091
4 0.7130208333333333 0.6342594696969697 0.7145833333333333 0.6226856060606061 0.7122395833333334 0.6180549242424243 0.7088541666666667 0.614814393939394 0.7049479166666667 0.614814393939394 0.703125 0.6189810606060606 0.7013020833333333 0.6268522727272727 0.70390625 0.635185606060606 0.7088541666666667 0.6370378787878788 0.7130208333333333 0.6342594696969697
4 0.9080729166666667 0.7611117424242425 0.9091145833333333 0.7490738636363636 0.9078125 0.7435189393939393 0.9041666666666667 0.7379621212121212 0.8997395833333334 0.7388882575757575 0.8986979166666667 0.7407405303030303 0.9015625 0.7592594696969697 0.9033854166666667 0.7615738636363636 0.9080729166666667 0.7611117424242425
4 0.9846354166666667 0.8194450757575757 0.98828125 0.8148143939393939 0.9890625 0.8060189393939393 0.9854166666666667 0.7907405303030304 0.9833333333333333 0.7875 0.9770833333333333 0.7865738636363636 0.9739583333333334 0.7907405303030304 0.9721354166666667 0.7986117424242424 0.97109375 0.8069450757575758 0.9721354166666667 0.8138882575757576 0.9739583333333334 0.817128787878788 0.9846354166666667 0.8194450757575757
4 0.9377604166666667 0.7828712121212121 0.9361979166666666 0.7787045454545455 0.9375 0.7736117424242424 0.9375 0.7629621212121211 0.9354166666666667 0.7476856060606061 0.9346354166666667 0.7439810606060606 0.9315104166666667 0.7388882575757575 0.9263020833333333 0.7412045454545454 0.9244791666666666 0.7481477272727273 0.9208333333333333 0.7518522727272727 0.9208333333333333 0.7560189393939394 0.91875 0.7634261363636363 0.91875 0.7703712121212121 0.9223958333333333 0.7791666666666667 0.9302083333333333 0.7842594696969697 0.9377604166666667 0.7828712121212121
4 0.8338541666666667 0.7287045454545454 0.8419270833333333 0.7291666666666666 0.846875 0.7254621212121212 0.8486979166666667 0.7203712121212121 0.8481770833333333 0.7055549242424243 0.8494791666666667 0.7009261363636363 0.8455729166666667 0.6944450757575757 0.83359375 0.6884261363636364 0.8286458333333333 0.6912045454545455 0.8229166666666666 0.7009261363636363 0.8208333333333333 0.7087954545454546 0.8231770833333333 0.7125 0.8236979166666667 0.7166666666666667 0.8338541666666667 0.7287045454545454
4 0.80625 0.7087954545454546 0.8140625 0.7101856060606061 0.8203125 0.7055549242424243 0.82109375 0.6893522727272727 0.8145833333333333 0.6763882575757575 0.8109375 0.6731477272727273 0.80234375 0.6708333333333333 0.7979166666666667 0.677314393939394 0.7989583333333333 0.6805549242424243 0.7966145833333333 0.6898143939393939 0.8015625 0.7055549242424243 0.80625 0.7087954545454546
4 0.7479166666666667 0.6652784090909091 0.7609375 0.6685189393939394 0.7674479166666667 0.6787045454545454 0.7796875 0.6875 0.7833333333333333 0.6884261363636364 0.78828125 0.682871212121212 0.7903645833333334 0.6694450757575757 0.7846354166666667 0.6564810606060606 0.7596354166666667 0.6439810606060606 0.75625 0.6347215909090909 0.7518229166666667 0.630092803030303 0.74765625 0.6310189393939394 0.7421875 0.6384261363636363 0.7424479166666667 0.642592803030303 0.7408854166666666 0.65 0.74140625 0.6541666666666667 0.7479166666666667 0.6652784090909091
4 0.6841145833333333 0.8365738636363637 0.6854166666666667 0.844907196969697 0.6895833333333333 0.8467594696969697 0.703125 0.8759261363636364 0.7088541666666667 0.885185606060606 0.7171875 0.8944450757575757 0.721875 0.9078712121212121 0.7286458333333333 0.9194450757575757 0.7315104166666667 0.9282405303030303 0.7346354166666667 0.9305549242424243 0.74375 0.9444450757575757 0.7565104166666666 0.9564810606060606 0.7606770833333333 0.9703712121212121 0.7674479166666667 0.9749999999999999 0.7734375 0.9717594696969698 0.7770833333333333 0.9587954545454546 0.7786458333333334 0.9472215909090909 0.7770833333333333 0.9416666666666667 0.77265625 0.9347215909090909 0.77109375 0.9277784090909091 0.7713541666666667 0.9236117424242424 0.76875 0.9171287878787879 0.7567708333333333 0.9064810606060606 0.7520833333333333 0.905092803030303 0.7489583333333333 0.8986117424242424 0.7453125 0.894907196969697 0.7403645833333333 0.8916666666666667 0.7341145833333333 0.8907405303030302 0.7057291666666666 0.8490738636363636 0.703125 0.8435189393939394 0.70078125 0.8421287878787879 0.7002604166666667 0.8375 0.6940104166666666 0.8263882575757576 0.6932291666666667 0.8217594696969697 0.6893229166666667 0.817592803030303 0.6815104166666667 0.8162045454545455 0.68046875 0.8185189393939394 0.6822916666666666 0.822685606060606 0.6822916666666666 0.8337954545454546 0.6841145833333333 0.8365738636363637
4 0.34322916666666664 0.9893522727272728 0.34375 0.9819450757575757 0.3419270833333333 0.9745378787878789 0.3377604166666667 0.9703712121212121 0.33255208333333336 0.9703712121212121 0.3294270833333333 0.9800928030303031 0.32864583333333336 0.9944450757575758 0.3299479166666667 0.9995378787878787 0.3390625 0.9995378787878787 0.34322916666666664 0.9893522727272728
4 0.3893229166666667 0.8046287878787879 0.39296875 0.8032405303030303 0.3971354166666667 0.7986117424242424 0.39817708333333335 0.7870378787878788 0.39609375 0.7805549242424242 0.38828125 0.7745378787878788 0.38697916666666665 0.7768522727272728 0.3809895833333333 0.780092803030303 0.3770833333333333 0.7888882575757576 0.3765625 0.794907196969697 0.3802083333333333 0.802314393939394 0.38359375 0.8046287878787879 0.3893229166666667 0.8046287878787879
4 0.39401041666666664 0.830092803030303 0.39817708333333335 0.8180549242424242 0.39817708333333335 0.8148143939393939 0.3927083333333333 0.8111117424242424 0.3846354166666667 0.8120378787878787 0.38046875 0.8143522727272727 0.3768229166666667 0.8199071969696969 0.3765625 0.8254621212121211 0.38046875 0.8337954545454546 0.3885416666666667 0.8351856060606061 0.39401041666666664 0.830092803030303