4 0.3106765625 0.95 0.3020828125 0.9467593750000001 0.2963546875 0.9574078125 0.2958328125 0.971296875 0.3013015625 0.9810187499999999 0.3078125 0.9800921875 0.3234375 0.9731484375000001 0.31953125 0.959721875
4 0.3348953125 0.88055625 0.32890625 0.86944375 0.3236984375 0.866203125 0.3166671875 0.8675921875 0.3145828125 0.8768515625 0.3161453125 0.8861109375 0.3203125 0.8925921875 0.3239578125 0.8986109375 0.33671875 0.8935187499999999 0.3369796875 0.8888890625
4 0.3528640625 0.8356484375000001 0.3515625 0.8259265625 0.3479171875 0.8175921875000001 0.34140625 0.8199078125 0.3411453125 0.8300921875 0.3408859375 0.8398140625 0.3411453125 0.8504625000000001 0.34375 0.8574078125 0.3520828125 0.853703125 0.35390625 0.8449078125
4 0.359375 0.841203125 0.35703125 0.8504625000000001 0.3604171875 0.859259375 0.36484375 0.859259375 0.3700515625 0.8504625000000001 0.36484375 0.8421296875
4 0.1557296875 0.7472218749999999 0.1510421875 0.7550921875000001 0.15 0.7657406250000001 0.15390625 0.7731484375 0.1619796875 0.7666671875 0.16015625 0.753703125
4 0.07682343750000001 0.8018515624999999 0.071875 0.80648125 0.06328125 0.8134265624999999 0.0625 0.8263890625 0.07109375 0.8296296875 0.0744796875 0.821296875 0.0848953125 0.8129625 0.08359375 0.8055562500000001
4 0.7770828125 0.9643515624999999 0.7713546874999999 0.9634265624999999 0.7666671875 0.9736109374999999 0.7671875 0.9833328124999999 0.7729171874999999 0.9898140625 0.7744796875 0.9984375 0.7864578125 0.9861109375 0.7846359374999999 0.9740734375000001
4 0.8114578124999999 0.9615734375 0.8049484375 0.9606484375000001 0.8028640625 0.9726859375 0.8072921875000001 0.9824078125 0.8114578124999999 0.990278125 0.81796875 0.978703125 0.8140625 0.9634265624999999
4 0.7450515625 0.8722218749999999 0.74296875 0.8851859375 0.74609375 0.8916671875000001 0.7520828125000001 0.89444375 0.7591140625 0.8740734375000001 0.7528640625 0.871296875
4 0.765625 0.83194375 0.7619796875 0.821296875 0.7580734375 0.8300921875 0.7549484375 0.8444437499999999 0.7546875 0.8578703125 0.7572921874999999 0.866203125 0.7630203125 0.8675921875 0.7682296875 0.8574078125 0.76640625 0.84398125
4 0.77734375 0.8759265624999999 0.7723953125 0.8680562500000001 0.7677078125000001 0.8703703125000001 0.7684890625 0.8861109375 0.76875 0.8976859375 0.7705734375 0.9083328125 0.7755203125000001 0.9189812500000001 0.7783859375 0.921759375 0.7825515625 0.90601875 0.7796875 0.8925921875
4 0.7328125 0.833796875 0.7291671875 0.834259375 0.7265625 0.84398125 0.7265625 0.8541671875000001 0.7296875 0.8611109375 0.7369796875 0.8564812500000001 0.7375 0.8449078125
4 0.7125 0.7865734375 0.70703125 0.790740625 0.7080734375 0.8023140625 0.7104171874999999 0.8097218749999999 0.71328125 0.8199078125 0.7166671874999999 0.8245374999999999 0.7223953125 0.8055562500000001 0.7190109375 0.7949078125
4 0.70078125 0.7800921875 0.6963546875 0.7745375 0.6942703125 0.76944375 0.6927078125 0.7638890625 0.6893234374999999 0.7481484375 0.6903640625 0.7384265625 0.6911453125 0.7314812500000001 0.6895828125000001 0.721296875 0.6869796874999999 0.7129624999999999 0.6825515625 0.7050921875 0.6794265625 0.7032406250000001 0.671875 0.7032406250000001 0.6671875 0.7032406250000001 0.6622390625000001 0.7046296875 0.6575515625 0.7064812500000001 0.6533859375 0.708796875 0.6494796875 0.7134265625 0.6455734375 0.7143515625 0.6393234375 0.70555625 0.6348953125000001 0.6981484375 0.6328125 0.6925921875000001 0.6294265625000001 0.6851859375 0.6236984375 0.677778125 0.6182296875 0.6708328125 0.6161453125 0.6699078125 0.6130203125 0.6689812500000001 0.6059890625000001 0.6583328125000001 0.6059890625000001 0.6504624999999999 0.6013015625 0.6486109375 0.5981765625000001 0.6458328125 0.5971359374999999 0.6388890625 0.5924484375 0.6365734375 0.58828125 0.6300921875000001 0.5848953125 0.6231484375 0.5828125 0.6166671874999999 0.5822921875 0.6101859375 0.57890625 0.6018515625 0.5739578125 0.596296875 0.5705734375 0.59305625 0.5674484375 0.5875 0.56640625 0.58194375 0.5611984375 0.5791671875 0.5583328125 0.575 0.5583328125 0.5699078125 0.5489578125000001 0.559259375 0.5450515625000001 0.5550921875 0.5427078125 0.5476859375 0.5401046875 0.54444375 0.5364578125 0.5416671875 0.5333328125000001 0.5393515625 0.52890625 0.533796875 0.5270828125 0.528703125 0.5231765625 0.5259265625 0.521875 0.53194375 0.5234375 0.5388890625 0.5268234374999999 0.5425921875 0.52890625 0.54444375 0.5302078125 0.5509265625 0.5333328125000001 0.559259375 0.5356765625000001 0.5638890625 0.5395828125000001 0.5652781250000001 0.5427078125 0.56851875 0.5466140625 0.5782406250000001 0.5466140625 0.5851859375 0.5486984374999999 0.5898140625 0.5578125 0.603240625 0.5606765625000001 0.6074078125 0.5619796874999999 0.6125 0.5674484375 0.6208328125 0.5677078125 0.621296875 0.5828125 0.641203125 0.58671875 0.6453703125 0.590625 0.65601875 0.5932296874999999 0.6620375000000001 0.6106765625 0.6902781250000001 0.615625 0.697221875 0.6197921875 0.7060187499999999 0.6236984375 0.7166671874999999 0.6247390625 0.7208328125000001 0.6296875 0.7324078125 0.6307296874999999 0.7458328125 0.6375 0.7523140625 0.6427078125000001 0.7550921875000001 0.6486984375 0.759721875 0.6513015625 0.7671296875 0.6580734374999999 0.7740734375 0.6619796874999999 0.7828703124999999 0.6630203125 0.79305625 0.66796875 0.8009265624999999 0.67109375 0.8101859375 0.675 0.80694375 0.6729171875 0.796296875 0.67109375 0.784721875 0.6716140625 0.7726859375 0.6768234375 0.7708328125 0.68125 0.7754624999999999 0.6841140625000001 0.7856484375 0.6895828125000001 0.7921296875 0.6924484375 0.8004625000000001 0.6927078125 0.8111109375 0.6973953125000001 0.8143515625 0.7052078125000001 0.7879625 0.7036453125000001 0.7865734375
4 0.640625 0.5791671875 0.6390625 0.5865734375 0.6421875 0.590278125 0.6473953125 0.5875 0.6458328125 0.5782406250000001