4 0.6792260416666667 0.6179753787878788 0.6880802083333334 0.6230681818181818 0.693028125 0.6290871212121213 0.7026635416666667 0.6304753787878788 0.7068302083333333 0.6360303030303031 0.7120385416666667 0.6397348484848484 0.719590625 0.6378825757575758 0.7208927083333333 0.6276969696969696 0.7197885416666666 0.6165473484848485 0.7151020833333334 0.6140473484848484 0.7084083333333333 0.6169034090909091 0.708275 0.6147613636363636 0.7054635416666667 0.6127386363636363 0.706065625 0.6079791666666666 0.7051958333333334 0.6046477272727273 0.6981666666666667 0.6034564393939394 0.6991708333333333 0.6108352272727273 0.6924104166666667 0.6022670454545455 0.6906031250000001 0.5986969696969697 0.682503125 0.5938181818181818 0.6764125 0.5921515151515152 0.6746052083333333 0.5813219696969697 0.6721947916666667 0.5787045454545454 0.6703875 0.5803712121212121 0.6705885416666667 0.5871534090909091 0.6677770833333334 0.5894147727272727 0.6660364583333334 0.5965549242424242 0.6647645833333333 0.601314393939394 0.6675072916666667 0.6082537878787879 0.6737572916666666 0.6096420454545455 0.6792260416666667 0.6179753787878788
4 0.7557291666666667 0.6620378787878788 0.759375 0.6583333333333333 0.7598958333333333 0.6462954545454546 0.7557291666666667 0.635185606060606 0.7497395833333333 0.6379621212121211 0.74765625 0.6407405303030302 0.7473958333333334 0.6476856060606061 0.7489583333333333 0.6587954545454545 0.7515625 0.6615738636363636 0.7557291666666667 0.6620378787878788
4 0.6473958333333333 0.5953712121212121 0.64765625 0.5958333333333333 0.64921875 0.5958333333333333 0.6494791666666667 0.5962954545454545 0.6541666666666667 0.5958333333333333 0.6546875 0.5953712121212121 0.6557291666666667 0.5912045454545455 0.6557291666666667 0.5870378787878788 0.6549479166666666 0.5847215909090909 0.6541666666666667 0.5833333333333334 0.65078125 0.580092803030303 0.6489583333333333 0.580092803030303 0.6466145833333333 0.5814810606060606 0.6447916666666667 0.5837954545454546 0.6440104166666667 0.5861117424242424 0.64375 0.5875 0.64453125 0.5916666666666667 0.6466145833333333 0.5953712121212121 0.6473958333333333 0.5953712121212121
4 0.40598958333333335 0.7680549242424243 0.40703125 0.7638882575757576 0.40677083333333336 0.755092803030303 0.4083333333333333 0.7476856060606061 0.4049479166666667 0.7430549242424243 0.40130208333333334 0.7430549242424243 0.396875 0.7481477272727273 0.3848958333333333 0.7509261363636364 0.3828125 0.7555549242424242 0.38359375 0.7662045454545454 0.3859375 0.7717594696969696 0.3963541666666667 0.7791666666666667 0.40598958333333335 0.7680549242424243
4 0.4354166666666667 0.6754621212121212 0.44375 0.672685606060606 0.45390625 0.6152784090909091 0.45286458333333335 0.6078712121212122 0.45546875 0.6 0.4549479166666667 0.5953712121212121 0.45416666666666666 0.5981477272727272 0.44895833333333335 0.6009261363636363 0.44088541666666664 0.614814393939394 0.43984375 0.6208333333333333 0.43697916666666664 0.6259261363636364 0.43463541666666666 0.6356477272727273 0.4278645833333333 0.6504621212121212 0.42682291666666666 0.6541666666666667 0.4278645833333333 0.6666666666666666 0.43307291666666664 0.6712954545454546 0.4354166666666667 0.6754621212121212
4 0.78709375 0.9948465909090909 0.7908072916666666 0.9799886363636363 0.79359375 0.9689848484848486 0.7849270833333333 0.9590795454545454 0.7759510416666667 0.9497253787878788 0.7607854166666667 0.924964015151515 0.7471666666666666 0.9068068181818182 0.7363333333333333 0.8902992424242424 0.7270479166666667 0.8704905303030304 0.71714375 0.8616856060606061 0.7115718750000001 0.8726912878787879 0.7165250000000001 0.8792935606060606 0.7255 0.9024053030303031 0.7397385416666666 0.923314393939394 0.7576895833333332 0.9524772727272728 0.7694510416666667 0.9651325757575757 0.7759510416666667 0.9854924242424243 0.7716177083333334 0.9995378787878787 0.7833791666666666 0.9995378787878787 0.7843083333333334 0.9995378787878787 0.78709375 0.9948465909090909
4 0.856734375 0.9995378787878787 0.85704375 0.9937462121212121 0.8524010416666666 0.9849412878787879 0.842496875 0.9662329545454545 0.8329020833333334 0.9552291666666667 0.8195927083333333 0.948625 0.8056645833333334 0.9596306818181818 0.8047354166666667 0.9689848484848486 0.8075218750000001 0.9843920454545455 0.8127833333333334 0.999248106060606 0.8106166666666667 0.9995378787878787 0.8109260416666667 0.9995378787878787 0.856734375 0.9995378787878787
4 0.7821416666666666 0.9073560606060607 0.7778083333333333 0.8974526515151515 0.7706895833333333 0.8864469696969697 0.7635708333333333 0.877092803030303 0.75861875 0.8655378787878788 0.7545947916666667 0.8583844696969697 0.7471666666666666 0.8550833333333333 0.7419041666666666 0.8523314393939394 0.7338572916666667 0.8413276515151515 0.730453125 0.8358257575757575 0.7276666666666666 0.8237196969696969 0.7264291666666666 0.815465909090909 0.7208572916666667 0.8066609848484848 0.7131197916666667 0.7989583333333333 0.7056916666666667 0.7890530303030303 0.7010489583333332 0.7841022727272726 0.6949906250000001 0.785314393939394 0.6901572916666667 0.7963125 0.7002104166666666 0.805590909090909 0.7069291666666667 0.8072121212121213 0.7118822916666667 0.8143655303030304 0.7152864583333333 0.818217803030303 0.7233333333333333 0.8270208333333333 0.7264291666666666 0.8380265151515152 0.7301427083333334 0.849030303030303 0.7338572916666667 0.8539829545454546 0.7409760416666666 0.8644375 0.7471666666666666 0.8748920454545455 0.7499520833333333 0.8803939393939394 0.7493333333333333 0.8858977272727273 0.7539760416666667 0.8963522727272727 0.7601656250000001 0.8969015151515152 0.7641895833333333 0.8980018939393939 0.7700708333333334 0.9068068181818182 0.773784375 0.915060606060606 0.779975 0.926066287878788 0.7886416666666667 0.9348693181818182 0.795140625 0.9436723484848485 0.7997833333333334 0.9557784090909092 0.8034979166666666 0.9420227272727272 0.8034979166666666 0.9277159090909091 0.7923552083333333 0.9178125 0.7821416666666666 0.9073560606060607
4 0.6953135416666666 0.8222386363636364 0.6879854166666667 0.812717803030303 0.6784031250000001 0.7971856060606061 0.6719197916666667 0.7856609848484849 0.6645927083333334 0.7706287878787879 0.6575458333333334 0.7616098484848485 0.6555729166666667 0.753592803030303 0.6493729166666667 0.7450738636363636 0.6417625 0.7365568181818182 0.6347166666666666 0.7285397727272727 0.6242885416666667 0.7064924242424243 0.6180875 0.6969734848484849 0.6197791666666668 0.6909602272727273 0.6242885416666667 0.6919621212121212 0.6279520833333333 0.6959715909090909 0.6310520833333333 0.6989772727272727 0.6338708333333333 0.6984753787878788 0.6369708333333333 0.6984753787878788 0.6400718750000001 0.693465909090909 0.6364072916666667 0.6859507575757576 0.6318979166666666 0.679435606060606 0.6234427083333334 0.6659071969696969 0.6155510416666666 0.6488712121212121 0.6096322916666667 0.6393522727272727 0.60315 0.6333390151515151 0.5983583333333333 0.6328371212121212 0.5938489583333334 0.6293295454545454 0.5862395833333333 0.6213125 0.5820114583333333 0.6203106060606061 0.5789114583333334 0.6283276515151516 0.5775020833333334 0.6338390151515151 0.5775020833333334 0.6413560606060607 0.581165625 0.6458655303030303 0.5862395833333333 0.651376893939394 0.5927218750000001 0.6613977272727273 0.5949760416666667 0.6699166666666667 0.598921875 0.6754280303030302 0.6025864583333332 0.6834450757575757 0.613578125 0.6974734848484849 0.61780625 0.7115037878787879 0.6231604166666667 0.7180170454545455 0.6290791666666667 0.724532196969697 0.6347166666666666 0.7320473484848485 0.6349979166666666 0.7420681818181818 0.6375354166666667 0.7495852272727273 0.6426083333333333 0.7596060606060606 0.6488083333333333 0.7641155303030303 0.6527541666666666 0.768625 0.6569822916666667 0.7796477272727272 0.6643104166666667 0.7866628787878788 0.666846875 0.7956818181818182 0.672484375 0.8112140151515153 0.6826302083333334 0.8242424242424242 0.6877031250000001 0.8327594696969697 0.6922135416666666 0.8417784090909091 0.6989770833333334 0.8472916666666667 0.6995406249999999 0.8472916666666667 0.7029229166666667 0.8302556818181818 0.6953135416666666 0.8222386363636364
4 0.6500354166666666 0.7299242424242424 0.6534614583333334 0.7344924242424242 0.6558177083333334 0.7375397727272727 0.657103125 0.7421079545454546 0.6605302083333334 0.7493428030303031 0.6620291666666667 0.7516268939393939 0.6626718749999999 0.7596231060606061 0.66545625 0.7638125 0.6671697916666666 0.7638125 0.671453125 0.7691420454545455 0.6744510416666666 0.7752348484848485 0.6791635416666666 0.7794223484848485 0.6832333333333334 0.7836117424242425 0.6879447916666667 0.7824696969696969 0.6900864583333333 0.7786609848484848 0.6909437500000001 0.7737121212121212 0.6907291666666667 0.7638125 0.6885875 0.7615265151515151 0.6817333333333334 0.7573390151515151 0.6772354166666666 0.7584810606060606 0.6791635416666666 0.753532196969697 0.6776645833333333 0.7489621212121212 0.6733802083333333 0.7462973484848485 0.6684541666666667 0.7402045454545454 0.6682406249999999 0.7333503787878788 0.6682406249999999 0.7276401515151516 0.6678114583333333 0.7188825757575757 0.6611718750000001 0.7173579545454545 0.652390625 0.7127897727272727 0.6502489583333334 0.705935606060606 0.6438239583333334 0.7002253787878788 0.639540625 0.7078390151515151 0.640396875 0.7173579545454545 0.645109375 0.7261155303030303 0.6500354166666666 0.7299242424242424
4 0.4705729166666667 0.5750000000000001 0.47239583333333335 0.5680549242424242 0.46979166666666666 0.5629621212121213 0.4669270833333333 0.552314393939394 0.46041666666666664 0.5680549242424242 0.4596354166666667 0.5722215909090909 0.4627604166666667 0.5763882575757576 0.46510416666666665 0.5768522727272727 0.4705729166666667 0.5750000000000001
4 0.5283854166666667 0.5499999999999999 0.5330729166666667 0.5537045454545454 0.5372395833333333 0.5504621212121212 0.53828125 0.5486117424242424 0.5385416666666667 0.5444450757575757 0.5346354166666667 0.5398143939393939 0.53046875 0.5310189393939394 0.5265625 0.5282405303030303 0.5239583333333333 0.5240738636363637 0.5190104166666667 0.5189810606060606 0.5161458333333333 0.5185189393939394 0.5151041666666667 0.519907196969697 0.51484375 0.5212954545454546 0.5229166666666667 0.5370378787878788 0.52578125 0.5458333333333333 0.5283854166666667 0.5499999999999999