4 0.49583281250000005 0.8851859375 0.49322968749999996 0.86944375 0.48854218749999995 0.8583328124999999 0.4921875 0.8444437499999999 0.49427031250000003 0.821296875 0.4875 0.803703125 0.48072968749999995 0.7990734374999999 0.46979218749999996 0.79444375 0.4505203125 0.7898140625 0.43958281250000003 0.7925921875 0.42760468749999997 0.8009265624999999 0.42395781250000003 0.803703125 0.41614531250000003 0.8129625 0.4114578125 0.8268515624999999 0.4078125 0.8407406249999999 0.4125 0.85555625 0.4234375 0.8648140625 0.4359375 0.8675921875 0.44375 0.8731484375 0.45 0.875 0.46041718749999994 0.8759265624999999 0.46979218749999996 0.8759265624999999 0.47604218749999994 0.8879625000000001 0.47760468749999996 0.9018515624999999 0.47864531250000003 0.9194437499999999 0.48333281250000004 0.928703125 0.49114531250000004 0.9324078124999999 0.49427031250000003 0.915740625 0.49791718749999997 0.9018515624999999
4 0.35625 0.9984375 0.3536453125 0.9953703125000001 0.3515625 0.977778125 0.3484375 0.9648140625 0.3552078125 0.9564812500000001 0.3666671875 0.9509265625 0.3729171875 0.9490734375000001 0.3817703125 0.9407406249999999 0.3880203125 0.9324078124999999 0.3921875 0.922221875 0.3911453125 0.9055562500000001 0.3911453125 0.8842593750000001 0.3859375 0.86851875 0.3802078125 0.8518515624999999 0.384375 0.8444437499999999 0.3942703125 0.8351859375 0.3953125 0.822221875 0.3901046875 0.797221875 0.3864578125 0.7870375000000001 0.384375 0.7703703125 0.3770828125 0.7583328125000001 0.3651046875 0.7638890625 0.3578125 0.7703703125 0.3484375 0.78055625 0.3421875 0.7916671875 0.3348953125 0.8129625 0.3322921875 0.8194437499999999 0.328125 0.8305562500000001 0.325 0.8481484375000001 0.3213546875 0.8583328124999999 0.3151046875 0.8703703125000001 0.3104171875 0.8879625000000001 0.3088546875 0.9 0.3041671875 0.9111109374999999 0.2984375 0.9296296875 0.3 0.9407406249999999 0.3026046875 0.9555562500000001 0.3015625 0.9759265625 0.2958328125 0.9888890625 0.2927078125 0.9984375
4 0.484375 0.797221875 0.49114531250000004 0.7990734374999999 0.4953125 0.778703125 0.4953125 0.7657406250000001 0.49322968749999996 0.7518515625 0.49166718749999994 0.73055625 0.48854218749999995 0.7203703124999999 0.46927031250000006 0.7148140625 0.45625 0.721296875 0.44895781250000005 0.7379625 0.446875 0.7518515625 0.44635468749999996 0.76944375 0.45 0.7768515625 0.47239531250000005 0.78055625 0.478125 0.7861109374999999
4 0.44583281250000006 0.7203703124999999 0.44895781250000005 0.7074078125 0.4505203125 0.6916671875 0.4546875 0.677778125 0.4557296875 0.6574078125 0.446875 0.646296875 0.43802031250000006 0.647221875 0.4328125 0.65 0.425 0.665740625 0.41770781250000005 0.675 0.41614531250000003 0.69351875 0.41770781250000005 0.7064812500000001 0.41197968749999997 0.7240734375 0.41197968749999997 0.7379625 0.41614531250000003 0.7509265625 0.425 0.7481484375 0.43177031250000003 0.746296875 0.44375 0.7472218749999999 0.4427078125 0.7351859375
4 0.3973953125 0.71851875 0.4036453125 0.7138890625000001 0.3994796875 0.7 0.3911453125 0.696296875 0.3838546875 0.6870375 0.3744796875 0.6925921875000001 0.3697921875 0.7074078125 0.3640625 0.7175921875 0.3578125 0.7314812500000001 0.3666671875 0.740740625 0.3723953125 0.740740625 0.3807296875 0.7231484375 0.3885421875 0.71851875
4 0.5604171874999999 0.81851875 0.5557296875 0.797221875 0.5385421874999999 0.7657406250000001 0.528125 0.7648140625 0.5197921875 0.7648140625 0.5109375 0.7796296875000001 0.5151046874999999 0.8 0.5166671875 0.8157406249999999 0.5145828125 0.8398140625 0.5208328125 0.852778125 0.5307296874999999 0.85 0.5541671874999999 0.84351875 0.5536453125 0.8379625
4 0.5880203125000001 0.928703125 0.5864578125000001 0.9074078125 0.5755203125 0.8898140625 0.5666671875 0.8935187499999999 0.5578125 0.8916671875000001 0.5484375 0.875 0.5348953125 0.8796296874999999 0.5223953125 0.8935187499999999 0.5171875 0.9009265624999999 0.5130203125 0.9240734375 0.5177078125000001 0.9416671875 0.5307296874999999 0.959259375 0.5401046875 0.9509265625 0.5734375 0.947221875 0.5828125 0.9379625
4 0.42864531250000004 0.6129625 0.43125 0.5990734375 0.43645781250000004 0.59351875 0.4453125 0.597221875 0.44635468749999996 0.584259375 0.43958281250000003 0.5731484375 0.43177031250000003 0.5638890625 0.4322921875 0.55555625 0.4453125 0.55555625 0.45364531250000006 0.55648125 0.46666718749999997 0.5574078124999999 0.46979218749999996 0.553703125 0.47239531250000005 0.5416671875 0.46822968749999994 0.5268515625 0.4625 0.5157406250000001 0.4505203125 0.50648125 0.4421875 0.503703125 0.4390625 0.49351874999999995 0.43385468749999995 0.484259375 0.4265625 0.48148125 0.41979218749999997 0.484259375 0.4171875 0.49629687499999997 0.41458281250000006 0.5101859375 0.41041718749999995 0.51944375 0.4125 0.5361109374999999 0.4166671875 0.55 0.41770781250000005 0.559259375 0.40833281250000003 0.5509265625 0.4010421875 0.559259375 0.3953125 0.56851875 0.3885421875 0.5898140625 0.3854171875 0.60555625 0.3833328125 0.6175921875 0.38125 0.6305562499999999 0.3828125 0.6425921875 0.3901046875 0.6407406250000001 0.3953125 0.6296296875 0.4015625 0.6203703125 0.4109375 0.6175921875 0.4166671875 0.61851875 0.4192703125 0.6101859375 0.42135468749999994 0.6138890625
4 0.4859375 0.6685187499999999 0.4869796875 0.6509265625 0.48541718749999996 0.6398140625 0.48541718749999996 0.625 0.48489531250000006 0.6166671874999999 0.484375 0.6046296875 0.47708281250000006 0.590740625 0.4713546875 0.5898140625 0.46927031250000006 0.5833328125 0.46041718749999994 0.56851875 0.45625 0.5675921875000001 0.45364531250000006 0.571296875 0.4505203125 0.5814812500000001 0.44895781250000005 0.5898140625 0.45 0.6 0.44635468749999996 0.6101859375 0.44739531250000003 0.6240734375 0.4505203125 0.6268515625 0.45625 0.6333328125000001 0.46041718749999994 0.6370375 0.46041718749999994 0.647221875 0.46302031250000003 0.6583328125000001 0.46458281250000005 0.6685187499999999 0.4661453125 0.6796296875000001 0.47083281250000003 0.684259375 0.48385468749999994 0.6833328125 0.48489531250000006 0.68055625
4 0.46197968749999996 0.44907343749999995 0.4609375 0.4379625 0.46927031250000006 0.434259375 0.47447968749999997 0.43611093749999996 0.4796875 0.43055625 0.4890625 0.4268515625 0.49114531250000004 0.425 0.49375 0.4101859375 0.49375 0.3981484375 0.49270781250000006 0.390740625 0.48072968749999995 0.36574062500000004 0.48489531250000006 0.3648140625 0.4875 0.3583328125 0.48854218749999995 0.35 0.4890625 0.3416671875 0.48541718749999996 0.33148125 0.48489531250000006 0.321296875 0.48489531250000006 0.3120375 0.48125 0.303703125 0.475 0.3 0.471875 0.3018515625 0.46510468749999995 0.3009265625 0.46197968749999996 0.2953703125 0.4609375 0.28981406249999997 0.46145781250000006 0.2833328125 0.46197968749999996 0.271296875 0.4583328125 0.2648140625 0.45260468749999994 0.26759218749999997 0.4479171875 0.2740734375 0.4453125 0.2768515625 0.44114531250000005 0.275 0.43958281250000003 0.26944375 0.440625 0.2601859375 0.4453125 0.25925937499999996 0.45 0.2574078125 0.4479171875 0.2509265625 0.44322968749999997 0.2509265625 0.4390625 0.2509265625 0.43385468749999995 0.2518515625 0.42760468749999997 0.25370312500000003 0.4244796875 0.2546296875 0.41822968749999995 0.25555625000000004 0.41510468749999996 0.25370312500000003 0.41197968749999997 0.2509265625 0.4046875 0.25 0.40833281250000003 0.277778125 0.41510468749999996 0.3018515625 0.41614531250000003 0.3296296875 0.4125 0.34351875 0.3713546875 0.47222187499999996 0.3765625 0.46851875 0.3848953125 0.46944375000000005 0.3916671875 0.46944375000000005 0.3973953125 0.46944375000000005 0.40520781250000004 0.46944375000000005 0.4114578125 0.46944375000000005 0.415625 0.45925937499999997 0.415625 0.447221875 0.41510468749999996 0.4351859375 0.4192703125 0.4268515625 0.42604218749999995 0.42222187499999997 0.428125 0.4166671875 0.42552031250000005 0.40277812500000004 0.4192703125 0.3953703125 0.41875 0.3879625 0.4203125 0.3796296875 0.42552031250000005 0.37870312500000003 0.4322921875 0.37870312500000003 0.4390625 0.375 0.44166718749999995 0.375 0.4427078125 0.3861109375 0.44322968749999997 0.397221875 0.44114531250000005 0.41481406249999997 0.440625 0.41759218750000004 0.43854218749999996 0.428703125 0.43802031250000006 0.4398140625 0.4390625 0.44907343749999995 0.4427078125 0.45925937499999997 0.4515625 0.471296875 0.45260468749999994 0.4740734375 0.46458281250000005 0.47037031249999994 0.46510468749999995 0.46018593750000003
4 0.5677078125 0.7527781250000001 0.5645828125000001 0.7259265625 0.5609375 0.7129624999999999 0.5572921875 0.6990734375 0.55625 0.68055625 0.5666671875 0.6629625 0.5692703125 0.65555625 0.5697921874999999 0.6379625 0.5677078125 0.6231484375 0.5515625 0.5675921875000001 0.546875 0.5481484375 0.5447921874999999 0.5351859375 0.5432296875 0.5259265625 0.5359375 0.5138890625 0.5317703125000001 0.509259375 0.5270828125 0.49629687499999997 0.5255203125000001 0.4870375 0.5255203125000001 0.4731484375 0.5276046875 0.4629625 0.5192703125 0.44444375 0.5177078125000001 0.428703125 0.5104171875 0.409259375 0.5052078125 0.409259375 0.5 0.42037031249999995 0.5 0.427778125 0.5026046875 0.4611109375 0.5010421875 0.4768515625 0.5015625 0.5018515625 0.5046875 0.5259265625 0.5067703125 0.5435187499999999 0.5083328125000001 0.5509265625 0.5072921874999999 0.572221875 0.5057296874999999 0.584259375 0.5072921874999999 0.5990734375 0.5114578125 0.6129625 0.5130203125 0.615740625 0.50625 0.6388890625 0.5098953125000001 0.65 0.5130203125 0.6611109374999999 0.5104171875 0.690740625 0.509375 0.6990734375 0.5083328125000001 0.7129624999999999 0.5052078125 0.73055625 0.5078125 0.75 0.5114578125 0.7611109375 0.5130203125 0.7629625 0.51875 0.7629625 0.5541671874999999 0.7648140625 0.5729171875 0.7675921875
4 0.2697921875 0.9984375 0.2692703125 0.9898140625 0.278125 0.9796296874999999 0.2817703125 0.971296875 0.2854171875 0.9490734375000001 0.2854171875 0.9416671875 0.284375 0.93148125 0.28125 0.915740625 0.2770828125 0.9120375 0.2682296875 0.8981484375000001 0.2635421875 0.897221875 0.2557296875 0.9046296875 0.2520828125 0.9092593750000001 0.2442703125 0.9129625000000001 0.2375 0.9175921875 0.2385421875 0.93148125 0.2380203125 0.9425921875000001 0.23125 0.9509265625 0.2296875 0.9666671875 0.2333328125 0.9824078125 0.2348953125 0.9907406249999999 0.2348953125 0.9984375
4 0.2182296875 0.9984375 0.2213546875 0.984259375 0.2192703125 0.9740734375000001 0.221875 0.9611109375 0.2234375 0.947221875 0.2270828125 0.9324078124999999 0.2317703125 0.922221875 0.2354171875 0.9120375 0.2447921875 0.9 0.246875 0.89444375 0.2515625 0.8898140625 0.2640625 0.8879625000000001 0.2697921875 0.89444375 0.278125 0.9 0.2822921875 0.9092593750000001 0.2880203125 0.9148140625 0.2942703125 0.9175921875 0.2994796875 0.9055562500000001 0.2984375 0.89444375 0.3015625 0.8824078125 0.3057296875 0.86851875 0.3072921875 0.8583328124999999 0.3114578125 0.8453703125 0.3145828125 0.8314812500000001 0.3171875 0.8194437499999999 0.3203125 0.8074078124999999 0.325 0.7981484375 0.3291671875 0.7851859375 0.3307296875 0.7685187499999999 0.3265625 0.759259375 0.3223953125 0.7518515625 0.31875 0.7472218749999999 0.3104171875 0.7481484375 0.3057296875 0.7509265625 0.3 0.7425921875 0.2921875 0.7425921875 0.2854171875 0.7370375 0.2765625 0.73055625 0.2182296875 0.8888890625 0.1770828125 0.9984375
4 0.3171875 0.7129624999999999 0.328125 0.70555625 0.3286453125 0.703703125 0.3338546875 0.696296875 0.3338546875 0.6851859375 0.3291671875 0.6768515625 0.3234375 0.6685187499999999 0.31875 0.659259375 0.3192703125 0.6481484375 0.3223953125 0.646296875 0.3348953125 0.646296875 0.3494796875 0.6583328125000001 0.3604171875 0.6601859375 0.3651046875 0.6509265625 0.3666671875 0.6398140625 0.3697921875 0.6268515625 0.3708328125 0.615740625 0.3651046875 0.602778125 0.3708328125 0.5981484375 0.3765625 0.5925921875 0.3859375 0.577778125 0.390625 0.559259375 0.390625 0.55 0.390625 0.5351859375 0.3921875 0.528703125 0.4 0.5231484375 0.40520781250000004 0.5157406250000001 0.4078125 0.4870375 0.4078125 0.4768515625 0.40260468749999995 0.4740734375 0.3828125 0.4768515625 0.3713546875 0.475 0.2932296875 0.6870375 0.3005203125 0.69351875 0.3026046875 0.7 0.3109375 0.7064812500000001
4 0.3411453125 0.727778125 0.3354171875 0.7259265625 0.3307296875 0.727778125 0.3270828125 0.73055625 0.3239578125 0.7444437500000001 0.3395828125 0.7555562499999999 0.34375 0.7388890625
4 0.3078125 0.725 0.303125 0.7166671874999999 0.2963546875 0.7064812500000001 0.290625 0.7074078125 0.2869796875 0.728703125 0.290625 0.7333328125 0.3083328125 0.7416671874999999 0.3104171875 0.7361109375
4 0.35 0.6703703125 0.3447921875 0.6675921875 0.340625 0.6740734374999999 0.3375 0.6833328125 0.3375 0.6953703124999999 0.3401046875 0.6990734375 0.3473953125 0.7046296875 0.3567703125 0.68148125 0.3536453125 0.6731484375