4 0.42552031250000005 0.690740625 0.4328125 0.6833328125 0.434375 0.68055625 0.43697968749999994 0.6740734374999999 0.4348953125 0.6638890625 0.42760468749999997 0.6629625 0.42291718749999996 0.6648140625 0.41875 0.6611109374999999 0.4114578125 0.6666671875 0.40572968749999994 0.6675921875 0.3994796875 0.6601859375 0.3979171875 0.6518515625 0.3916671875 0.6481484375 0.3833328125 0.65555625 0.3802078125 0.6666671875 0.3796875 0.672221875 0.3802078125 0.68055625 0.3822921875 0.690740625 0.3854171875 0.6981484375 0.3854171875 0.7083328125 0.3864578125 0.71851875 0.3895828125 0.7240734375 0.39375 0.7259265625 0.4109375 0.6953703124999999 0.41875 0.69444375
4 0.43645781250000004 0.6888890625 0.43177031250000003 0.7 0.43020781250000006 0.7129624999999999 0.4322921875 0.7259265625 0.4390625 0.7388890625 0.44583281250000006 0.7379625 0.4505203125 0.727778125 0.4505203125 0.7009265625000001 0.446875 0.6888890625
4 0.2739578125 0.9620374999999999 0.2723953125 0.9564812500000001 0.2630203125 0.9555562500000001 0.2567703125 0.9574078125 0.2463546875 0.9509265625 0.2442703125 0.9518515624999999 0.2411453125 0.9601859375 0.2427078125 0.9740734375000001 0.246875 0.9898140625 0.253125 0.9907406249999999 0.2588546875 0.9907406249999999 0.2765625 0.9898140625 0.2755203125 0.978703125
4 0.4244796875 0.5731484375 0.425 0.5583328125 0.42083281250000004 0.546296875 0.41510468749999996 0.5453703125 0.4088546875 0.5453703125 0.40052031250000003 0.559259375 0.3973953125 0.5648140625 0.3979171875 0.5814812500000001 0.3984375 0.5916671874999999 0.4 0.5990734375 0.40572968749999994 0.6009265625 0.41302031250000004 0.5898140625 0.4192703125 0.5833328125
4 0.4828125 0.6879625 0.47760468749999996 0.6824078124999999 0.47239531250000005 0.684259375 0.4640625 0.6888890625 0.46041718749999994 0.702778125 0.46041718749999994 0.7101859375 0.4635421875 0.7259265625 0.46979218749999996 0.73055625 0.4828125 0.7203703124999999 0.4875 0.702778125
4 0.4635421875 0.621296875 0.45520781250000003 0.6166671874999999 0.45208281250000004 0.6074078125 0.45208281250000004 0.59351875 0.45364531250000006 0.5796296875 0.45416718749999996 0.5638890625 0.45208281250000004 0.5546296875000001 0.4578125 0.5425921875 0.46510468749999995 0.5351859375 0.4671875 0.5231484375 0.45885468749999997 0.5157406250000001 0.4515625 0.5203703125 0.44583281250000006 0.5259265625 0.440625 0.5351859375 0.43697968749999994 0.5453703125 0.4359375 0.559259375 0.43541718749999997 0.5731484375 0.43072968749999996 0.5879624999999999 0.4296875 0.6009265625 0.42916718749999994 0.6166671874999999 0.434375 0.6361109375 0.44479218749999994 0.634259375 0.45104218749999997 0.6398140625 0.45520781250000003 0.6611109374999999 0.4546875 0.6648140625 0.46666718749999997 0.647221875 0.46770781250000004 0.634259375
4 0.5661453125 0.56851875 0.5640625 0.55 0.559375 0.5398140625 0.5526046874999999 0.5481484375 0.5536453125 0.5620375 0.5520828125 0.575 0.540625 0.5851859375 0.5338546875 0.6138890625 0.5375 0.6305562499999999 0.54375 0.6379625 0.5494796875 0.6296296875 0.5630203125000001 0.6018515625 0.5630203125000001 0.5879624999999999
4 0.528125 0.4851859375 0.5197921875 0.484259375 0.5114578125 0.47222187499999996 0.5046875 0.475 0.49947968749999994 0.4861109375 0.5005203125000001 0.5055562499999999 0.503125 0.5129625 0.515625 0.5101859375 0.521875 0.5101859375 0.53125 0.5231484375 0.5375 0.53148125 0.5447921874999999 0.5018515625 0.5364578125 0.49166718749999994
4 0.5442703125 0.4620375 0.5411453125000001 0.4518515625 0.5411453125000001 0.440740625 0.5354171875 0.43333281250000005 0.5348953125 0.425 0.5369796874999999 0.4138890625 0.5348953125 0.40462968750000006 0.5322921875 0.397221875 0.5213546874999999 0.4 0.5197921875 0.4009265625 0.5161453125000001 0.40648125 0.5145828125 0.41574062500000003 0.5151046874999999 0.425 0.5177078125000001 0.434259375 0.5244796875 0.44444375 0.5260421875 0.453703125 0.5260421875 0.465740625 0.528125 0.47592656250000004 0.5333328125000001 0.4824078125 0.5380203125 0.48333281250000004 0.5453125 0.475 0.5458328125 0.471296875
4 0.4171875 0.37129687499999997 0.415625 0.3638890625 0.4171875 0.3611109375 0.42083281250000004 0.35740781250000003 0.42395781250000003 0.353703125 0.4244796875 0.347221875 0.425 0.3388890625 0.42552031250000005 0.3333328125 0.42760468749999997 0.328703125 0.42916718749999994 0.3231484375 0.42916718749999994 0.31759218749999996 0.43177031250000003 0.3120375 0.4359375 0.30555625000000003 0.43958281250000003 0.30740781250000004 0.44375 0.309259375 0.446875 0.30648125 0.44947968749999995 0.302778125 0.4505203125 0.297221875 0.44947968749999995 0.29074062500000003 0.4484375 0.2870375 0.45104218749999997 0.28148125 0.45364531250000006 0.2796296875 0.4578125 0.277778125 0.45989531250000004 0.2796296875 0.46510468749999995 0.2861109375 0.46822968749999994 0.2861109375 0.47083281250000003 0.2851859375 0.47552031250000004 0.2870375 0.47760468749999996 0.29074062500000003 0.4796875 0.296296875 0.48385468749999994 0.3018515625 0.4875 0.30648125 0.4890625 0.3101859375 0.49322968749999996 0.3129625 0.49791718749999997 0.30555625000000003 0.4635421875 0.2518515625 0.42291718749999996 0.2518515625 0.4166671875 0.35555625 0.40729218749999996 0.3861109375 0.4078125 0.38703750000000003 0.4109375 0.3851859375 0.4140625 0.3833328125 0.4166671875 0.37777812499999996
4 0.3390625 0.7583328125000001 0.3401046875 0.753703125 0.3442703125 0.7472218749999999 0.346875 0.7379625 0.3447921875 0.7268515625 0.3421875 0.7231484375 0.3375 0.7166671874999999 0.3328125 0.7083328125 0.3307296875 0.7074078125 0.3270828125 0.7074078125 0.3223953125 0.7074078125 0.3177078125 0.702778125 0.3119796875 0.7009265625000001 0.3098953125 0.6925921875000001 0.3057296875 0.6861109375 0.3 0.702778125 0.303125 0.7111109375 0.309375 0.7111109375 0.3114578125 0.722221875 0.3104171875 0.7370375 0.3119796875 0.7472218749999999 0.3104171875 0.75648125 0.3072921875 0.7657406250000001 0.3072921875 0.7824078125 0.3104171875 0.7953703125 0.3145828125 0.802778125 0.3166671875 0.8111109375 0.328125 0.76944375 0.3286453125 0.7666671875
4 0.3479171875 0.6990734375 0.3515625 0.6888890625 0.35 0.6768515625 0.3453125 0.659259375 0.3447921875 0.6583328125000001 0.3395828125 0.6518515625 0.3354171875 0.6518515625 0.3296875 0.6574078125 0.3307296875 0.66944375 0.3328125 0.6759265625 0.3359375 0.68148125 0.3416671875 0.690740625 0.3427078125 0.6990734375
4 0.3458328125 0.646296875 0.3510421875 0.652778125 0.3598953125 0.6509265625 0.3661453125 0.6370375 0.3640625 0.625 0.3640625 0.615740625 0.3682296875 0.6101859375 0.3744796875 0.603703125 0.378125 0.5990734375 0.3739578125 0.5888890625000001 0.3677078125 0.58055625 0.3708328125 0.5703703124999999 0.3697921875 0.5648140625 0.3697921875 0.5546296875000001 0.3677078125 0.540740625 0.3614578125 0.534259375 0.328125 0.6277781250000001 0.3317703125 0.63148125 0.3375 0.6296296875 0.3421875 0.6333328125000001
4 0.2619796875 0.8777781250000001 0.271875 0.8879625000000001 0.278125 0.8870374999999999 0.2817703125 0.8722218749999999 0.2822921875 0.8611109375 0.2875 0.8574078125 0.2921875 0.85 0.2921875 0.834259375 0.2869796875 0.825 0.2828125 0.8166671875 0.2802078125 0.803703125 0.2765625 0.7935187499999999 0.2692703125 0.7861109374999999 0.2463546875 0.8490734375000001 0.2505203125 0.85 0.2572921875 0.8574078125 0.2588546875 0.8675921875