4 0.4546875 0.890740625 0.428125 0.8861109375 0.40677031250000006 0.902778125 0.403125 0.9324078124999999 0.4265625 0.93148125 0.4390625 0.9259265624999999 0.4578125 0.922221875
4 0.46197968749999996 0.7546296875 0.44947968749999995 0.7472218749999999 0.446875 0.71944375 0.41875 0.715740625 0.40833281250000003 0.7759265625 0.4328125 0.7879625 0.45 0.7888890625 0.4578125 0.778703125
4 0.478125 0.64444375 0.4609375 0.634259375 0.45625 0.6648140625 0.46041718749999994 0.6796296875000001 0.4671875 0.6759265625
4 0.4015625 0.5638890625 0.3958328125 0.578703125 0.3947921875 0.6009265625 0.41041718749999995 0.6064812500000001 0.4166671875 0.5870375 0.4140625 0.5638890625
4 0.47447968749999997 0.5898140625 0.48125 0.603703125 0.4953125 0.6046296875 0.4953125 0.571296875 0.48229218749999997 0.5740734375
4 0.44895781250000005 0.5731484375 0.45364531250000006 0.5916671874999999 0.46666718749999997 0.5916671874999999 0.47083281250000003 0.577778125 0.4578125 0.565740625
4 0.428125 0.6925921875000001 0.4390625 0.675 0.44427031250000004 0.652778125 0.43072968749999996 0.6453703125 0.41979218749999997 0.6518515625 0.40520781250000004 0.6574078125 0.40260468749999995 0.677778125 0.41354218749999994 0.6861109375
4 0.49635468749999995 0.5148140625 0.465625 0.5120375 0.44166718749999995 0.5101859375 0.44583281250000006 0.5361109374999999 0.46822968749999994 0.5435187499999999 0.48385468749999994 0.547221875 0.49583281250000005 0.5611109375
4 0.4640625 0.4351859375 0.46770781250000004 0.4351859375 0.46927031250000006 0.4398140625 0.47604218749999994 0.4398140625 0.47447968749999997 0.4166671875 0.46510468749999995 0.4166671875 0.45364531250000006 0.4129625 0.4479171875 0.4138890625 0.44895781250000005 0.4018515625 0.45 0.3981484375 0.43958281250000003 0.3953703125 0.43802031250000006 0.40648125 0.4375 0.4231484375 0.4515625 0.43148125000000004 0.4578125 0.4370375 0.46302031250000003 0.4379625
4 0.4515625 0.3888890625 0.45729218749999995 0.3898140625 0.46197968749999996 0.39444375 0.46510468749999995 0.4009265625 0.4661453125 0.409259375 0.47083281250000003 0.4129625 0.48125 0.4101859375 0.4895828125 0.4129625 0.49010468749999997 0.397221875 0.4890625 0.3851859375 0.490625 0.37777812499999996 0.48854218749999995 0.3601859375 0.48541718749999996 0.3388890625 0.4817703125 0.32037031250000003 0.4796875 0.325 0.4765625 0.325 0.47552031250000004 0.321296875 0.4583328125 0.31944374999999997 0.45729218749999995 0.325 0.4515625 0.3240734375 0.45104218749999997 0.3370375 0.453125 0.35648124999999997 0.45104218749999997 0.3675921875 0.44635468749999996 0.3740734375 0.4453125 0.3824078125
4 0.4921875 0.7481484375 0.47239531250000005 0.753703125 0.46979218749999996 0.78148125 0.49583281250000005 0.778703125
4 0.5375 0.8324078125 0.5307296874999999 0.8416671875 0.5354171875 0.8731484375 0.5546875 0.8675921875 0.55625 0.852778125 0.5494796875 0.8296296875
4 0.5651046875 0.7638890625 0.5463546874999999 0.7416671874999999 0.5286453125 0.7342593749999999 0.5223953125 0.7601859375 0.5369796874999999 0.777778125 0.5479171875 0.7888890625 0.5666671875 0.7870375000000001
4 0.5203125 0.5916671874999999 0.5291671874999999 0.5916671874999999 0.5291671874999999 0.572221875 0.5255203125000001 0.55648125 0.509375 0.5546296875000001 0.5083328125000001 0.5731484375 0.5098953125000001 0.584259375
4 0.271875 0.9814812500000001 0.2614578125 0.9638890625000001 0.2520828125 0.9851859375 0.259375 0.9984375
4 0.2859375 0.7527781250000001 0.2692703125 0.7611109375 0.2630203125 0.78148125 0.2604171875 0.802778125 0.2744796875 0.7981484375 0.2734375 0.8083328125 0.2682296875 0.8231484375000001 0.2734375 0.8666671875 0.3005203125 0.8638890625 0.3192703125 0.8083328125 0.3151046875 0.778703125 0.3036453125 0.7509265625
4 0.2953125 0.740740625 0.3088546875 0.746296875 0.3171875 0.7361109375 0.3260421875 0.7111109375 0.3145828125 0.7083328125 0.30625 0.684259375 0.309375 0.677778125 0.3067703125 0.653703125 0.2760421875 0.740740625 0.2765625 0.7490734375 0.2869796875 0.7481484375
4 0.3421875 0.64444375 0.3359375 0.6638890625 0.3427078125 0.675 0.353125 0.6740734374999999 0.3526046875 0.6509265625 0.3510421875 0.6388890625
4 0.35625 0.659259375 0.3625 0.652778125 0.3666671875 0.6416671875 0.3682296875 0.6296296875 0.3609375 0.6166671874999999 0.3541671875 0.6231484375 0.3526046875 0.6361109375
4 0.49270781250000006 0.36944374999999996 0.5151046874999999 0.38148125 0.5171875 0.3990734375 0.5328125 0.3990734375 0.5036453125 0.2833328125 0.475 0.284259375 0.4817703125 0.3120375 0.4875 0.3333328125
4 0.3786453125 0.45277812500000003 0.3109375 0.6379625 0.3171875 0.6435187499999999 0.3302078125 0.6379625 0.3302078125 0.6194437500000001 0.3338546875 0.60555625 0.34375 0.5879624999999999 0.3520828125 0.5546296875000001 0.3583328125 0.5435187499999999 0.3708328125 0.5416671875 0.3822921875 0.5490734374999999 0.3869796875 0.528703125 0.38125 0.5111109375 0.3822921875 0.4851859375 0.3911453125 0.4583328125 0.4234375 0.45 0.4427078125 0.36574062500000004 0.4484375 0.327778125 0.4484375 0.30555625000000003 0.4453125 0.2953703125 0.4270828125 0.2953703125 0.42083281250000004 0.3333328125 0.41302031250000004 0.35555625
4 0.521875 0.43055625 0.5203125 0.4398140625 0.5239578125000001 0.465740625 0.5296875 0.534259375 0.5515625 0.54444375 0.5526046874999999 0.5583328125 0.55625 0.5870375 0.5567703125000001 0.6018515625 0.5604171874999999 0.621296875 0.5677078125 0.6268515625 0.565625 0.58055625 0.546875 0.4611109375 0.54375 0.447221875 0.534375 0.4120375 0.53125 0.41944375 0.5291671874999999 0.4268515625