4 0.1760421875 0.984259375 0.2182296875 0.977778125 0.234375 0.98055625 0.2578125 0.977778125 0.2723953125 0.9583328124999999 0.2786453125 0.9194437499999999 0.2901046875 0.9055562500000001 0.303125 0.86851875 0.3130203125 0.81851875 0.3223953125 0.7953703125 0.3328125 0.7527781250000001 0.3453125 0.71851875 0.3505203125 0.6898140625 0.3635421875 0.646296875 0.3729171875 0.6083328125 0.3822921875 0.5814812500000001 0.3895828125 0.5648140625 0.396875 0.5379625 0.4010421875 0.5203703125 0.40833281250000003 0.4898140625 0.4140625 0.4509265625 0.4171875 0.4351859375 0.3942703125 0.42222187499999997 0.3807296875 0.4296296875 0.3723953125 0.45277812500000003 0.3552078125 0.503703125 0.3401046875 0.5351859375 0.3140625 0.5768515625 0.25625 0.677778125 0.23125 0.7240734375 0.2052078125 0.7620375 0.1390625 0.8611109375 0.1078125 0.90648125 0.0901046875 0.9398140625 0.1125 0.971296875 0.1567703125 0.9888890625
4 0.40677031250000006 0.4240734375 0.41197968749999997 0.42592656250000005 0.421875 0.4268515625 0.4265625 0.41944375 0.43020781250000006 0.4018515625 0.4375 0.38703750000000003 0.43854218749999996 0.3851859375 0.43958281250000003 0.3824078125 0.4203125 0.36574062500000004 0.41510468749999996 0.36574062500000004 0.4088546875 0.3731484375 0.3947921875 0.4 0.3947921875 0.4129625 0.4046875 0.4231484375
4 0.415625 0.3546296875 0.42291718749999996 0.3601859375 0.42864531250000004 0.3611109375 0.43645781250000004 0.3611109375 0.440625 0.35648124999999997 0.44375 0.353703125 0.44583281250000006 0.34351875 0.44635468749999996 0.3324078125 0.44635468749999996 0.3240734375 0.4453125 0.31944374999999997 0.43645781250000004 0.321296875 0.43020781250000006 0.3231484375 0.42864531250000004 0.3240734375 0.4244796875 0.3361109375 0.41979218749999997 0.3453703125 0.41458281250000006 0.353703125
4 0.41770781250000005 0.2925921875 0.42395781250000003 0.2981484375 0.425 0.28981406249999997 0.4192703125 0.2703703125 0.41197968749999997 0.2638890625 0.403125 0.2601859375 0.40052031250000003 0.25277812499999996 0.4 0.24537031250000002 0.3953125 0.240740625 0.3875 0.2546296875 0.3854171875 0.2703703125 0.403125 0.277778125 0.4140625 0.2888890625
4 0.49375 0.3296296875 0.4984375 0.3453703125 0.5052078125 0.36296249999999997 0.5119796875 0.36296249999999997 0.5151046874999999 0.3648140625 0.5203125 0.3648140625 0.5229171874999999 0.3583328125 0.5234375 0.34444375 0.5234375 0.340740625 0.528125 0.33518593750000003 0.528125 0.328703125 0.5005203125000001 0.29351875 0.48072968749999995 0.26851875000000003 0.4739578125 0.2666671875 0.4734375 0.272221875 0.47760468749999996 0.29074062500000003 0.4859375 0.2981484375 0.490625 0.302778125
4 0.5140625 0.440740625 0.5213546874999999 0.4453703125 0.5265625 0.44444375 0.5296875 0.44351874999999996 0.534375 0.44351874999999996 0.5390625 0.43333281250000005 0.5432296875 0.4111109375 0.5427078125 0.403703125 0.5359375 0.3953703125 0.5166671875 0.3916671875 0.5083328125000001 0.40740781249999997 0.5036453125 0.42222187499999997 0.503125 0.4351859375
4 0.5473953125000001 0.46851875 0.5494796875 0.4898140625 0.5677078125 0.4870375 0.5744796875 0.4851859375 0.5791671875 0.4824078125 0.5807296875 0.4768515625 0.5583328125 0.425 0.5489578125000001 0.43148125000000004 0.5473953125000001 0.44444375 0.546875 0.4611109375
4 0.6046875 0.55555625 0.6078125 0.547221875 0.5932296874999999 0.5046296875 0.5890625 0.49074062500000004 0.5848953125 0.49629687499999997 0.5791671875 0.5083328125000001 0.5791671875 0.5268515625 0.5848953125 0.540740625
4 0.6385421874999999 0.8416671875 0.65 0.8796296874999999 0.6494796875 0.9009265624999999 0.6427078125000001 0.9111109374999999 0.6197921875 0.9111109374999999 0.6140625 0.9694437499999999 0.6161453125 0.9731484375000001 0.6322921874999999 0.9953703125000001 0.6671875 0.9984375 0.740625 0.9981484375 0.7072921875 0.88148125 0.6744796875 0.759259375 0.6677078125 0.7583328125000001 0.6661453125000001 0.78055625 0.6609375 0.8018515624999999 0.6494796875 0.822221875
4 0.5088546875 0.471296875 0.5114578125 0.447221875 0.5015625 0.4453703125 0.5015625 0.45648125000000006 0.5010421875 0.465740625
4 0.5130203125 0.5370375000000001 0.515625 0.5370375000000001 0.5197921875 0.5351859375 0.5213546874999999 0.53055625 0.5213546874999999 0.5240734375 0.5182296875 0.5138890625 0.5161453125000001 0.509259375 0.5078125 0.5101859375 0.5046875 0.5240734375 0.5067703125 0.5333328125000001
4 0.5078125 0.5740734375 0.5083328125000001 0.58055625 0.5098953125000001 0.5898140625 0.5239578125000001 0.5953703124999999 0.5276046875 0.596296875 0.5359375 0.5861109375 0.5380203125 0.577778125 0.5390625 0.56851875 0.5151046874999999 0.5601859375 0.5119796875 0.5675921875000001 0.5098953125000001 0.5703703124999999
4 0.5234375 0.665740625 0.5234375 0.6888890625 0.5177078125000001 0.7370375 0.5145828125 0.7833328125000001 0.5151046874999999 0.827778125 0.5192703125 0.875 0.5229171874999999 0.897221875 0.5302078125 0.9231484375000001 0.5395828125000001 0.9305562500000001 0.5484375 0.927778125 0.5552078125000001 0.9120375 0.5572921875 0.8981484375000001 0.5614578125 0.8824078125 0.5666671875 0.8611109375 0.5677078125 0.8546296874999999 0.575 0.8333328124999999 0.5666671875 0.802778125 0.5630203125000001 0.7953703125 0.5557296875 0.7824078125 0.5583328125 0.78055625 0.5661453125 0.7657406250000001 0.5744796875 0.7425921875 0.5854171874999999 0.7074078125 0.5677078125 0.7074078125 0.559375 0.696296875 0.5583328125 0.6833328125 0.5557296875 0.6666671875 0.5526046874999999 0.659259375 0.5479171875 0.6416671875 0.5317703125000001 0.6370375 0.5302078125 0.64444375 0.5255203125000001 0.6518515625
4 0.5598953125 0.984259375 0.5677078125 0.9861109375 0.578125 0.9925921875 0.590625 0.9925921875 0.596875 0.9925921875 0.6109375 0.9814812500000001 0.6135421875 0.9407406249999999 0.6098953125000001 0.9194437499999999 0.5958328125000001 0.915740625 0.5682296874999999 0.9305562500000001 0.5505203125 0.9388890625 0.5453125 0.9583328124999999 0.5473953125000001 0.9731484375000001
4 0.3036453125 0.9481484375000001 0.2927078125 0.9703703125 0.2875 0.9984375 0.49375 0.9984375 0.49635468749999995 0.825 0.3333328125 0.8324078125 0.3369796875 0.8333328124999999 0.3265625 0.859259375 0.3182296875 0.8833328125 0.3119796875 0.9046296875
4 0.3427078125 0.7796296875000001 0.3322921875 0.825 0.4947921875 0.8175921875000001 0.496875 0.75 0.4973953125 0.6675921875 0.4984375 0.6166671874999999 0.4609375 0.6092593749999999 0.4322921875 0.6064812500000001 0.43802031250000006 0.5953703124999999 0.4390625 0.5740734375 0.44427031250000004 0.5629625 0.45885468749999997 0.5546296875000001 0.45677031250000005 0.5453703125 0.45364531250000006 0.5398140625 0.44114531250000005 0.5435187499999999 0.43020781250000006 0.54444375 0.42552031250000005 0.5370375000000001 0.4244796875 0.522221875 0.4234375 0.5129625 0.4244796875 0.509259375 0.43333281250000005 0.509259375 0.4348953125 0.5009265625 0.43333281250000005 0.4851859375 0.425 0.484259375 0.42291718749999996 0.4851859375 0.4192703125 0.4888890625 0.415625 0.4981484375 0.4046875 0.5453703125 0.3953125 0.572221875 0.3880203125 0.6064812500000001 0.384375 0.6120375 0.3859375 0.6166671874999999 0.3723953125 0.6611109374999999 0.3645828125 0.702778125 0.3552078125 0.7398140625
4 0.48072968749999995 0.3666671875 0.4765625 0.3638890625 0.4739578125 0.3601859375 0.46875 0.35740781250000003 0.465625 0.3601859375 0.465625 0.3666671875 0.465625 0.37870312500000003 0.465625 0.39259218749999997 0.4703125 0.3981484375 0.47760468749999996 0.40277812500000004 0.4895828125 0.40555624999999995 0.4869796875 0.3731484375 0.48541718749999996 0.37222187500000004