4 0.4359375 0.9481484375000001 0.46666718749999997 0.9481484375000001 0.471875 0.9351859375 0.4817703125 0.93148125 0.49114531250000004 0.9166671875000001 0.4947921875 0.8490734375000001 0.490625 0.8361109375 0.46822968749999994 0.8305562500000001 0.4421875 0.871296875 0.43177031250000003 0.9092593750000001 0.43177031250000003 0.94351875
4 0.4359375 0.6953703124999999 0.44427031250000004 0.7416671874999999 0.46979218749999996 0.71944375 0.48802031250000005 0.6981484375 0.49322968749999996 0.68148125 0.4973953125 0.6583328125000001 0.49947968749999994 0.6101859375 0.49895781250000004 0.56851875 0.49895781250000004 0.5583328125 0.48802031250000005 0.5583328125 0.478125 0.5925921875 0.4703125 0.6231484375 0.44895781250000005 0.6638890625
4 0.46041718749999994 0.46666718749999997 0.4739578125 0.4648140625 0.48125 0.453703125 0.484375 0.4509265625 0.49114531250000004 0.4453703125 0.490625 0.43055625 0.48541718749999996 0.4240734375 0.45729218749999995 0.425 0.44375 0.425 0.4375 0.447221875 0.44166718749999995 0.46018593750000003
4 0.47552031250000004 0.3388890625 0.4791671875 0.3324078125 0.4796875 0.3166671875 0.47239531250000005 0.30462968749999997 0.465625 0.3083328125 0.46041718749999994 0.3231484375 0.46041718749999994 0.33518593750000003 0.46770781250000004 0.340740625
4 0.4635421875 0.3620375 0.465625 0.35648124999999997 0.46197968749999996 0.34351875 0.4578125 0.346296875 0.453125 0.35740781250000003 0.45364531250000006 0.3620375 0.46041718749999994 0.3620375
4 0.4713546875 0.3666671875 0.471875 0.3546296875 0.46822968749999994 0.359259375 0.46822968749999994 0.36574062500000004 0.46979218749999996 0.3666671875
4 0.4765625 0.3953703125 0.48385468749999994 0.39259218749999997 0.48802031250000005 0.3879625 0.48802031250000005 0.3796296875 0.4817703125 0.36944374999999996 0.47083281250000003 0.3703703125 0.46875 0.38148125 0.4703125 0.3916671875
4 0.48854218749999995 0.3740734375 0.48645781250000003 0.35648124999999997 0.48645781250000003 0.3518515625 0.4828125 0.3425921875 0.4796875 0.3481484375 0.4796875 0.35648124999999997 0.48541718749999996 0.3740734375
4 0.4578125 0.390740625 0.46458281250000005 0.3898140625 0.45885468749999997 0.37129687499999997 0.4515625 0.37222187500000004 0.44895781250000005 0.3824078125 0.45104218749999997 0.3888890625
4 0.43333281250000005 0.397221875 0.44427031250000004 0.352778125 0.44427031250000004 0.346296875 0.44479218749999994 0.34351875 0.44114531250000005 0.3333328125 0.43385468749999995 0.352778125 0.4270828125 0.3833328125 0.4270828125 0.3953703125
4 0.6822921875 0.9984375 0.6880203125000001 0.9666671875 0.6885421875 0.928703125 0.6885421875 0.9074078125 0.6625 0.8768515625 0.6223953125 0.9 0.615625 0.9324078124999999 0.6208328125 0.9601859375 0.6244796874999999 0.977778125 0.6291671875 0.9984375
4 0.5197921875 0.8194437499999999 0.5473953125000001 0.8388890625000001 0.5619796874999999 0.8333328124999999 0.5671875 0.8083328125 0.5630203125000001 0.7675921875 0.5390625 0.76944375 0.5197921875 0.7731484375 0.5182296875 0.796296875
4 0.5145828125 0.653703125 0.5234375 0.66944375 0.5364578125 0.6953703124999999 0.5213546874999999 0.7101859375 0.5145828125 0.721296875 0.5270828125 0.7370375 0.5630203125000001 0.7388890625 0.5739578125 0.7388890625 0.5979171875 0.7046296875 0.6036453125000001 0.6740734374999999 0.6161453125 0.66944375 0.6208328125 0.6398140625 0.6208328125 0.6018515625 0.6041671875 0.5629625 0.590625 0.552778125 0.5927078125 0.5509265625 0.5276046875 0.5601859375 0.5192703125 0.5851859375 0.5052078125 0.625
4 0.6942703125 0.6083328125 0.68125 0.6268515625 0.6651046875 0.6675921875 0.65 0.6703703125 0.6265625 0.684259375 0.6421875 0.7324078125 0.6609375 0.784259375 0.7078125 0.803703125 0.75 0.80648125 0.7859375 0.796296875 0.7822921875 0.7675921875 0.7807296874999999 0.7268515625 0.7708328125 0.6990734375 0.7614578125 0.672221875 0.7614578125 0.634259375 0.7635421874999999 0.6175921875 0.7255203125 0.5574078124999999 0.6854171874999999 0.49629687499999997 0.6682296875 0.5074078125 0.6796875 0.546296875 0.6822921875 0.5861109375
4 0.6557296874999999 0.4888890625 0.6625 0.4870375 0.6666671875 0.4851859375 0.6671875 0.46759218750000003 0.6447921875 0.434259375 0.640625 0.44444375 0.6442703125 0.4509265625 0.6348953125000001 0.46018593750000003 0.6348953125000001 0.4740734375 0.6447921875 0.4861109375
4 0.5869796875 0.46944375000000005 0.61875 0.48055624999999996 0.61875 0.46018593750000003 0.6166671874999999 0.45 0.6161453125 0.440740625 0.6119796875 0.4296296875 0.6119796875 0.4129625 0.6171875 0.40740781249999997 0.6197921875 0.3953703125 0.6078125 0.37777812499999996 0.5895828125 0.35740781250000003 0.5786453125000001 0.347221875 0.5708328125000001 0.359259375 0.5682296874999999 0.3824078125 0.5713546875 0.3916671875 0.5791671875 0.4120375 0.5791671875 0.428703125 0.58125 0.45277812500000003
4 0.5651046875 0.5416671875 0.5723953125000001 0.5370375000000001 0.5776046874999999 0.534259375 0.5791671875 0.5148140625 0.578125 0.5027781250000001 0.5739578125 0.4861109375 0.5692703125 0.47222187499999996 0.5614578125 0.45555625 0.5614578125 0.434259375 0.5552078125000001 0.41759218750000004 0.5552078125000001 0.4138890625 0.5494796875 0.4009265625 0.5432296875 0.3898140625 0.5348953125 0.38425937499999996 0.5296875 0.38425937499999996 0.5177078125000001 0.37129687499999997 0.5192703125 0.347221875 0.5166671875 0.3361109375 0.5177078125000001 0.322221875 0.5151046874999999 0.2981484375 0.5135421874999999 0.2888890625 0.5109375 0.2870375 0.503125 0.2888890625 0.5010421875 0.2981484375 0.5010421875 0.309259375 0.49322968749999996 0.328703125 0.49427031250000003 0.346296875 0.5026046875 0.359259375 0.5041671875 0.375 0.515625 0.396296875 0.5234375 0.428703125 0.5234375 0.4425921875 0.528125 0.45555625 0.5375 0.4851859375 0.5375 0.4888890625 0.5354171875 0.5111109375 0.5364578125 0.528703125 0.546875 0.5351859375
4 0.525 0.3425921875 0.5416671875 0.36574062500000004 0.546875 0.36574062500000004 0.5635421875 0.359259375 0.5640625 0.3509265625 0.5630203125000001 0.33055625 0.5447921874999999 0.31111093749999996 0.528125 0.29351875 0.5208328125 0.2888890625 0.5208328125 0.29074062500000003 0.5192703125 0.3009265625 0.5171875 0.3166671875 0.5197921875 0.32592656249999996
4 0.4671875 0.2768515625 0.46927031250000006 0.278703125 0.47447968749999997 0.2833328125 0.478125 0.2861109375 0.48645781250000003 0.28981406249999997 0.49375 0.29074062500000003 0.4953125 0.28981406249999997 0.4973953125 0.2833328125 0.49322968749999996 0.2740734375 0.45885468749999997 0.25370312500000003 0.45729218749999995 0.25925937499999996 0.4578125 0.2648140625 0.46145781250000006 0.26944375
4 0.4359375 0.309259375 0.43958281250000003 0.30740781250000004 0.4401046875 0.30555625000000003 0.440625 0.2981484375 0.4390625 0.2916671875 0.43802031250000006 0.284259375 0.4348953125 0.28055625 0.4328125 0.271296875 0.428125 0.2703703125 0.42135468749999994 0.2703703125 0.41354218749999994 0.2796296875 0.4234375 0.3120375 0.42864531250000004 0.309259375
4 0.41458281250000006 0.3601859375 0.41822968749999995 0.36296249999999997 0.42291718749999996 0.3611109375 0.425 0.3546296875 0.4296875 0.3398140625 0.42916718749999994 0.328703125 0.421875 0.3240734375 0.4203125 0.32592656249999996 0.4140625 0.35740781250000003
4 0.146875 0.8083328125 0.153125 0.8194437499999999 0.1677078125 0.8194437499999999 0.1848953125 0.8240734375000001 0.2083328125 0.8407406249999999 0.2489578125 0.847221875 0.271875 0.84351875 0.2598953125 0.8240734375000001 0.2239578125 0.796296875 0.2083328125 0.7824078125 0.1885421875 0.7574078125 0.1828125 0.75648125 0.15 0.79444375
4 0.15625 0.9370375 0.1630203125 0.9509265625 0.1875 0.946296875 0.1932296875 0.922221875 0.1963546875 0.875 0.1963546875 0.8638890625 0.1942703125 0.852778125 0.1932296875 0.847221875 0.1911453125 0.8444437499999999 0.1588546875 0.8231484375000001 0.1296875 0.8259265625 0.125 0.8509265625 0.1276046875 0.8861109375 0.1296875 0.9120375
4 0.15 0.9984375 0.1536453125 0.9731484375000001 0.1520828125 0.9564812500000001 0.1369796875 0.946296875 0.121875 0.9370375 0.1072921875 0.9268515624999999 0.0947921875 0.922221875 0.0916671875 0.9175921875 0.0848953125 0.8953703125000001 0.0848953125 0.8768515625 0.0817703125 0.8722218749999999 0.0583328125 0.8925921875 0.0458328125 0.902778125 0.0578125 0.9379625 0.0697921875 0.971296875 0.0765625 0.9703703125 0.109375 0.9861109375 0.1213546875 0.9984375