4 0.5958328125000001 0.7444437500000001 0.5833328125 0.725 0.5765625 0.71851875 0.565625 0.7064812500000001 0.5526046874999999 0.71944375 0.5484375 0.7361109375 0.5432296875 0.75 0.5520828125 0.759259375 0.5604171874999999 0.7703703125 0.5697921874999999 0.76944375 0.5916671874999999 0.78148125 0.5953125 0.7620375
4 0.5994796874999999 0.671296875 0.5880203125000001 0.671296875 0.5776046874999999 0.6768515625 0.5760421874999999 0.6953703124999999 0.5828125 0.7064812500000001 0.5921875 0.7064812500000001 0.6078125 0.7009265625000001 0.6088546874999999 0.6833328125
4 0.5703125 0.6018515625 0.5614578125 0.59444375 0.553125 0.5898140625 0.5427078125 0.5870375 0.5375 0.6046296875 0.5484375 0.6148140625 0.5536453125 0.6388890625 0.5614578125 0.6518515625 0.5692703125 0.6518515625 0.5838546874999999 0.625 0.5833328125 0.6138890625
4 0.5307296874999999 0.5453703125 0.5260421875 0.525 0.5151046874999999 0.5111109375 0.5067703125 0.5175921875 0.509375 0.5361109374999999 0.5104171875 0.552778125 0.5083328125000001 0.5731484375 0.5166671875 0.5796296875 0.5244796875 0.5629625 0.525 0.559259375
4 0.525 0.6166671874999999 0.5135421874999999 0.61851875 0.5109375 0.6333328125000001 0.5145828125 0.653703125 0.5239578125000001 0.6490734375 0.5348953125 0.6425921875 0.5333328125000001 0.6324078125
4 0.5328125 0.478703125 0.5291671874999999 0.4620375 0.515625 0.45740781249999996 0.5052078125 0.45740781249999996 0.4984375 0.46944375000000005 0.5046875 0.4851859375 0.5203125 0.49351874999999995 0.5255203125000001 0.5046296875 0.5364578125 0.497221875 0.5359375 0.49629687499999997
4 0.46979218749999996 0.51944375 0.4609375 0.5259265625 0.45364531250000006 0.534259375 0.4583328125 0.55648125 0.46770781250000004 0.5611109375 0.4791671875 0.5370375000000001 0.47760468749999996 0.5324078125
4 0.4973953125 0.8370374999999999 0.4984375 0.8129625 0.4921875 0.7935187499999999 0.48645781250000003 0.7703703125 0.47760468749999996 0.753703125 0.46145781250000006 0.7490734375 0.45208281250000004 0.75 0.43854218749999996 0.7638890625 0.415625 0.772221875 0.4 0.772221875 0.390625 0.7759265625 0.3786453125 0.790740625 0.3755203125 0.8175921875000001 0.3822921875 0.8388890625000001 0.3942703125 0.8351859375 0.40989531250000005 0.8370374999999999 0.42083281250000004 0.8416671875 0.43020781250000006 0.8583328124999999 0.44479218749999994 0.8546296874999999 0.4515625 0.8416671875 0.47447968749999997 0.84351875 0.48541718749999996 0.84351875
4 0.4947921875 0.9055562500000001 0.4953125 0.8861109375 0.4875 0.8638890625 0.475 0.8564812500000001 0.4625 0.8564812500000001 0.45104218749999997 0.8675921875 0.43697968749999994 0.8861109375 0.43020781250000006 0.9083328125 0.43385468749999995 0.93148125 0.44739531250000003 0.9370375 0.4578125 0.9444437499999999 0.4791671875 0.9509265625 0.4859375 0.927778125
4 0.2854171875 0.9351859375 0.2947921875 0.9074078125 0.2989578125 0.8925921875 0.3041671875 0.8731484375 0.3098953125 0.853703125 0.3098953125 0.825 0.3005203125 0.8074078124999999 0.2911453125 0.796296875 0.2791671875 0.7925921875 0.2614578125 0.8074078124999999 0.2536453125 0.821296875 0.2453125 0.846296875 0.2359375 0.8611109375 0.2223953125 0.8759265624999999 0.2208328125 0.8935187499999999 0.2239578125 0.9166671875000001 0.2302078125 0.94351875 0.2421875 0.9509265625 0.2526046875 0.9546296875 0.2723953125 0.9583328124999999 0.2828125 0.9564812500000001
4 0.5333328125000001 0.8879625000000001 0.5427078125 0.8879625000000001 0.5473953125000001 0.8777781250000001 0.5421875 0.8648140625 0.5286453125 0.8601859375 0.5239578125000001 0.8629625000000001 0.5177078125000001 0.8722218749999999 0.5145828125 0.8916671875000001 0.5130203125 0.9046296875 0.5130203125 0.9185187499999999 0.521875 0.9342593750000001 0.5291671874999999 0.9324078124999999 0.5348953125 0.9018515624999999 0.5322921875 0.8990734375
4 0.6786453125 0.9984375 0.6791671874999999 0.9907406249999999 0.6765625 0.9666671875 0.6765625 0.9564812500000001 0.6666671875 0.9398140625 0.6609375 0.9481484375000001 0.6541671874999999 0.9574078125 0.6489578125000001 0.9629625 0.6427078125000001 0.9657406249999999 0.634375 0.959259375 0.6213546875 0.9638890625000001 0.6192703125000001 0.975 0.6213546875 0.9861109375 0.6265625 0.9984375 0.6776046874999999 0.9984375