4 0.2817703125 0.9898140625 0.2859375 0.9984375 0.3338546875 0.9953703125000001 0.3463546875 0.9509265625 0.3244796875 0.9129625000000001 0.309375 0.903703125 0.3020828125 0.93148125
4 0.4984375 0.8620374999999999 0.47239531250000005 0.86944375 0.4546875 0.9129625000000001 0.47291718749999995 0.9629625 0.49270781250000006 0.9907406249999999 0.5020828125000001 0.8990734375
4 0.5661453125 0.8509265625 0.5541671874999999 0.8518515624999999 0.5328125 0.8518515624999999 0.5057296874999999 0.8620374999999999 0.50625 0.8990734375 0.5161453125000001 0.9425921875000001 0.5661453125 0.9481484375000001 0.56875 0.9203703125
4 0.55 0.653703125 0.5453125 0.6194437500000001 0.53125 0.615740625 0.515625 0.6361109375 0.50625 0.671296875 0.5192703125 0.6990734375 0.5494796875 0.7 0.5520828125 0.6824078124999999
4 0.49427031250000003 0.796296875 0.49427031250000003 0.753703125 0.478125 0.7379625 0.45989531250000004 0.7629625 0.415625 0.75648125 0.3953125 0.778703125 0.3901046875 0.7796296875000001 0.40208281250000005 0.84351875 0.45729218749999995 0.8453703125 0.4895828125 0.8314812500000001
4 0.4375 0.722221875 0.4166671875 0.709259375 0.3802078125 0.6833328125 0.3635421875 0.7018515625 0.3557296875 0.7314812500000001 0.3640625 0.775 0.3875 0.772221875 0.41354218749999994 0.746296875
4 0.49791718749999997 0.7240734375 0.496875 0.6925921875000001 0.49635468749999995 0.659259375 0.48854218749999995 0.6351859375 0.45625 0.6611109374999999 0.4546875 0.690740625 0.45729218749999995 0.7231484375 0.48333281250000004 0.7314812500000001
4 0.3739578125 0.65555625 0.3708328125 0.66944375 0.3708328125 0.6768515625 0.4125 0.7 0.43020781250000006 0.702778125 0.4296875 0.646296875 0.4114578125 0.6222218749999999 0.3859375 0.621296875
4 0.5244796875 0.43888906250000004 0.515625 0.37777812499999996 0.5119796875 0.37777812499999996 0.5067703125 0.38148125 0.5010421875 0.3888890625 0.5026046875 0.41481406249999997 0.5135421874999999 0.45277812500000003 0.5208328125 0.45925937499999997 0.5296875 0.4518515625
4 0.2421875 0.9240734375 0.221875 0.996296875 0.265625 0.9972218749999999 0.2979171875 0.8935187499999999 0.2703125 0.8703703125000001
4 0.3942703125 0.55555625 0.40833281250000003 0.5009265625 0.42604218749999995 0.4398140625 0.4166671875 0.40462968750000006 0.40677031250000006 0.3916671875 0.3973953125 0.3851859375 0.3645828125 0.478703125 0.3463546875 0.53055625 0.3276046875 0.5814812500000001 0.3208328125 0.603703125 0.26875 0.78148125 0.3109375 0.8305562500000001 0.3375 0.7546296875 0.3609375 0.6638890625
4 0.4203125 0.50648125 0.40208281250000005 0.540740625 0.3963546875 0.5824078125 0.4078125 0.6046296875 0.4171875 0.6074078125 0.45885468749999997 0.603703125 0.44895781250000005 0.5398140625
4 0.4734375 0.45555625 0.4484375 0.45462968750000005 0.4359375 0.4851859375 0.4505203125 0.5101859375 0.47604218749999994 0.5166671875 0.48229218749999997 0.4981484375
4 0.49114531250000004 0.3824078125 0.4859375 0.3740734375 0.4734375 0.38055625000000004 0.4671875 0.41574062500000003 0.4734375 0.44166718749999995 0.4869796875 0.471296875 0.4953125 0.45740781249999996 0.49375 0.4138890625
4 0.4328125 0.46944375000000005 0.453125 0.4240734375 0.44166718749999995 0.38703750000000003 0.434375 0.40740781249999997 0.4171875 0.4518515625