4 0.3328125 0.665740625 0.3322921875 0.6740734374999999 0.340625 0.68055625 0.3463546875 0.68055625 0.3520828125 0.68055625 0.353125 0.68055625 0.3567703125 0.672221875 0.3598953125 0.6638890625 0.3619796875 0.65648125 0.3645828125 0.647221875 0.3671875 0.6370375 0.3703125 0.6305562499999999 0.3723953125 0.6175921875 0.3734375 0.6101859375 0.3734375 0.6083328125 0.3744796875 0.6046296875 0.3552078125 0.5990734375 0.3526046875 0.6074078125 0.346875 0.6240734375 0.3411453125 0.6453703125
4 0.3515625 0.7370375 0.3484375 0.74351875 0.3427078125 0.7620375 0.3401046875 0.772221875 0.3385421875 0.7796296875000001 0.3359375 0.790740625 0.334375 0.8009265624999999 0.334375 0.8148140625 0.3385421875 0.8231484375000001 0.3458328125 0.8240734375000001 0.3515625 0.8240734375000001 0.3578125 0.8240734375000001 0.3645828125 0.821296875 0.3692703125 0.821296875 0.3734375 0.8296296875 0.3770828125 0.8416671875 0.38125 0.8453703125 0.3875 0.8490734375000001 0.3942703125 0.846296875 0.3973953125 0.8370374999999999 0.3953125 0.821296875 0.3932296875 0.8120375 0.390625 0.8018515624999999 0.3895828125 0.790740625 0.3859375 0.78148125 0.3848953125 0.7703703125 0.3848953125 0.7481484375 0.384375 0.7388890625 0.3828125 0.73055625 0.3760421875 0.7259265625 0.3723953125 0.722221875 0.3635421875 0.7259265625 0.3552078125 0.7296296875
4 0.4348953125 0.68055625 0.43333281250000005 0.66944375 0.4322921875 0.6601859375 0.42552031250000005 0.652778125 0.4203125 0.65 0.41197968749999997 0.61851875 0.3963546875 0.615740625 0.3682296875 0.677778125 0.3807296875 0.7018515625 0.40260468749999995 0.7120375 0.4140625 0.6981484375 0.42291718749999996 0.703703125 0.428125 0.703703125 0.4328125 0.696296875 0.43645781250000004 0.69351875
4 0.4791671875 0.9984375 0.48489531250000006 0.9981484375 0.48854218749999995 0.9888890625 0.49375 0.9833328124999999 0.49375 0.971296875 0.49322968749999996 0.9574078125 0.4921875 0.9490734375000001 0.490625 0.9407406249999999 0.48854218749999995 0.928703125 0.48541718749999996 0.9166671875000001 0.4828125 0.9111109374999999 0.47708281250000006 0.9129625000000001 0.47083281250000003 0.9166671875000001 0.465625 0.925 0.46197968749999996 0.9361109375 0.45989531250000004 0.9425921875000001 0.45885468749999997 0.9759265625 0.45989531250000004 0.9824078125 0.4671875 0.9851859375 0.4713546875 0.9888890625 0.4734375 0.9984375
4 0.4828125 0.6148140625 0.48802031250000005 0.6138890625 0.4890625 0.6138890625 0.49322968749999996 0.602778125 0.49114531250000004 0.59351875 0.4895828125 0.5851859375 0.48489531250000006 0.5814812500000001 0.48125 0.578703125 0.4796875 0.5759265625000001 0.4739578125 0.5703703124999999 0.46927031250000006 0.56944375 0.4640625 0.56851875 0.459375 0.56851875 0.45885468749999997 0.5759265625000001 0.46302031250000003 0.584259375 0.4609375 0.5925921875 0.45989531250000004 0.6009265625 0.46197968749999996 0.6083328125 0.4671875 0.6305562499999999 0.4713546875 0.6305562499999999 0.4739578125 0.6277781250000001 0.47864531250000003 0.61851875
4 0.4088546875 0.5388890625 0.40625 0.547221875 0.40625 0.5583328125 0.40625 0.56944375 0.40833281250000003 0.575 0.41302031250000004 0.578703125 0.4171875 0.577778125 0.421875 0.5759265625000001 0.425 0.5675921875000001 0.425 0.5574078124999999 0.425 0.546296875 0.4244796875 0.5370375000000001 0.4244796875 0.534259375 0.415625 0.5296296875000001 0.4125 0.534259375
4 0.2494796875 0.9981484375 0.25625 0.9984375 0.2645828125 0.9984375 0.2703125 0.9925921875 0.2744796875 0.978703125 0.2786453125 0.9648140625 0.2828125 0.953703125 0.2880203125 0.9398140625 0.2921875 0.9259265624999999 0.2942703125 0.915740625 0.296875 0.9018515624999999 0.3010421875 0.8898140625 0.3041671875 0.875 0.303125 0.8638890625 0.2958328125 0.8601859375 0.2880203125 0.8583328124999999 0.2770828125 0.8574078125 0.2697921875 0.85555625 0.2244796875 0.9984375 0.2385421875 0.9981484375
4 0.2989578125 0.7981484375 0.3067703125 0.8074078124999999 0.3083328125 0.8083328125 0.3119796875 0.8083328125 0.3145828125 0.8092593750000001 0.3171875 0.8083328125 0.3192703125 0.8083328125 0.3234375 0.8055562500000001 0.325 0.802778125 0.3255203125 0.7990734374999999 0.3276046875 0.7916671875 0.3302078125 0.7879625 0.3317703125 0.784259375 0.3333328125 0.78148125 0.3338546875 0.7768515625 0.3338546875 0.7740734375 0.3354171875 0.7685187499999999 0.3369796875 0.7638890625 0.3375 0.759259375 0.3380203125 0.7546296875 0.3390625 0.7509265625 0.3421875 0.7388890625 0.34375 0.7333328125 0.3442703125 0.7314812500000001 0.3458328125 0.7240734375 0.3473953125 0.71944375 0.3479171875 0.7175921875 0.3494796875 0.7111109375 0.3484375 0.7046296875 0.346875 0.7018515625 0.3447921875 0.7 0.3395828125 0.6990734375 0.3354171875 0.6981484375 0.3317703125 0.6981484375 0.3296875 0.6981484375 0.3255203125 0.7009265625000001 0.3229171875 0.7018515625 0.3203125 0.702778125 0.3177078125 0.7046296875 0.3088546875 0.7333328125 0.3104171875 0.7333328125 0.3125 0.7333328125 0.3145828125 0.7333328125 0.3166671875 0.7333328125 0.31875 0.7333328125 0.3208328125 0.7333328125 0.3223953125 0.7361109375 0.3234375 0.7379625 0.3229171875 0.7425921875 0.3208328125 0.7425921875 0.3197921875 0.7416671874999999 0.3182296875 0.7416671874999999 0.3145828125 0.74351875 0.3161453125 0.7472218749999999 0.3171875 0.75 0.3171875 0.7518515625 0.3166671875 0.7546296875 0.3166671875 0.7601859375 0.3151046875 0.7611109375 0.3135421875 0.759259375 0.3098953125 0.7601859375 0.309375 0.7629625 0.3083328125 0.7666671875 0.3072921875 0.76944375 0.3067703125 0.7731484375 0.3057296875 0.7759265625 0.3041671875 0.777778125 0.3020828125 0.777778125 0.2994796875 0.778703125 0.2973953125 0.778703125 0.2953125 0.7759265625 0.2921875 0.7851859375 0.2921875 0.7861109374999999 0.2927078125 0.7898140625 0.2958328125 0.7925921875 0.2979171875 0.7953703125
4 0.540625 0.4870375 0.540625 0.4898140625 0.5401046875 0.49351874999999995 0.5395828125000001 0.4981484375 0.5395828125000001 0.5009265625 0.5375 0.5027781250000001 0.5354171875 0.5027781250000001 0.5333328125000001 0.5046296875 0.5322921875 0.5083328125000001 0.5302078125 0.5166671875 0.5291671874999999 0.5185187499999999 0.525 0.5240734375 0.5234375 0.528703125 0.5234375 0.5333328125000001 0.5244796875 0.5398140625 0.5260421875 0.5435187499999999 0.5291671874999999 0.546296875 0.5322921875 0.5481484375 0.5359375 0.55 0.5395828125000001 0.5509265625 0.5421875 0.5518515625 0.5442703125 0.552778125 0.5473953125000001 0.5546296875000001 0.5505203125 0.5546296875000001 0.5546875 0.553703125 0.5557296875 0.5509265625 0.5447921874999999 0.47777812500000005 0.5432296875 0.4796296875 0.5427078125 0.4796296875 0.5416671875 0.48333281250000004
4 0.5484375 0.5620375 0.5453125 0.5611109375 0.5432296875 0.5620375 0.5427078125 0.5638890625 0.5411453125000001 0.56944375 0.5401046875 0.5740734375 0.5395828125000001 0.5796296875 0.540625 0.584259375 0.5432296875 0.5888890625000001 0.54375 0.5898140625 0.5458328125 0.596296875 0.5463546874999999 0.596296875 0.5505203125 0.603703125 0.553125 0.6064812500000001 0.5536453125 0.6092593749999999 0.5567703125000001 0.6148140625 0.5583328125 0.6166671874999999 0.5640625 0.6129625 0.5583328125 0.56944375 0.55625 0.56944375 0.5546875 0.56944375 0.5536453125 0.565740625
4 0.3739578125 0.5879624999999999 0.378125 0.5888890625000001 0.3822921875 0.5898140625 0.3880203125 0.584259375 0.3895828125 0.5768515625 0.390625 0.56851875 0.390625 0.565740625 0.3921875 0.5601859375 0.3947921875 0.552778125 0.3973953125 0.5416671875 0.3979171875 0.5333328125000001 0.40052031250000003 0.527778125 0.4046875 0.522221875 0.40677031250000006 0.5203703125 0.40833281250000003 0.5138890625 0.4088546875 0.5018515625 0.41041718749999995 0.5009265625 0.41458281250000006 0.4898140625 0.41770781250000005 0.475 0.4192703125 0.46944375000000005 0.42291718749999996 0.45925937499999997 0.425 0.453703125 0.42864531250000004 0.44444375 0.4328125 0.421296875 0.434375 0.41944375 0.4375 0.40277812500000004 0.4390625 0.39444375 0.44322968749999997 0.3759265625 0.44479218749999994 0.3611109375 0.44947968749999995 0.3333328125 0.45 0.328703125 0.4515625 0.31851875 0.4515625 0.309259375 0.45520781250000003 0.3129625 0.45625 0.3129625 0.46145781250000006 0.3129625 0.4703125 0.3120375 0.47291718749999995 0.3083328125 0.4739578125 0.302778125 0.47552031250000004 0.2953703125 0.478125 0.29074062500000003 0.4791671875 0.28981406249999997 0.484375 0.28981406249999997 0.49114531250000004 0.2870375 0.4796875 0.2629625 0.43072968749999996 0.26203750000000003 0.43020781250000006 0.29444375 0.42760468749999997 0.3509265625 0.40520781250000004 0.45925937499999997 0.3625 0.578703125 0.3619796875 0.5824078125 0.3635421875 0.5851859375 0.3682296875 0.5870375
4 0.4703125 0.5111109375 0.47604218749999994 0.49166718749999994 0.47604218749999994 0.49074062500000004 0.48125 0.4768515625 0.4895828125 0.46944375000000005 0.49322968749999996 0.4583328125 0.49375 0.4481484375 0.49322968749999996 0.43148125000000004 0.49166718749999994 0.41851874999999994 0.49166718749999994 0.409259375 0.49166718749999994 0.4 0.49010468749999997 0.3888890625 0.48854218749999995 0.38148125 0.48802031250000005 0.375 0.4859375 0.36944374999999996 0.484375 0.359259375 0.48385468749999994 0.34907343750000003 0.48229218749999997 0.34351875 0.48072968749999995 0.3388890625 0.48072968749999995 0.33148125 0.48072968749999995 0.328703125 0.4796875 0.3240734375 0.478125 0.315740625 0.47604218749999994 0.31111093749999996 0.47291718749999995 0.3083328125 0.4703125 0.3120375 0.46145781250000006 0.3129625 0.45625 0.3129625 0.45520781250000003 0.3129625 0.4515625 0.309259375 0.45260468749999994 0.321296875 0.45260468749999994 0.33148125 0.4515625 0.3453703125 0.45104218749999997 0.3518515625 0.45 0.3601859375 0.4484375 0.37222187500000004 0.446875 0.37777812499999996 0.44479218749999994 0.390740625 0.4427078125 0.4 0.43958281250000003 0.409259375 0.4390625 0.4111109375 0.43541718749999997 0.421296875 0.4348953125 0.42592656250000005 0.43385468749999995 0.44166718749999995 0.43177031250000003 0.453703125 0.42916718749999994 0.4611109375 0.4234375 0.46851875 0.42239531250000006 0.46944375000000005 0.4192703125 0.4861109375 0.4192703125 0.497221875 0.4192703125 0.5055562499999999 0.428125 0.5083328125000001 0.4359375 0.503703125 0.43645781250000004 0.5027781250000001 0.4557296875 0.50648125 0.45625 0.5083328125000001
4 0.484375 0.28981406249999997 0.4791671875 0.28981406249999997 0.478125 0.29074062500000003 0.47552031250000004 0.2953703125 0.475 0.29444375 0.4739578125 0.302778125 0.475 0.3083328125 0.47708281250000006 0.3120375 0.48333281250000004 0.3333328125 0.48645781250000003 0.3388890625 0.49010468749999997 0.3416671875 0.5036453125 0.3509265625 0.5067703125 0.353703125 0.5067703125 0.3583328125 0.5052078125 0.3675921875 0.503125 0.3731484375 0.5005203125000001 0.37777812499999996 0.49895781250000004 0.38148125 0.4973953125 0.39259218749999997 0.4984375 0.3953703125 0.49947968749999994 0.4018515625 0.49895781250000004 0.40833281250000003 0.5 0.42037031249999995 0.5010421875 0.42592656250000005 0.5010421875 0.4268515625 0.5041671875 0.4240734375 0.5046875 0.4324078125 0.5046875 0.43888906250000004 0.5020828125000001 0.447221875 0.5010421875 0.45740781249999996 0.5020828125000001 0.4629625 0.5041671875 0.4648140625 0.5130203125 0.4648140625 0.515625 0.4620375 0.5171875 0.4583328125 0.5192703125 0.4481484375 0.5260421875 0.4379625 0.5291671874999999 0.4370375 0.5296875 0.4370375 0.5380203125 0.434259375 0.5119796875 0.33055625 0.49114531250000004 0.2870375
4 0.3755203125 0.9166671875000001 0.3677078125 0.9055562500000001 0.3671875 0.903703125 0.3583328125 0.9055562500000001 0.3541671875 0.9175921875 0.3541671875 0.9324078124999999 0.3552078125 0.9444437499999999 0.3609375 0.946296875 0.371875 0.9388890625 0.3755203125 0.9361109375
4 0.42760468749999997 0.9388890625 0.4265625 0.9379625 0.4203125 0.9379625 0.4125 0.9388890625 0.4036453125 0.946296875 0.3979171875 0.9546296875 0.3921875 0.9648140625 0.40520781250000004 0.9740734375000001 0.415625 0.9740734375000001 0.41770781250000005 0.96851875 0.4359375 0.9666671875 0.4359375 0.9518515624999999