4 0.41302031250000004 0.8675921875 0.40989531250000005 0.852778125 0.40677031250000006 0.8351859375 0.4015625 0.822221875 0.39375 0.8101859375 0.38125 0.825 0.3692703125 0.8305562500000001 0.3625 0.8314812500000001 0.3526046875 0.8379625 0.3458328125 0.853703125 0.34375 0.8722218749999999 0.3458328125 0.8861109375 0.35625 0.89444375 0.3661453125 0.8981484375000001 0.3739578125 0.9018515624999999 0.409375 0.89444375 0.41354218749999994 0.8861109375
4 0.6104171875 0.7518515625 0.59375 0.7388890625 0.5927078125 0.7388890625 0.5833328125 0.746296875 0.5838546874999999 0.7601859375 0.5822921875 0.778703125 0.5854171874999999 0.7935187499999999 0.596875 0.7888890625 0.6041671875 0.784259375 0.6208328125 0.7824078125 0.6171875 0.7601859375
4 0.7265625 0.9984375 0.7098953125 0.9398140625 0.6989578125 0.9398140625 0.6895828125000001 0.9370375 0.684375 0.9333328125 0.6807296875 0.915740625 0.6776046874999999 0.9009265624999999 0.6760421875 0.8953703125000001 0.6645828125000001 0.89444375 0.6567703125000001 0.897221875 0.65625 0.90648125 0.653125 0.915740625 0.6453125 0.9083328125 0.6359375 0.90648125 0.6307296874999999 0.90648125 0.6239578125 0.9092593750000001 0.6177078125000001 0.915740625 0.6114578125000001 0.9231484375000001 0.6078125 0.9333328125 0.6072921874999999 0.9518515624999999 0.6104171875 0.9666671875 0.6145828125 0.9740734375000001 0.6234375 0.975 0.6265625 0.972221875 0.6322921874999999 0.978703125 0.63125 0.99444375 0.6328125 0.9984375 0.6385421874999999 0.9984375 0.6442703125 0.9984375
4 0.6453125 0.7638890625 0.6494796875 0.772221875 0.6625 0.7870375000000001 0.6640625 0.7981484375 0.6661453125000001 0.8074078124999999 0.6671875 0.8157406249999999 0.6635421874999999 0.8296296875 0.6635421874999999 0.8388890625000001 0.6645828125000001 0.852778125 0.6671875 0.8611109375 0.6713546874999999 0.8722218749999999 0.6744796875 0.88148125 0.6786453125 0.890740625 0.6833328125 0.903703125 0.6859375 0.9138890625 0.6901046875 0.922221875 0.6953125 0.927778125 0.7057296875 0.922221875 0.65 0.71851875 0.6473953125 0.7268515625 0.6458328125 0.7361109375 0.6453125 0.75
4 0.44166718749999995 0.2740734375 0.44479218749999994 0.2796296875 0.44895781250000005 0.28055625 0.4546875 0.2796296875 0.45885468749999997 0.278703125 0.45677031250000005 0.28148125 0.45364531250000006 0.2870375 0.45104218749999997 0.29351875 0.45104218749999997 0.2981484375 0.4635421875 0.3018515625 0.4671875 0.297221875 0.471875 0.2888890625 0.4765625 0.284259375 0.47552031250000004 0.28981406249999997 0.4739578125 0.297221875 0.47552031250000004 0.303703125 0.47760468749999996 0.30555625000000003 0.484375 0.3083328125 0.48854218749999995 0.30740781250000004 0.49322968749999996 0.30462968749999997 0.49375 0.3101859375 0.49583281250000005 0.30648125 0.49791718749999997 0.29907343750000004 0.49947968749999994 0.29444375 0.4713546875 0.26203750000000003 0.45260468749999994 0.2518515625 0.44947968749999995 0.25555625000000004 0.446875 0.2601859375 0.4421875 0.265740625
4 0.503125 0.327778125 0.5010421875 0.32037031250000003 0.49635468749999995 0.31759218749999996 0.490625 0.31851875 0.48802031250000005 0.325 0.4875 0.3296296875 0.49166718749999994 0.3388890625 0.49947968749999994 0.34444375 0.5057296874999999 0.347221875 0.5114578125 0.35 0.5177078125000001 0.352778125 0.5213546874999999 0.3583328125 0.525 0.36574062500000004 0.5239578125000001 0.3731484375 0.525 0.37777812499999996 0.5270828125 0.3879625 0.5276046875 0.39351875000000003 0.5260421875 0.4018515625 0.528125 0.4111109375 0.534375 0.4120375 0.5380203125 0.40555624999999995 0.5385421874999999 0.3981484375 0.5375 0.3888890625 0.5416671875 0.37870312500000003 0.5473953125000001 0.3675921875 0.5401046875 0.3481484375 0.5203125 0.3231484375 0.5166671875 0.32592656249999996 0.5135421874999999 0.328703125 0.5104171875 0.33055625
4 0.4088546875 0.2833328125 0.4171875 0.30555625000000003 0.41822968749999995 0.34444375 0.41614531250000003 0.3509265625 0.42291718749999996 0.346296875 0.4265625 0.34351875 0.42760468749999997 0.3361109375 0.42760468749999997 0.327778125 0.42864531250000004 0.31944374999999997 0.42760468749999997 0.31111093749999996 0.42916718749999994 0.3018515625 0.42864531250000004 0.29351875 0.4270828125 0.284259375 0.42395781250000003 0.277778125 0.42083281250000004 0.26944375 0.42604218749999995 0.2638890625 0.43020781250000006 0.26759218749999997 0.434375 0.26944375 0.43854218749999996 0.2666671875 0.440625 0.26203750000000003 0.4421875 0.25370312500000003 0.446875 0.2518515625 0.45104218749999997 0.2518515625 0.4192703125 0.23611093749999998 0.403125 0.2583328125
4 0.4875 0.50648125 0.48333281250000004 0.49537031249999997 0.47604218749999994 0.49351874999999995 0.46927031250000006 0.497221875 0.4635421875 0.5138890625 0.4635421875 0.5185187499999999 0.465625 0.53148125 0.4713546875 0.5379625 0.47447968749999997 0.5370375000000001 0.4895828125 0.527778125 0.48854218749999995 0.5203703125
4 0.4796875 0.6898140625 0.47291718749999995 0.68148125 0.46510468749999995 0.6768515625 0.45729218749999995 0.6629625 0.44895781250000005 0.653703125 0.43958281250000003 0.653703125 0.428125 0.6638890625 0.42916718749999994 0.68055625 0.4390625 0.6861109375 0.440625 0.702778125 0.43385468749999995 0.709259375 0.42916718749999994 0.7240734375 0.4348953125 0.7388890625 0.44583281250000006 0.7379625 0.45364531250000006 0.7333328125 0.45885468749999997 0.7203703124999999 0.4734375 0.721296875 0.4796875 0.7074078125
4 0.4734375 0.821296875 0.45677031250000005 0.8175921875000001 0.4479171875 0.8361109375 0.4505203125 0.8611109375 0.4625 0.8546296874999999 0.48385468749999994 0.8648140625 0.4875 0.8425921875
4 0.3380203125 0.615740625 0.3302078125 0.63148125 0.3390625 0.6453703125 0.346875 0.65555625 0.3578125 0.6675921875 0.3671875 0.6638890625 0.3713546875 0.6425921875 0.3755203125 0.6259265625 0.3776046875 0.625 0.375 0.603703125 0.3682296875 0.6 0.3578125 0.6101859375 0.3479171875 0.6148140625
4 0.47864531250000003 0.565740625 0.46770781250000004 0.5601859375 0.45625 0.5638890625 0.44895781250000005 0.5833328125 0.44895781250000005 0.60555625 0.45208281250000004 0.625 0.45729218749999995 0.6435187499999999 0.4661453125 0.6305562499999999 0.471875 0.6148140625 0.48229218749999997 0.5898140625 0.48333281250000004 0.5861109375
4 0.49114531250000004 0.3888890625 0.49322968749999996 0.36851875 0.49010468749999997 0.35 0.48489531250000006 0.33518593750000003 0.47864531250000003 0.32037031250000003 0.47083281250000003 0.3120375 0.4583328125 0.3129625 0.44427031250000004 0.3148140625 0.43854218749999996 0.31851875 0.4359375 0.3370375 0.43177031250000003 0.35648124999999997 0.428125 0.3703703125 0.425 0.3833328125 0.43072968749999996 0.396296875 0.4401046875 0.3916671875 0.4505203125 0.3796296875 0.45729218749999995 0.37870312500000003 0.46770781250000004 0.3648140625 0.46979218749999996 0.35740781250000003 0.48020781250000005 0.3898140625 0.48125 0.390740625
4 0.253125 0.9984375 0.2651046875 0.9916671875 0.2583328125 0.9675921875 0.2484375 0.959259375 0.2286453125 0.9425921875000001 0.2333328125 0.9231484375000001 0.240625 0.903703125 0.2557296875 0.8861109375 0.2723953125 0.86944375 0.2869796875 0.852778125 0.2979171875 0.825 0.3088546875 0.7953703125 0.3135421875 0.7666671875 0.3161453125 0.7425921875 0.3161453125 0.7138890625000001 0.3119796875 0.690740625 0.303125 0.6731484375 0.1822921875 0.9984375
4 0.41197968749999997 0.672221875 0.40416718749999997 0.6611109374999999 0.3984375 0.6435187499999999 0.3989578125 0.6222218749999999 0.3989578125 0.603703125 0.3911453125 0.6046296875 0.3859375 0.6222218749999999 0.3817703125 0.6370375 0.378125 0.652778125 0.378125 0.6703703125 0.3760421875 0.6861109375 0.365625 0.7 0.3645828125 0.7083328125 0.3723953125 0.721296875 0.3807296875 0.722221875 0.3869796875 0.7166671874999999 0.3864578125 0.7046296875 0.40520781250000004 0.6870375 0.4109375 0.6879625