4 0.2791671875 0.9601859375 0.2791671875 0.9509265625 0.2807296875 0.9416671875 0.2791671875 0.93148125 0.2744796875 0.922221875 0.26875 0.9203703125 0.2635421875 0.9240734375 0.2583328125 0.928703125 0.253125 0.9324078124999999 0.2505203125 0.9425921875000001 0.2536453125 0.953703125 0.2609375 0.9638890625000001 0.2640625 0.9694437499999999 0.2729171875 0.9796296874999999 0.2760421875 0.9703703125
4 0.3067703125 0.86944375 0.3083328125 0.8601859375 0.309375 0.8490734375000001 0.3057296875 0.8416671875 0.3 0.8388890625000001 0.2953125 0.834259375 0.2885421875 0.8324078125 0.2838546875 0.8379625 0.2796875 0.8425921875 0.2744796875 0.846296875 0.26875 0.847221875 0.2619796875 0.8490734375000001 0.2572921875 0.852778125 0.2661453125 0.8583328124999999 0.2838546875 0.8731484375 0.2875 0.8777781250000001 0.2942703125 0.8768515625 0.3 0.8740734375000001
4 0.3223953125 0.7990734374999999 0.3265625 0.7925921875 0.3291671875 0.7851859375 0.3307296875 0.777778125 0.3322921875 0.7685187499999999 0.3317703125 0.759259375 0.3255203125 0.7583328125000001 0.3203125 0.7574078125 0.315625 0.7546296875 0.3109375 0.7546296875 0.3140625 0.778703125 0.3135421875 0.7870375000000001 0.3135421875 0.7953703125 0.3182296875 0.8
4 0.3255203125 0.7342593749999999 0.3265625 0.7268515625 0.3255203125 0.7166671874999999 0.3239578125 0.7074078125 0.3234375 0.6981484375 0.3197921875 0.6925921875000001 0.3145828125 0.6925921875000001 0.3114578125 0.6990734375 0.3083328125 0.70555625 0.3098953125 0.725 0.3140625 0.727778125 0.3161453125 0.7333328125 0.3208328125 0.7379625
4 0.4484375 0.9984375 0.45416718749999996 0.9925921875 0.4557296875 0.977778125 0.46145781250000006 0.9675921875 0.46979218749999996 0.9601859375 0.47291718749999995 0.9444437499999999 0.471875 0.9305562500000001 0.46666718749999997 0.915740625 0.45677031250000005 0.9148140625 0.4505203125 0.9203703125 0.4421875 0.9203703125 0.43385468749999995 0.915740625 0.425 0.9175921875 0.41770781250000005 0.925 0.4140625 0.9370375 0.4125 0.9518515624999999 0.41197968749999997 0.9657406249999999 0.41458281250000006 0.9824078125 0.42135468749999994 0.9984375
4 0.3609375 0.8657406249999999 0.3671875 0.8657406249999999 0.3739578125 0.86851875 0.38125 0.8703703125000001 0.3875 0.8703703125000001 0.3953125 0.8703703125000001 0.40416718749999997 0.8722218749999999 0.4109375 0.875 0.41770781250000005 0.8768515625 0.42291718749999996 0.8768515625 0.43177031250000003 0.8722218749999999 0.43645781250000004 0.8657406249999999 0.43854218749999996 0.853703125 0.4390625 0.8407406249999999 0.4401046875 0.828703125 0.44375 0.81851875 0.44583281250000006 0.8101859375 0.4484375 0.8083328125 0.45520781250000003 0.8120375 0.45989531250000004 0.8101859375 0.46197968749999996 0.8009265624999999 0.46197968749999996 0.7953703125 0.4578125 0.7824078125 0.45416718749999996 0.775 0.4515625 0.772221875 0.4453125 0.7620375 0.440625 0.7629625 0.4359375 0.7666671875 0.43125 0.7703703125 0.42760468749999997 0.7703703125 0.42083281250000004 0.7629625 0.41614531250000003 0.7601859375 0.4125 0.7583328125000001 0.40729218749999996 0.7527781250000001 0.403125 0.7518515625 0.3979171875 0.7555562499999999 0.3927078125 0.7546296875 0.390625 0.75 0.3833328125 0.75 0.3786453125 0.75 0.3739578125 0.75 0.36875 0.7527781250000001 0.3666671875 0.7620375 0.3671875 0.771296875 0.3692703125 0.777778125 0.3723953125 0.784259375 0.378125 0.7888890625 0.38125 0.7953703125 0.3791671875 0.803703125 0.3744796875 0.8055562500000001 0.3692703125 0.8009265624999999 0.3651046875 0.7981484375 0.3609375 0.796296875 0.3572921875 0.7953703125 0.3510421875 0.79444375 0.346875 0.796296875 0.3421875 0.7981484375 0.3385421875 0.8018515624999999 0.3354171875 0.8092593750000001 0.3328125 0.8157406249999999 0.3302078125 0.822221875 0.3296875 0.8305562500000001 0.3302078125 0.8379625 0.3390625 0.846296875 0.3442703125 0.853703125 0.3473953125 0.8648140625 0.3541671875 0.8657406249999999
4 0.428125 0.7416671874999999 0.43177031250000003 0.746296875 0.43645781250000004 0.7490734375 0.4421875 0.7509265625 0.4484375 0.7509265625 0.4515625 0.7472218749999999 0.45677031250000005 0.74351875 0.46197968749999996 0.740740625 0.4661453125 0.7379625 0.46979218749999996 0.7388890625 0.47552031250000004 0.7398140625 0.48125 0.7388890625 0.4859375 0.7388890625 0.490625 0.740740625 0.4953125 0.7379625 0.49583281250000005 0.73055625 0.49583281250000005 0.7240734375 0.4947921875 0.7120375 0.4921875 0.703703125 0.48802031250000005 0.7018515625 0.484375 0.7046296875 0.47864531250000003 0.7074078125 0.4739578125 0.702778125 0.46979218749999996 0.6990734375 0.46770781250000004 0.6916671875 0.46770781250000004 0.6833328125 0.46666718749999997 0.6740734374999999 0.46510468749999995 0.6666671875 0.4635421875 0.6620375000000001 0.45885468749999997 0.65555625 0.45416718749999996 0.6546296875000001 0.44947968749999995 0.6546296875000001 0.4453125 0.6574078125 0.44166718749999995 0.6638890625 0.43958281250000003 0.671296875 0.4359375 0.677778125 0.4328125 0.684259375 0.4322921875 0.69351875 0.42864531250000004 0.697221875 0.42395781250000003 0.697221875 0.42395781250000003 0.7111109375 0.42395781250000003 0.71851875 0.42604218749999995 0.725 0.4265625 0.7342593749999999
4 0.421875 0.68148125 0.4265625 0.6740734374999999 0.42760468749999997 0.6648140625 0.42760468749999997 0.652778125 0.43020781250000006 0.6425921875 0.4359375 0.6361109375 0.44114531250000005 0.6324078125 0.44635468749999996 0.6305562499999999 0.453125 0.6277781250000001 0.4583328125 0.6240734375 0.46458281250000005 0.6222218749999999 0.46979218749999996 0.6203703125 0.47708281250000006 0.61851875 0.4828125 0.6148140625 0.48541718749999996 0.60555625 0.4859375 0.5953703124999999 0.48333281250000004 0.584259375 0.4791671875 0.5796296875 0.47604218749999994 0.56944375 0.4796875 0.5648140625 0.48645781250000003 0.5648140625 0.49010468749999997 0.5574078124999999 0.49322968749999996 0.540740625 0.49322968749999996 0.5324078125 0.4875 0.525 0.48020781250000005 0.527778125 0.4734375 0.534259375 0.471875 0.55 0.4703125 0.546296875 0.46979218749999996 0.5351859375 0.4661453125 0.5231484375 0.46145781250000006 0.5138890625 0.45416718749999996 0.5240734375 0.45364531250000006 0.528703125 0.453125 0.5490734374999999 0.4546875 0.55648125 0.4578125 0.5666671875 0.46302031250000003 0.56944375 0.46822968749999994 0.5796296875 0.4671875 0.5898140625 0.4640625 0.597221875 0.4583328125 0.6 0.45260468749999994 0.6018515625 0.4479171875 0.60555625 0.4401046875 0.6111109375 0.4348953125 0.6175921875 0.43177031250000003 0.6259265625 0.42864531250000004 0.621296875 0.4244796875 0.6083328125 0.428125 0.597221875 0.42760468749999997 0.5870375 0.42395781250000003 0.584259375 0.41614531250000003 0.5870375 0.409375 0.5870375 0.40260468749999995 0.5824078125 0.3942703125 0.5824078125 0.3885421875 0.59444375 0.3869796875 0.602778125 0.3921875 0.6138890625 0.396875 0.6148140625 0.40416718749999997 0.6166671874999999 0.40416718749999997 0.6259265625 0.4036453125 0.6351859375 0.3973953125 0.634259375 0.390625 0.6277781250000001 0.3833328125 0.6268515625 0.3776046875 0.6407406250000001 0.375 0.65 0.3755203125 0.6638890625 0.378125 0.677778125 0.3833328125 0.6824078124999999 0.384375 0.6824078124999999 0.3963546875 0.6870375 0.4010421875 0.6870375 0.4046875 0.6870375 0.41354218749999994 0.6851859375
4 0.4453125 0.47222187499999996 0.44895781250000005 0.471296875 0.45208281250000004 0.471296875 0.45520781250000003 0.46944375000000005 0.4583328125 0.46666718749999997 0.45989531250000004 0.4611109375 0.46197968749999996 0.45648125000000006 0.46458281250000005 0.453703125 0.46770781250000004 0.4518515625 0.4703125 0.44907343749999995 0.47291718749999995 0.45277812500000003 0.47447968749999997 0.4583328125 0.47708281250000006 0.4629625 0.48020781250000005 0.4629625 0.4828125 0.4583328125 0.48541718749999996 0.45462968750000005 0.4859375 0.44907343749999995 0.48541718749999996 0.44351874999999996 0.48333281250000004 0.4379625 0.48229218749999997 0.43333281250000005 0.4817703125 0.427778125 0.48229218749999997 0.421296875 0.4828125 0.41574062500000003 0.4828125 0.4111109375 0.4828125 0.40462968750000006 0.4796875 0.40277812500000004 0.47760468749999996 0.40277812500000004 0.475 0.4101859375 0.47239531250000005 0.41481406249999997 0.46979218749999996 0.41851874999999994 0.4671875 0.421296875 0.4640625 0.4240734375 0.4609375 0.427778125 0.4578125 0.43148125000000004 0.4546875 0.43333281250000005 0.45208281250000004 0.43333281250000005 0.4479171875 0.4324078125 0.44739531250000003 0.4370375 0.44114531250000005 0.45277812500000003 0.440625 0.4583328125 0.4401046875 0.4638890625 0.44166718749999995 0.46944375000000005
4 0.459375 0.3796296875 0.46145781250000006 0.38055625000000004 0.4635421875 0.38148125 0.4661453125 0.3824078125 0.46822968749999994 0.3824078125 0.46979218749999996 0.3824078125 0.47239531250000005 0.38148125 0.4739578125 0.38148125 0.47604218749999994 0.38148125 0.478125 0.38148125 0.48072968749999995 0.38148125 0.4828125 0.38148125 0.484375 0.37870312500000003 0.48541718749999996 0.3759265625 0.4859375 0.37129687499999997 0.4859375 0.3675921875 0.4869796875 0.36296249999999997 0.4869796875 0.3601859375 0.48645781250000003 0.35555625 0.48645781250000003 0.352778125 0.48645781250000003 0.3509265625 0.4859375 0.3453703125 0.4859375 0.3425921875 0.48489531250000006 0.3388890625 0.48385468749999994 0.33518593750000003 0.48333281250000004 0.33148125 0.4828125 0.327778125 0.48229218749999997 0.3240734375 0.48229218749999997 0.32037031250000003 0.4817703125 0.31759218749999996 0.48020781250000005 0.31388906250000004 0.4791671875 0.3129625 0.47708281250000006 0.3120375 0.47552031250000004 0.3129625 0.4734375 0.3148140625 0.471875 0.3166671875 0.46979218749999996 0.31944374999999997 0.46875 0.322221875 0.4671875 0.325 0.4671875 0.328703125 0.46770781250000004 0.3324078125 0.46770781250000004 0.3370375 0.46666718749999997 0.3398140625 0.46458281250000005 0.340740625 0.4625 0.340740625 0.4609375 0.34351875 0.46145781250000006 0.347221875 0.4625 0.3509265625 0.46145781250000006 0.353703125 0.45989531250000004 0.35555625 0.4578125 0.35555625 0.4557296875 0.35555625 0.453125 0.35648124999999997 0.4515625 0.359259375 0.4505203125 0.36296249999999997 0.4505203125 0.3666671875 0.45 0.3703703125 0.45 0.37870312500000003 0.45208281250000004 0.37777812499999996 0.45416718749999996 0.37870312500000003 0.45677031250000005 0.3796296875
4 0.5197921875 0.875 0.5213546874999999 0.8851859375 0.5234375 0.8916671875000001 0.5265625 0.896296875 0.5328125 0.897221875 0.5369796874999999 0.8925921875 0.5364578125 0.8851859375 0.5348953125 0.8777781250000001 0.5369796874999999 0.86944375 0.5385421874999999 0.8611109375 0.5411453125000001 0.8546296874999999 0.5447921874999999 0.85 0.5494796875 0.846296875 0.5536453125 0.8425921875 0.5583328125 0.8416671875 0.5625 0.8416671875 0.5671875 0.8416671875 0.5713546875 0.846296875 0.5770828125 0.8490734375000001 0.5817703125 0.846296875 0.5864578125000001 0.8425921875 0.590625 0.8351859375 0.5916671874999999 0.8268515624999999 0.5947921875 0.821296875 0.6 0.81851875 0.6057296875 0.8166671875 0.6104171875 0.8157406249999999 0.6145828125 0.8138890625 0.6161453125 0.80648125 0.615625 0.8 0.6135421875 0.7916671875 0.6119796875 0.7851859375 0.6083328125 0.78055625 0.603125 0.777778125 0.5973953125 0.777778125 0.5942703125000001 0.7768515625 0.5895828125 0.76944375 0.584375 0.7648140625 0.5791671875 0.7629625 0.5744796875 0.7675921875 0.5697921874999999 0.7703703125 0.5651046875 0.7703703125 0.5604171874999999 0.7703703125 0.5567703125000001 0.775 0.5515625 0.78148125 0.5479171875 0.7851859375 0.5463546874999999 0.7925921875 0.5453125 0.8009265624999999 0.5453125 0.8083328125 0.5458328125 0.8166671875 0.5453125 0.825 0.5432296875 0.8324078125 0.5385421874999999 0.8351859375 0.5333328125000001 0.8379625 0.5302078125 0.8379625 0.5244796875 0.8361109375 0.5203125 0.8407406249999999 0.5171875 0.8444437499999999 0.5161453125000001 0.8518515624999999 0.5161453125000001 0.8583328124999999 0.5177078125000001 0.8675921875
4 0.5442703125 0.603703125 0.5401046875 0.6046296875 0.5359375 0.6083328125 0.5322921875 0.6101859375 0.5286453125 0.6120375 0.525 0.6148140625 0.5223953125 0.6203703125 0.5208328125 0.628703125 0.5208328125 0.6351859375 0.521875 0.6416671875 0.525 0.6490734375 0.5270828125 0.65648125 0.5291671874999999 0.6611109374999999 0.5338546875 0.6648140625 0.5375 0.665740625 0.5416671875 0.6648140625 0.5453125 0.6620375000000001 0.5489578125000001 0.6583328125000001 0.553125 0.653703125 0.5583328125 0.6509265625 0.5609375 0.6546296875000001 0.5604171874999999 0.6620375000000001 0.5614578125 0.671296875 0.5651046875 0.675 0.5677078125 0.6796296875000001 0.5692703125 0.6870375 0.5744796875 0.7231484375 0.5786453125000001 0.75 0.5932296874999999 0.7425921875 0.5838546874999999 0.6898140625 0.5796875 0.678703125 0.5776046874999999 0.6685187499999999 0.5776046874999999 0.6620375000000001 0.578125 0.6518515625 0.578125 0.6453703125 0.5765625 0.6370375 0.5734375 0.6305562499999999 0.5723953125000001 0.6231484375 0.5713546875 0.6148140625 0.5708328125000001 0.6074078125 0.56875 0.59444375 0.565625 0.5916671874999999 0.5609375 0.590740625 0.5572921875 0.5861109375 0.5541671874999999 0.5870375 0.55 0.590740625 0.546875 0.596296875
4 0.5135421874999999 0.4509265625 0.5166671875 0.44907343749999995 0.51875 0.4481484375 0.521875 0.4481484375 0.525 0.4481484375 0.5276046875 0.4481484375 0.5302078125 0.4481484375 0.5328125 0.447221875 0.5359375 0.4453703125 0.5375 0.44444375 0.540625 0.440740625 0.5416671875 0.43611093749999996 0.5416671875 0.43148125000000004 0.540625 0.4268515625 0.5401046875 0.4240734375 0.5385421874999999 0.41759218750000004 0.5380203125 0.4120375 0.5375 0.40833281250000003 0.5354171875 0.40462968750000006 0.5338546875 0.4009265625 0.53125 0.3981484375 0.5286453125 0.3981484375 0.5260421875 0.4018515625 0.5244796875 0.40648125 0.5239578125000001 0.4111109375 0.5229171874999999 0.41481406249999997 0.5213546874999999 0.42037031249999995 0.5182296875 0.4231484375 0.5161453125000001 0.4240734375 0.5130203125 0.42592656250000005 0.509375 0.42592656250000005 0.5067703125 0.4240734375 0.5046875 0.4240734375 0.5005203125000001 0.4240734375 0.4984375 0.4268515625 0.49947968749999994 0.43148125000000004 0.5015625 0.45 0.5036453125 0.4481484375 0.50625 0.44907343749999995 0.509375 0.4509265625
4 0.503125 0.38703750000000003 0.5057296874999999 0.38703750000000003 0.5083328125000001 0.38703750000000003 0.5109375 0.3861109375 0.5125 0.38425937499999996 0.5135421874999999 0.38425937499999996 0.5166671875 0.3833328125 0.51875 0.3851859375 0.5208328125 0.38703750000000003 0.5229171874999999 0.38703750000000003 0.5255203125000001 0.3879625 0.528125 0.3879625 0.5302078125 0.3861109375 0.53125 0.3833328125 0.5302078125 0.38055625000000004 0.5291671874999999 0.3768515625 0.5286453125 0.3740734375 0.528125 0.3703703125 0.5270828125 0.3666671875 0.5260421875 0.3638890625 0.525 0.3611109375 0.5234375 0.35740781250000003 0.5213546874999999 0.35648124999999997 0.5203125 0.3583328125 0.5197921875 0.3611109375 0.51875 0.36574062500000004 0.5166671875 0.36574062500000004 0.515625 0.36296249999999997 0.5140625 0.3611109375 0.5119796875 0.3611109375 0.5098953125000001 0.3611109375 0.5078125 0.3620375 0.50625 0.3620375 0.503125 0.36296249999999997 0.5020828125000001 0.3675921875 0.5 0.3675921875 0.4973953125 0.3675921875 0.4953125 0.3675921875 0.49322968749999996 0.36851875 0.4921875 0.37222187500000004 0.49322968749999996 0.3759265625 0.4953125 0.3861109375 0.496875 0.3851859375 0.49895781250000004 0.3851859375 0.5005203125000001 0.3861109375
4 0.4296875 0.30740781250000004 0.43020781250000006 0.30555625000000003 0.43072968749999996 0.302778125 0.43125 0.3 0.43125 0.29907343750000004 0.4328125 0.2953703125 0.43333281250000005 0.29444375 0.434375 0.2916671875 0.43385468749999995 0.2888890625 0.4348953125 0.2879625 0.43645781250000004 0.2879625 0.4375 0.2879625 0.4390625 0.2879625 0.440625 0.28981406249999997 0.440625 0.2916671875 0.44114531250000005 0.29444375 0.44166718749999995 0.296296875 0.4427078125 0.29907343750000004 0.44322968749999997 0.3009265625 0.44427031250000004 0.3018515625 0.4453125 0.302778125 0.44739531250000003 0.302778125 0.4484375 0.3009265625 0.4484375 0.2981484375 0.4484375 0.296296875 0.4484375 0.29351875 0.4479171875 0.29074062500000003 0.44739531250000003 0.2879625 0.4479171875 0.2861109375 0.44895781250000005 0.2861109375 0.44895781250000005 0.2879625 0.45 0.29074062500000003 0.45 0.29351875 0.4505203125 0.2953703125 0.45104218749999997 0.2981484375 0.45208281250000004 0.29907343750000004 0.45364531250000006 0.29907343750000004 0.4546875 0.29907343750000004 0.45625 0.2981484375 0.4578125 0.296296875 0.4583328125 0.29444375 0.45885468749999997 0.2916671875 0.45989531250000004 0.28981406249999997 0.4609375 0.2888890625 0.46197968749999996 0.2870375 0.4625 0.2851859375 0.46302031250000003 0.2833328125 0.46302031250000003 0.28148125 0.4635421875 0.2796296875 0.46510468749999995 0.2796296875 0.4661453125 0.2796296875 0.4671875 0.277778125 0.46666718749999997 0.275 0.46666718749999997 0.2731484375 0.465625 0.271296875 0.46510468749999995 0.26944375 0.46458281250000005 0.26759218749999997 0.4640625 0.2638890625 0.46458281250000005 0.26203750000000003 0.465625 0.2601859375 0.465625 0.2583328125 0.465625 0.25555625000000004 0.46510468749999995 0.2546296875 0.434375 0.24351875 0.43125 0.24444375 0.43072968749999996 0.24444375 0.43072968749999996 0.246296875 0.43020781250000006 0.247221875 0.4296875 0.24814843749999999 0.42864531250000004 0.24814843749999999 0.42864531250000004 0.24907343750000002 0.428125 0.24907343750000002 0.4270828125 0.25 0.42552031250000005 0.25 0.425 0.25 0.4244796875 0.25 0.4234375 0.25 0.42291718749999996 0.25 0.42239531250000006 0.25 0.42135468749999994 0.25 0.42083281250000004 0.25 0.4203125 0.24907343750000002 0.41979218749999997 0.24907343750000002 0.41822968749999995 0.24814843749999999 0.41770781250000005 0.24814843749999999 0.4171875 0.24814843749999999 0.41614531250000003 0.24814843749999999 0.415625 0.24814843749999999 0.41510468749999996 0.24907343750000002 0.41302031250000004 0.2509265625 0.4109375 0.25648125 0.4270828125 0.28148125 0.42552031250000005 0.30648125 0.42604218749999995 0.3129625 0.4270828125 0.3120375 0.428125 0.31111093749999996 0.42864531250000004 0.309259375
4 0.4546875 0.3083328125 0.45625 0.309259375 0.45989531250000004 0.309259375 0.46197968749999996 0.309259375 0.46458281250000005 0.3083328125 0.4661453125 0.30740781250000004 0.46770781250000004 0.30555625000000003 0.46875 0.302778125 0.46927031250000006 0.3 0.47083281250000003 0.3018515625 0.47083281250000003 0.30462968749999997 0.4713546875 0.3083328125 0.47291718749999995 0.309259375 0.475 0.30740781250000004 0.47447968749999997 0.302778125 0.47447968749999997 0.3 0.4734375 0.297221875 0.47291718749999995 0.29444375 0.47291718749999995 0.29074062500000003 0.47447968749999997 0.2888890625 0.47552031250000004 0.28981406249999997 0.47708281250000006 0.29351875 0.478125 0.296296875 0.4791671875 0.2981484375 0.48072968749999995 0.29907343750000004 0.48229218749999997 0.3009265625 0.48385468749999994 0.302778125 0.48541718749999996 0.303703125 0.4869796875 0.302778125 0.48802031250000005 0.30555625000000003 0.48645781250000003 0.30740781250000004 0.4859375 0.309259375 0.4859375 0.31388906250000004 0.4859375 0.315740625 0.48489531250000006 0.32037031250000003 0.48489531250000006 0.3231484375 0.48541718749999996 0.325 0.4859375 0.32592656249999996 0.48854218749999995 0.328703125 0.4895828125 0.328703125 0.4921875 0.328703125 0.49427031250000003 0.328703125 0.49583281250000005 0.328703125 0.4984375 0.328703125 0.49427031250000003 0.3370375 0.49583281250000005 0.3398140625 0.496875 0.3425921875 0.49791718749999997 0.346296875 0.4984375 0.3509265625 0.5 0.35555625 0.5015625 0.35648124999999997 0.5052078125 0.35648124999999997 0.5067703125 0.353703125 0.5067703125 0.35 0.5067703125 0.346296875 0.5083328125000001 0.3416671875 0.5104171875 0.3388890625 0.5119796875 0.33518593750000003 0.5140625 0.33148125 0.5177078125000001 0.327778125 0.46979218749999996 0.25648125 0.47239531250000005 0.2629625 0.47291718749999995 0.265740625 0.47291718749999995 0.26851875000000003 0.47239531250000005 0.26944375 0.4713546875 0.271296875 0.4703125 0.2731484375 0.46927031250000006 0.275 0.46822968749999994 0.2768515625 0.4671875 0.278703125 0.4661453125 0.2796296875 0.465625 0.2824078125 0.46458281250000005 0.2824078125 0.4635421875 0.2851859375 0.4635421875 0.2870375 0.4635421875 0.28981406249999997 0.4635421875 0.2916671875 0.4625 0.29351875 0.46145781250000006 0.2953703125 0.46041718749999994 0.297221875 0.45625 0.3009265625 0.45520781250000003 0.3018515625 0.45364531250000006 0.303703125 0.453125 0.30648125