4 0.453125 0.959259375 0.44375 0.946296875 0.42864531250000004 0.9453703125 0.41979218749999997 0.9555562500000001 0.41770781250000005 0.9657406249999999 0.42135468749999994 0.984259375 0.42864531250000004 0.99351875 0.43541718749999997 0.9984375 0.45260468749999994 0.978703125 0.453125 0.9759265625
4 0.42135468749999994 0.7685187499999999 0.41822968749999995 0.7527781250000001 0.40833281250000003 0.753703125 0.40052031250000003 0.7629625 0.396875 0.7796296875000001 0.396875 0.797221875 0.403125 0.8111109375 0.40989531250000005 0.8148140625 0.4192703125 0.790740625 0.4192703125 0.7861109374999999
4 0.45677031250000005 0.6351859375 0.4609375 0.6194437500000001 0.46041718749999994 0.6009265625 0.45208281250000004 0.5953703124999999 0.44375 0.6111109375 0.43541718749999997 0.61851875 0.4270828125 0.6268515625 0.4265625 0.6490734375 0.4348953125 0.6648140625 0.43645781250000004 0.6824078124999999 0.43697968749999994 0.6990734375 0.44479218749999994 0.702778125 0.453125 0.671296875 0.453125 0.652778125
4 0.49635468749999995 0.5740734375 0.4875 0.55555625 0.4791671875 0.5574078124999999 0.47239531250000005 0.56944375 0.46875 0.5879624999999999 0.46979218749999996 0.6083328125 0.46979218749999996 0.6222218749999999 0.4734375 0.6388890625 0.48020781250000005 0.6416671875 0.49166718749999994 0.60555625 0.49635468749999995 0.5916671874999999
4 0.46197968749999996 0.534259375 0.4515625 0.5435187499999999 0.44583281250000006 0.559259375 0.4479171875 0.5768515625 0.45520781250000003 0.5814812500000001 0.46822968749999994 0.5675921875000001 0.46770781250000004 0.5481484375
4 0.43697968749999994 0.4981484375 0.42760468749999997 0.5129625 0.4234375 0.527778125 0.42604218749999995 0.54444375 0.434375 0.5481484375 0.440625 0.53148125 0.44322968749999997 0.5111109375
4 0.49010468749999997 0.40833281250000003 0.490625 0.39259218749999997 0.49010468749999997 0.3740734375 0.48854218749999995 0.3546296875 0.48333281250000004 0.33518593750000003 0.48020781250000005 0.3148140625 0.47708281250000006 0.3009265625 0.4703125 0.2870375 0.46197968749999996 0.275 0.45260468749999994 0.2666671875 0.4484375 0.2824078125 0.453125 0.29907343750000004 0.45625 0.31944374999999997 0.45677031250000005 0.3370375 0.45364531250000006 0.352778125 0.45104218749999997 0.3731484375 0.44583281250000006 0.39351875000000003 0.44583281250000006 0.40833281250000003 0.45104218749999997 0.42222187499999997 0.46041718749999994 0.43055625 0.4671875 0.440740625 0.46666718749999997 0.4611109375 0.46510468749999995 0.47777812500000005 0.47291718749999995 0.4851859375 0.4869796875 0.44351874999999996 0.4869796875 0.42592656250000005
4 0.49375 0.3240734375 0.49947968749999994 0.3453703125 0.5057296874999999 0.35555625 0.5109375 0.36851875 0.5098953125000001 0.3861109375 0.5057296874999999 0.3981484375 0.5114578125 0.40740781249999997 0.5166671875 0.42222187499999997 0.5197921875 0.43611093749999996 0.5265625 0.453703125 0.5223953125 0.4638890625 0.5192703125 0.475 0.5244796875 0.4861109375 0.5270828125 0.497221875 0.5322921875 0.5101859375 0.5296875 0.528703125 0.5333328125000001 0.546296875 0.5401046875 0.55648125 0.5442703125 0.56944375 0.55625 0.6074078125 0.5515625 0.6203703125 0.5458328125 0.6259265625 0.5359375 0.6305562499999999 0.5260421875 0.6435187499999999 0.5265625 0.659259375 0.53125 0.671296875 0.5484375 0.684259375 0.5526046874999999 0.7018515625 0.5526046874999999 0.7175921875 0.5541671874999999 0.7351859375 0.565625 0.7342593749999999 0.5739578125 0.728703125 0.5848953125 0.71851875 0.5885421875 0.7203703124999999 0.5567703125000001 0.4629625 0.5083328125000001 0.31111093749999996 0.49114531250000004 0.26944375 0.48541718749999996 0.2731484375 0.4828125 0.2888890625 0.4869796875 0.30462968749999997
4 0.575 0.8638890625 0.5723953125000001 0.85 0.5640625 0.8444437499999999 0.5557296875 0.8444437499999999 0.5510421875 0.8611109375 0.5536453125 0.8731484375 0.559375 0.88055625 0.5703125 0.8879625000000001 0.5739578125 0.8777781250000001
4 0.5880203125000001 0.7879625 0.5838546874999999 0.7759265625 0.5802078125000001 0.7685187499999999 0.5729171875 0.7675921875 0.5661453125 0.7740734375 0.5635421875 0.7898140625 0.5625 0.8074078124999999 0.5703125 0.8148140625 0.575 0.8166671875 0.5901046875 0.8194437499999999 0.5890625 0.803703125
4 0.5401046875 0.7583328125000001 0.5354171875 0.759259375 0.5322921875 0.7740734375 0.5385421874999999 0.7898140625 0.5427078125 0.7861109374999999 0.546875 0.7796296875000001 0.5463546874999999 0.771296875