4 0.3359375 0.7935187499999999 0.3322921875 0.8 0.315625 0.79444375 0.3104171875 0.7731484375 0.296875 0.7861109374999999 0.2848953125 0.7888890625 0.2723953125 0.777778125 0.2520828125 0.8333328124999999 0.1901046875 0.9984375 0.2822921875 0.9984375 0.3270828125 0.8361109375
4 0.5052078125 0.9305562500000001 0.5072921874999999 0.8981484375000001 0.49895781250000004 0.8666671875 0.478125 0.8722218749999999 0.4661453125 0.8851859375 0.45104218749999997 0.8935187499999999 0.4427078125 0.93148125 0.49166718749999994 0.9768515624999999
4 0.40989531250000005 0.9648140625 0.42760468749999997 0.9638890625000001 0.4296875 0.9370375 0.43072968749999996 0.9 0.4265625 0.878703125 0.4125 0.8314812500000001 0.390625 0.8444437499999999 0.40208281250000005 0.8777781250000001 0.4046875 0.9101859375 0.40729218749999996 0.94351875
4 0.48854218749999995 0.3166671875 0.48333281250000004 0.3018515625 0.4791671875 0.2953703125 0.4734375 0.29074062500000003 0.4661453125 0.284259375 0.45989531250000004 0.2953703125 0.4635421875 0.33518593750000003 0.48072968749999995 0.3333328125 0.4859375 0.328703125 0.49322968749999996 0.328703125
4 0.5036453125 0.325 0.5020828125000001 0.3120375 0.496875 0.3018515625 0.49427031250000003 0.30462968749999997 0.49270781250000006 0.309259375 0.49010468749999997 0.3101859375 0.49583281250000005 0.3324078125 0.5005203125000001 0.33055625
4 0.3958328125 0.4481484375 0.3505203125 0.56944375 0.353125 0.5824078125 0.3541671875 0.59444375 0.3682296875 0.5953703124999999 0.371875 0.6092593749999999 0.3828125 0.6166671874999999 0.41302031250000004 0.525 0.428125 0.46018593750000003 0.4427078125 0.4101859375 0.45208281250000004 0.3638890625 0.44895781250000005 0.352778125 0.45364531250000006 0.347221875 0.45729218749999995 0.3296296875 0.4578125 0.3120375 0.4578125 0.303703125 0.45625 0.297221875 0.45416718749999996 0.2870375 0.45416718749999996 0.2833328125 0.4515625 0.277778125 0.44375 0.26759218749999997 0.4359375 0.272221875 0.4375 0.278703125 0.43697968749999994 0.3101859375
4 0.2770828125 0.778703125 0.2880203125 0.7796296875000001 0.2973953125 0.777778125 0.3026046875 0.7685187499999999 0.3114578125 0.76944375 0.3166671875 0.771296875 0.3166671875 0.78148125 0.3177078125 0.790740625 0.3270828125 0.7925921875 0.3348953125 0.784259375 0.3291671875 0.7666671875 0.3416671875 0.7509265625 0.3505203125 0.7324078125 0.3520828125 0.69444375 0.3666671875 0.6833328125 0.3739578125 0.6601859375 0.378125 0.6361109375 0.375 0.6203703125 0.3604171875 0.6138890625 0.353125 0.6175921875 0.34375 0.6194437500000001 0.328125 0.6296296875 0.2765625 0.7666671875
4 0.5026046875 0.8379625 0.4921875 0.803703125 0.4890625 0.7740734375 0.496875 0.7398140625 0.49270781250000006 0.7064812500000001 0.48333281250000004 0.7 0.4625 0.7148140625 0.46145781250000006 0.7333328125 0.45677031250000005 0.7583328125000001 0.44635468749999996 0.7648140625 0.43697968749999994 0.759259375 0.428125 0.7685187499999999 0.425 0.7851859375 0.4234375 0.803703125 0.42239531250000006 0.827778125 0.43333281250000005 0.8398140625 0.4427078125 0.8361109375 0.4625 0.85555625 0.47447968749999997 0.8509265625 0.49114531250000004 0.85
4 0.3552078125 0.99351875 0.3703125 0.9916671875 0.3796875 0.978703125 0.3927078125 0.95 0.3947921875 0.9138890625 0.38125 0.8888890625 0.3692703125 0.8981484375000001 0.3557296875 0.9101859375 0.3458328125 0.8935187499999999 0.3380203125 0.8851859375 0.3317703125 0.927778125 0.3421875 0.9518515624999999
4 0.3890625 0.8055562500000001 0.3776046875 0.7935187499999999 0.3588546875 0.797221875 0.353125 0.827778125 0.3682296875 0.8314812500000001 0.3802078125 0.8194437499999999 0.3864578125 0.8194437499999999
4 0.43541718749999997 0.6324078125 0.43072968749999996 0.6240734375 0.4114578125 0.6240734375 0.3963546875 0.625 0.3927078125 0.6361109375 0.3895828125 0.6518515625 0.3927078125 0.68148125 0.4046875 0.7083328125 0.4114578125 0.6740734374999999 0.4234375 0.6759265625 0.4359375 0.6685187499999999 0.44322968749999997 0.6583328125000001
4 0.3822921875 0.7898140625 0.3947921875 0.8092593750000001 0.40625 0.7870375000000001 0.42083281250000004 0.7509265625 0.4171875 0.7203703124999999 0.4234375 0.7166671874999999 0.4265625 0.7240734375 0.43854218749999996 0.70555625 0.43020781250000006 0.6981484375 0.41458281250000006 0.6925921875000001 0.4088546875 0.7083328125 0.40208281250000005 0.7166671874999999 0.3994796875 0.703703125 0.3817703125 0.6925921875000001 0.3770828125 0.696296875 0.3723953125 0.759259375 0.3723953125 0.7861109374999999
4 0.4515625 0.403703125 0.4625 0.40277812500000004 0.4713546875 0.3953703125 0.4796875 0.3833328125 0.4869796875 0.375 0.49114531250000004 0.36574062500000004 0.4895828125 0.34907343750000003 0.48333281250000004 0.340740625 0.47760468749999996 0.352778125 0.47083281250000003 0.3638890625 0.4640625 0.3620375 0.46145781250000006 0.3611109375 0.45729218749999995 0.3546296875 0.4479171875 0.396296875
4 0.4484375 0.44444375 0.45364531250000006 0.4509265625 0.46145781250000006 0.453703125 0.46458281250000005 0.4509265625 0.4609375 0.44351874999999996 0.46302031250000003 0.43888906250000004 0.46979218749999996 0.4425921875 0.47552031250000004 0.446296875 0.48072968749999995 0.440740625 0.478125 0.4324078125 0.478125 0.425 0.4890625 0.42222187499999997 0.490625 0.4129625 0.4869796875 0.396296875 0.48020781250000005 0.3888890625 0.47447968749999997 0.396296875 0.47291718749999995 0.40648125 0.46822968749999994 0.40740781249999997 0.4609375 0.4120375 0.45364531250000006 0.4166671875 0.446875 0.409259375 0.440625 0.43333281250000005 0.4427078125 0.4379625
4 0.4953125 0.4453703125 0.49375 0.4379625 0.48333281250000004 0.4453703125 0.47760468749999996 0.45555625 0.46510468749999995 0.45277812500000003 0.46041718749999994 0.45462968750000005 0.4479171875 0.4509265625 0.44635468749999996 0.4425921875 0.440625 0.4398140625 0.4348953125 0.45462968750000005 0.43385468749999995 0.48055624999999996 0.43020781250000006 0.49351874999999995 0.425 0.49537031249999997 0.4234375 0.509259375 0.4203125 0.53055625 0.42760468749999997 0.5361109374999999 0.44479218749999994 0.527778125 0.44947968749999995 0.5129625 0.45364531250000006 0.5018515625 0.4583328125 0.49444375 0.47604218749999994 0.49351874999999995 0.496875 0.49629687499999997 0.503125 0.4824078125 0.5046875 0.4731484375 0.5036453125 0.45925937499999997 0.5 0.4481484375
4 0.5 0.578703125 0.5046875 0.5583328125 0.5046875 0.5231484375 0.5026046875 0.509259375 0.4828125 0.5083328125000001 0.4734375 0.497221875 0.46302031250000003 0.50648125 0.43333281250000005 0.5675921875000001 0.44322968749999997 0.58055625 0.4625 0.5796296875 0.4796875 0.5703703124999999
4 0.48541718749999996 0.6583328125000001 0.47760468749999996 0.6666671875 0.465625 0.6675921875 0.46666718749999997 0.678703125 0.4921875 0.6861109375 0.4921875 0.6675921875
4 0.5916671874999999 0.9984375 0.5786453125000001 0.6851859375 0.55625 0.428703125 0.528125 0.4268515625 0.515625 0.421296875 0.5088546875 0.4129625 0.50625 0.43148125000000004 0.5104171875 0.46944375000000005 0.5130203125 0.4925921875 0.5119796875 0.5055562499999999 0.5145828125 0.5638890625 0.5223953125 0.6 0.521875 0.6222218749999999 0.5161453125000001 0.634259375 0.5192703125 0.65555625 0.5203125 0.6879625 0.5208328125 0.802778125 0.5260421875 0.8925921875 0.53125 0.9333328125 0.5432296875 0.9814812500000001 0.55 0.9984375