4 0.40208281250000005 0.9138890625 0.41614531250000003 0.921296875 0.43333281250000005 0.9240734375 0.45104218749999997 0.9194437499999999 0.4578125 0.9018515624999999 0.44322968749999997 0.8703703125000001 0.43125 0.8666671875 0.4270828125 0.8666671875 0.415625 0.8675921875 0.40260468749999995 0.8740734375000001 0.3953125 0.8981484375000001 0.396875 0.9092593750000001
4 0.42604218749999995 0.9984375 0.44375 0.9984375 0.44635468749999996 0.952778125 0.44166718749999995 0.9351859375 0.43854218749999996 0.9259265624999999 0.415625 0.9296296875 0.3875 0.952778125 0.3880203125 0.9703703125 0.40625 0.9898140625
4 0.475 0.9361109375 0.48020781250000005 0.9361109375 0.5020828125000001 0.9361109375 0.5041671875 0.8898140625 0.5041671875 0.8703703125000001 0.4984375 0.8611109375 0.48541718749999996 0.8648140625 0.46822968749999994 0.8796296874999999 0.46770781250000004 0.9083328125 0.46770781250000004 0.9194437499999999
4 0.5192703125 0.8324078125 0.5192703125 0.8231484375000001 0.515625 0.7898140625 0.5135421874999999 0.7851859375 0.5041671875 0.771296875 0.48125 0.7851859375 0.478125 0.8194437499999999 0.490625 0.8324078125
4 0.4546875 0.8351859375 0.45625 0.8296296875 0.45208281250000004 0.7990734374999999 0.440625 0.802778125 0.43177031250000003 0.8324078125 0.4427078125 0.8425921875
4 0.4203125 0.8305562500000001 0.42604218749999995 0.8268515624999999 0.43177031250000003 0.822221875 0.428125 0.802778125 0.421875 0.7851859375 0.41197968749999997 0.79444375 0.4088546875 0.8166671875 0.4140625 0.825
4 0.49010468749999997 0.7314812500000001 0.503125 0.7370375 0.5067703125 0.7259265625 0.5140625 0.7074078125 0.5166671875 0.7018515625 0.521875 0.696296875 0.5234375 0.684259375 0.5166671875 0.6740734374999999 0.5036453125 0.6703703125 0.49791718749999997 0.66944375 0.4869796875 0.6861109375 0.48645781250000003 0.703703125 0.48802031250000005 0.7259265625
4 0.49322968749999996 0.6296296875 0.5083328125000001 0.6148140625 0.528125 0.6120375 0.5364578125 0.6092593749999999 0.5375 0.603703125 0.5395828125000001 0.5981484375 0.5432296875 0.578703125 0.5421875 0.5703703124999999 0.540625 0.5648140625 0.5390625 0.5620375 0.5338546875 0.55648125 0.5203125 0.55555625 0.5130203125 0.55648125 0.49270781250000006 0.56944375 0.47447968749999997 0.5870375 0.478125 0.6138890625 0.48333281250000004 0.6296296875
4 0.46822968749999994 0.5518515625 0.48125 0.546296875 0.4890625 0.547221875 0.49947968749999994 0.55 0.5078125 0.5490734374999999 0.5192703125 0.5490734374999999 0.5302078125 0.5481484375 0.5317703125000001 0.547221875 0.5317703125000001 0.534259375 0.5302078125 0.53148125 0.5307296874999999 0.521296875 0.5369796874999999 0.5166671875 0.5421875 0.509259375 0.5390625 0.4990734375 0.5359375 0.49074062500000004 0.5359375 0.4870375 0.53125 0.484259375 0.4828125 0.4898140625 0.46927031250000006 0.5 0.47083281250000003 0.5111109375 0.465625 0.53148125
4 0.5213546874999999 0.4768515625 0.5291671874999999 0.4796296875 0.5291671874999999 0.46666718749999997 0.5291671874999999 0.4620375 0.5317703125000001 0.45925937499999997 0.5354171875 0.45648125000000006 0.5364578125 0.4518515625 0.5375 0.446296875 0.5333328125000001 0.44166718749999995 0.5296875 0.43611093749999996 0.5239578125000001 0.434259375 0.5182296875 0.434259375 0.5130203125 0.4453703125 0.5083328125000001 0.45277812500000003 0.509375 0.4648140625 0.5151046874999999 0.47222187499999996
4 0.5 0.41574062500000003 0.5 0.4120375 0.5005203125000001 0.40462968750000006 0.5 0.4018515625 0.49791718749999997 0.4009265625 0.49375 0.40462968750000006 0.4947921875 0.4138890625 0.4953125 0.41574062500000003
4 0.49270781250000006 0.44166718749999995 0.49583281250000005 0.440740625 0.5005203125000001 0.4398140625 0.5036453125 0.4398140625 0.5057296874999999 0.4398140625 0.5088546875 0.43888906250000004 0.509375 0.434259375 0.5088546875 0.43148125000000004 0.5078125 0.425 0.509375 0.42037031249999995 0.5083328125000001 0.41851874999999994 0.5026046875 0.42037031249999995 0.5 0.4268515625 0.48802031250000005 0.425 0.4859375 0.43148125000000004 0.4859375 0.4379625
4 0.5197921875 0.4240734375 0.5229171874999999 0.4240734375 0.5239578125000001 0.4240734375 0.525 0.428703125 0.528125 0.43148125000000004 0.5328125 0.428703125 0.5348953125 0.427778125 0.534375 0.42222187499999997 0.534375 0.4166671875 0.5348953125 0.4120375 0.5348953125 0.40555624999999995 0.5348953125 0.4009265625 0.534375 0.397221875 0.534375 0.39444375 0.534375 0.3888890625 0.5348953125 0.38425937499999996 0.5348953125 0.37870312500000003 0.5348953125 0.3731484375 0.5348953125 0.3703703125 0.5338546875 0.36851875 0.5307296874999999 0.36574062500000004 0.5244796875 0.3666671875 0.5192703125 0.3666671875 0.5151046874999999 0.3675921875 0.5125 0.37129687499999997 0.5119796875 0.37777812499999996 0.5125 0.3851859375 0.5135421874999999 0.390740625 0.5140625 0.396296875 0.5145828125 0.3990734375 0.515625 0.41574062500000003 0.5140625 0.41944375 0.5140625 0.4231484375 0.5161453125000001 0.4240734375
4 0.5239578125000001 0.36296249999999997 0.5276046875 0.36296249999999997 0.53125 0.3620375 0.5364578125 0.3601859375 0.5385421874999999 0.359259375 0.5411453125000001 0.35648124999999997 0.5411453125000001 0.352778125 0.5395828125000001 0.34907343750000003 0.5385421874999999 0.3481484375 0.5375 0.34444375 0.5333328125000001 0.34351875 0.5317703125000001 0.3453703125 0.5307296874999999 0.3453703125 0.5291671874999999 0.34351875 0.5286453125 0.340740625 0.5291671874999999 0.3379625 0.5296875 0.3370375 0.5291671874999999 0.33518593750000003 0.5276046875 0.33518593750000003 0.5265625 0.33425937499999997 0.5234375 0.33425937499999997 0.5223953125 0.33518593750000003 0.5213546874999999 0.3361109375 0.5197921875 0.35 0.5171875 0.3583328125 0.5203125 0.3611109375 0.5213546874999999 0.36296249999999997
4 0.1895828125 0.9981484375 0.3171875 0.9984375 0.3197921875 0.9907406249999999 0.3229171875 0.921296875 0.3546875 0.8629625000000001 0.3703125 0.8018515624999999 0.3848953125 0.7555562499999999 0.3791671875 0.7481484375 0.3651046875 0.74351875 0.3489578125 0.7453703125 0.3364578125 0.7268515625 0.3166671875 0.7064812500000001 0.3109375 0.7120375 0.2703125 0.8055562500000001
4 0.38125 0.7342593749999999 0.3822921875 0.7370375 0.3880203125 0.7379625 0.3973953125 0.7175921875 0.3989578125 0.702778125 0.4010421875 0.696296875 0.40416718749999997 0.6870375 0.3958328125 0.68055625 0.3817703125 0.6990734375 0.3765625 0.7101859375 0.3765625 0.7268515625
4 0.3453125 0.6620375000000001 0.3473953125 0.6648140625 0.3609375 0.6638890625 0.3666671875 0.6611109374999999 0.371875 0.646296875 0.371875 0.6296296875 0.3692703125 0.625 0.3604171875 0.6138890625 0.359375 0.6111109375 0.340625 0.6490734375
4 0.3979171875 0.6620375000000001 0.4015625 0.6620375000000001 0.409375 0.6601859375 0.4140625 0.653703125 0.4140625 0.6453703125 0.41302031250000004 0.6398140625 0.4114578125 0.6361109375 0.403125 0.628703125 0.390625 0.6296296875 0.3885421875 0.6453703125 0.3890625 0.6546296875000001
4 0.453125 0.3953703125 0.42760468749999997 0.45740781249999996 0.4 0.5231484375 0.40520781250000004 0.540740625 0.409375 0.54444375 0.41510468749999996 0.5481484375 0.4244796875 0.552778125 0.43333281250000005 0.552778125 0.43854218749999996 0.552778125 0.4421875 0.547221875 0.44427031250000004 0.534259375 0.44375 0.525 0.44583281250000006 0.5148140625 0.44635468749999996 0.5074078125 0.44739531250000003 0.4990734375 0.4484375 0.49166718749999994 0.453125 0.4888890625 0.45729218749999995 0.4888890625 0.46041718749999994 0.48796249999999997 0.4625 0.484259375 0.4625 0.47777812500000005 0.46145781250000006 0.471296875 0.46145781250000006 0.465740625 0.46145781250000006 0.45555625 0.459375 0.4379625 0.46041718749999994 0.434259375 0.46510468749999995 0.43055625 0.4713546875 0.4268515625 0.4739578125 0.4268515625 0.4796875 0.4231484375 0.4828125 0.4138890625 0.484375 0.4018515625 0.48645781250000003 0.39351875000000003 0.4895828125 0.38703750000000003 0.490625 0.37870312500000003 0.48645781250000003 0.36851875 0.4890625 0.352778125 0.4984375 0.35648124999999997 0.5041671875 0.347221875 0.5026046875 0.3324078125 0.49583281250000005 0.3231484375 0.49270781250000006 0.30648125 0.49166718749999994 0.302778125 0.4796875 0.3296296875
4 0.5921875 0.996296875 0.5911453125 0.98055625 0.584375 0.9583328124999999 0.584375 0.9407406249999999 0.584375 0.9268515624999999 0.5848953125 0.90648125 0.5890625 0.890740625 0.5901046875 0.8657406249999999 0.5791671875 0.8611109375 0.559375 0.86851875 0.5630203125000001 0.928703125 0.5578125 0.9972218749999999
4 0.5635421875 0.5898140625 0.5729171875 0.58055625 0.5708328125000001 0.5759265625000001 0.5677078125 0.5675921875000001 0.5640625 0.5620375 0.559375 0.5574078124999999 0.553125 0.5546296875000001 0.5541671874999999 0.5833328125 0.5557296875 0.5861109375
4 0.5989578125 0.5129625 0.6 0.5083328125000001 0.6 0.5009265625 0.590625 0.4990734375 0.5859375 0.509259375 0.5864578125000001 0.5166671875 0.5947921875 0.5185187499999999
4 0.5947921875 0.54444375 0.5973953125 0.540740625 0.5989578125 0.5231484375 0.5916671874999999 0.5231484375 0.5880203125000001 0.5361109374999999 0.5911453125 0.5453703125
4 0.5552078125000001 0.4638890625 0.55625 0.4481484375 0.5572921875 0.434259375 0.5583328125 0.4231484375 0.55625 0.409259375 0.5567703125000001 0.3916671875 0.5572921875 0.3861109375 0.5557296875 0.3638890625 0.5552078125000001 0.3518515625 0.5473953125000001 0.34907343750000003 0.5479171875 0.3509265625 0.5473953125000001 0.4648140625
4 0.5890625 0.49537031249999997 0.5963546875 0.4888890625 0.5932296874999999 0.47592656250000004 0.5854171874999999 0.47037031249999994 0.5828125 0.47777812500000005 0.5828125 0.49166718749999994 0.5854171874999999 0.49444375
4 0.5859375 0.397221875 0.5916671874999999 0.39351875000000003 0.5833328125 0.3416671875 0.5796875 0.3518515625 0.5776046874999999 0.3675921875 0.578125 0.38055625000000004