4 0.3979171875 0.7833328125000001 0.3927078125 0.76944375 0.3838546875 0.7555562499999999 0.375 0.75 0.3692703125 0.75648125 0.3609375 0.7657406250000001 0.3546875 0.778703125 0.3510421875 0.7981484375 0.3510421875 0.8129625 0.35625 0.8314812500000001 0.365625 0.8314812500000001 0.371875 0.827778125 0.396875 0.8166671875 0.3979171875 0.7990734374999999
4 0.3114578125 0.7824078125 0.309375 0.7768515625 0.3020828125 0.7657406250000001 0.2963546875 0.775 0.2880203125 0.7925921875 0.2854171875 0.7990734374999999 0.2875 0.8175921875000001 0.2921875 0.827778125 0.2994796875 0.8314812500000001 0.3234375 0.8194437499999999 0.3208328125 0.8055562500000001
4 0.2427078125 0.9638890625000001 0.2421875 0.9546296875 0.2421875 0.9444437499999999 0.2395828125 0.9324078124999999 0.23125 0.9305562500000001 0.2270828125 0.9324078124999999 0.2291671875 0.9444437499999999 0.2276046875 0.952778125 0.2197921875 0.9453703125 0.2197921875 0.9370375 0.2203125 0.9305562500000001 0.1947921875 0.9984375 0.2197921875 0.9984375 0.2223953125 0.9861109375 0.2322921875 0.9814812500000001 0.2380203125 0.9740734375000001
4 0.3614578125 0.7148140625 0.3578125 0.69444375 0.3515625 0.696296875 0.3432296875 0.6981484375 0.3380203125 0.7046296875 0.3354171875 0.71944375 0.340625 0.7296296875 0.3442703125 0.727778125 0.3515625 0.7416671874999999 0.3552078125 0.7259265625
4 0.3203125 0.7314812500000001 0.3182296875 0.7231484375 0.3182296875 0.7138890625000001 0.3192703125 0.702778125 0.315625 0.697221875 0.309375 0.6981484375 0.3036453125 0.709259375 0.3010421875 0.71944375 0.3046875 0.7268515625 0.3046875 0.7342593749999999 0.3098953125 0.7379625 0.3171875 0.7416671874999999
4 0.325 0.6629625 0.3234375 0.6759265625 0.3317703125 0.665740625 0.3380203125 0.6648140625 0.3354171875 0.6509265625 0.3286453125 0.6518515625
4 0.3802078125 0.5370375000000001 0.3786453125 0.5259265625 0.3817703125 0.5129625 0.3765625 0.50648125 0.3609375 0.55 0.3791671875 0.54444375 0.3817703125 0.553703125 0.3890625 0.55 0.3880203125 0.5370375000000001
4 0.42916718749999994 0.4629625 0.43541718749999997 0.45925937499999997 0.43697968749999994 0.45277812500000003 0.4359375 0.4425921875 0.43020781250000006 0.440740625 0.42395781250000003 0.446296875 0.41822968749999995 0.45 0.41458281250000006 0.45462968750000005 0.41510468749999996 0.47037031249999994 0.41979218749999997 0.4731484375 0.42916718749999994 0.48148125 0.42916718749999994 0.47222187499999996
4 0.4046875 0.4611109375 0.40625 0.45555625 0.4114578125 0.4518515625 0.41510468749999996 0.4481484375 0.41770781250000005 0.44444375 0.42083281250000004 0.43333281250000005 0.42135468749999994 0.4268515625 0.4234375 0.41851874999999994 0.4234375 0.4138890625 0.42239531250000006 0.40462968750000006 0.42083281250000004 0.3990734375 0.41770781250000005 0.396296875 0.3864578125 0.48055624999999996 0.3895828125 0.48333281250000004 0.3942703125 0.47777812500000005 0.4015625 0.46944375000000005
4 0.5979171875 0.6481484375 0.5901046875 0.6481484375 0.58125 0.6703703125 0.5854171874999999 0.6759265625 0.5901046875 0.6759265625 0.596875 0.6731484375 0.6057296875 0.6731484375 0.6057296875 0.65648125
4 0.4515625 0.9984375 0.45416718749999996 0.9851859375 0.4557296875 0.9694437499999999 0.4557296875 0.9509265625 0.4557296875 0.9342593750000001 0.4515625 0.925 0.4427078125 0.9101859375 0.44114531250000005 0.8953703125000001 0.4479171875 0.8740734375000001 0.4484375 0.86851875 0.44895781250000005 0.853703125 0.4484375 0.8398140625 0.453125 0.8157406249999999 0.45677031250000005 0.7935187499999999 0.45625 0.784259375 0.45208281250000004 0.7740734375 0.44322968749999997 0.7768515625 0.43697968749999994 0.7675921875 0.428125 0.7555562499999999 0.41822968749999995 0.753703125 0.41302031250000004 0.7546296875 0.40729218749999996 0.7638890625 0.40572968749999994 0.7796296875000001 0.4088546875 0.7935187499999999 0.41510468749999996 0.803703125 0.41354218749999994 0.8194437499999999 0.4078125 0.8296296875 0.3989578125 0.8361109375 0.3932296875 0.8388890625000001 0.3796875 0.8481484375000001 0.3744796875 0.85555625 0.3713546875 0.871296875 0.3729171875 0.88148125 0.3802078125 0.8870374999999999 0.3848953125 0.89444375 0.3828125 0.9046296875 0.3786453125 0.9175921875 0.371875 0.928703125 0.365625 0.9333328125 0.3583328125 0.9370375 0.3526046875 0.9481484375000001 0.35 0.959259375 0.3453125 0.9666671875 0.3354171875 0.9768515624999999 0.3322921875 0.9861109375 0.3322921875 0.9981484375 0.45104218749999997 0.9984375
4 0.48854218749999995 0.7240734375 0.48020781250000005 0.7398140625 0.47760468749999996 0.7583328125000001 0.4817703125 0.7768515625 0.484375 0.7851859375 0.49375 0.7518515625 0.49375 0.7370375
4 0.4557296875 0.74351875 0.46458281250000005 0.7453703125 0.47447968749999997 0.7324078125 0.475 0.73055625 0.47760468749999996 0.7120375 0.4828125 0.6990734375 0.4921875 0.69351875 0.490625 0.675 0.48229218749999997 0.665740625 0.47552031250000004 0.6620375000000001 0.471875 0.6620375000000001 0.46197968749999996 0.6629625 0.45260468749999994 0.665740625 0.44739531250000003 0.65648125 0.45 0.6425921875 0.46458281250000005 0.6361109375 0.4739578125 0.6361109375 0.48125 0.634259375 0.4828125 0.6138890625 0.48385468749999994 0.602778125 0.48333281250000004 0.5898140625 0.4791671875 0.5833328125 0.4796875 0.5518515625 0.48125 0.5370375000000001 0.48333281250000004 0.5296296875000001 0.48802031250000005 0.5203703125 0.490625 0.5009265625 0.49166718749999994 0.49074062500000004 0.49166718749999994 0.48796249999999997 0.490625 0.478703125 0.48854218749999995 0.46666718749999997 0.48854218749999995 0.45277812500000003 0.48854218749999995 0.4379625 0.49010468749999997 0.425 0.49375 0.41481406249999997 0.496875 0.3953703125 0.49635468749999995 0.38148125 0.4973953125 0.36296249999999997 0.4984375 0.3509265625 0.4984375 0.3416671875 0.49114531250000004 0.32592656249999996 0.48229218749999997 0.315740625 0.47708281250000006 0.321296875 0.47291718749999995 0.33055625 0.4703125 0.34351875 0.465625 0.35648124999999997 0.46302031250000003 0.3740734375 0.4625 0.3851859375 0.4625 0.3990734375 0.46302031250000003 0.40462968750000006 0.4546875 0.41851874999999994 0.44947968749999995 0.425 0.44739531250000003 0.43333281250000005 0.44739531250000003 0.447221875 0.44375 0.4638890625 0.4390625 0.4731484375 0.4328125 0.48796249999999997 0.42864531250000004 0.50648125 0.4270828125 0.5157406250000001 0.42604218749999995 0.5203703125 0.42083281250000004 0.5453703125 0.41979218749999997 0.5703703124999999 0.43125 0.5824078125 0.43541718749999997 0.5861109375 0.43697968749999994 0.6064812500000001 0.43333281250000005 0.6166671874999999 0.42135468749999994 0.6111109375 0.4125 0.6203703125 0.40729218749999996 0.6333328125000001 0.40989531250000005 0.65648125 0.40989531250000005 0.671296875 0.40052031250000003 0.68055625 0.3833328125 0.6870375 0.3755203125 0.6990734375 0.3755203125 0.7120375 0.3869796875 0.71944375 0.3953125 0.7314812500000001 0.4046875 0.7398140625 0.41302031250000004 0.7370375 0.41875 0.725 0.42135468749999994 0.7138890625000001 0.43645781250000004 0.73055625 0.44635468749999996 0.7379625