4 0.5510421875 0.802778125 0.5604171874999999 0.76944375 0.5463546874999999 0.746296875 0.5260421875 0.7240734375 0.5135421874999999 0.7527781250000001 0.515625 0.7888890625 0.5125 0.8157406249999999 0.5296875 0.825 0.5130203125 0.825 0.5239578125000001 0.85555625 0.5255203125000001 0.8777781250000001 0.51875 0.9129625000000001 0.5369796874999999 0.90648125 0.5463546874999999 0.8824078125 0.5541671874999999 0.8361109375
4 0.55625 0.6916671875 0.5479171875 0.6833328125 0.5479171875 0.6601859375 0.5453125 0.647221875 0.5317703125000001 0.6490734375 0.5255203125000001 0.6583328125000001 0.5145828125 0.6666671875 0.5140625 0.677778125 0.5270828125 0.6851859375 0.53125 0.6898140625 0.5322921875 0.7166671874999999 0.5447921874999999 0.728703125 0.5552078125000001 0.7296296875 0.559375 0.721296875
4 0.53125 0.6 0.5208328125 0.5601859375 0.5109375 0.5768515625 0.5125 0.602778125 0.5161453125000001 0.6240734375 0.5260421875 0.6138890625
4 0.5307296874999999 0.4990734375 0.5223953125 0.47592656250000004 0.5171875 0.4648140625 0.5130203125 0.4648140625 0.5109375 0.4768515625 0.5046875 0.4861109375 0.5135421874999999 0.497221875 0.5244796875 0.5074078125
4 0.490625 0.975 0.48072968749999995 0.9259265624999999 0.471875 0.9203703125 0.4661453125 0.9444437499999999 0.47447968749999997 0.9768515624999999 0.4859375 0.9984375
4 0.40208281250000005 0.9138890625 0.4046875 0.9518515624999999 0.4296875 0.9564812500000001 0.43854218749999996 0.9111109374999999 0.4348953125 0.846296875 0.4109375 0.80648125 0.3802078125 0.8120375 0.3536453125 0.8379625 0.3255203125 0.859259375 0.3328125 0.9018515624999999 0.3578125 0.8990734375 0.3682296875 0.9148140625 0.3901046875 0.89444375
4 0.4869796875 0.7416671874999999 0.49166718749999994 0.702778125 0.471875 0.6685187499999999 0.478125 0.6064812500000001 0.49322968749999996 0.56851875 0.4895828125 0.54444375 0.4796875 0.5370375000000001 0.49270781250000006 0.5027781250000001 0.49270781250000006 0.4796296875 0.49322968749999996 0.44444375 0.49114531250000004 0.4231484375 0.48385468749999994 0.40555624999999995 0.46875 0.3990734375 0.45416718749999996 0.37222187500000004 0.44427031250000004 0.3879625 0.4270828125 0.46759218750000003 0.42135468749999994 0.5046296875 0.40520781250000004 0.552778125 0.3947921875 0.5953703124999999 0.3848953125 0.6361109375 0.3604171875 0.71944375 0.3401046875 0.8055562500000001 0.3729171875 0.8046296875 0.40520781250000004 0.7879625 0.42916718749999994 0.7648140625
4 0.2421875 0.9111109374999999 0.2395828125 0.9648140625 0.2369796875 0.9916671875 0.2614578125 0.99351875 0.2692703125 0.946296875
4 0.3265625 0.771296875 0.3369796875 0.7416671874999999 0.3286453125 0.7175921875 0.2916671875 0.8148140625 0.296875 0.847221875 0.3088546875 0.8490734375000001 0.3161453125 0.8009265624999999
4 0.3932296875 0.55648125 0.3932296875 0.5370375000000001 0.3630203125 0.55555625 0.3510421875 0.5861109375 0.340625 0.615740625 0.3411453125 0.6324078125 0.3588546875 0.646296875 0.36875 0.6259265625 0.3822921875 0.577778125
4 0.42864531250000004 0.41574062500000003 0.4375 0.397221875 0.44427031250000004 0.35555625 0.42083281250000004 0.3675921875 0.3921875 0.46759218750000003 0.384375 0.48796249999999997 0.3723953125 0.53055625 0.3927078125 0.527778125 0.40520781250000004 0.5175921875 0.421875 0.45925937499999997