4 0.41822968749999995 0.4731484375 0.43541718749999997 0.40833281250000003 0.44895781250000005 0.3453703125 0.4515625 0.31388906250000004 0.45104218749999997 0.297221875 0.44947968749999995 0.2861109375 0.4453125 0.275 0.43697968749999994 0.26851875000000003 0.42916718749999994 0.25925937499999996 0.41979218749999997 0.2731484375 0.42395781250000003 0.28055625 0.4348953125 0.29444375 0.4322921875 0.3166671875 0.4046875 0.4 0.3598953125 0.525 0.2760421875 0.7657406250000001 0.1932296875 0.9984375 0.2713546875 0.9984375 0.3895828125 0.5759265625000001
4 0.3703125 0.9379625 0.3546875 0.925 0.3385421875 0.9370375 0.3286453125 0.972221875 0.3411453125 0.99444375 0.3677078125 0.972221875
4 0.3354171875 0.8453703125 0.3255203125 0.8601859375 0.3291671875 0.8851859375 0.3421875 0.8629625000000001
4 0.3942703125 0.8777781250000001 0.3901046875 0.8601859375 0.3682296875 0.8518515624999999 0.365625 0.88148125 0.371875 0.9138890625 0.3854171875 0.9148140625
4 0.4546875 0.8740734375000001 0.46302031250000003 0.8842593750000001 0.4609375 0.9175921875 0.46979218749999996 0.9324078124999999 0.48489531250000006 0.9305562500000001 0.49583281250000005 0.9083328125 0.49322968749999996 0.878703125 0.47552031250000004 0.8574078125 0.45520781250000003 0.8083328125 0.459375 0.7833328125000001 0.46770781250000004 0.784259375 0.4895828125 0.7759265625 0.48541718749999996 0.7472218749999999 0.48489531250000006 0.690740625 0.48020781250000005 0.6731484375 0.48489531250000006 0.653703125 0.48072968749999995 0.628703125 0.4505203125 0.6305562499999999 0.44427031250000004 0.6546296875000001 0.4401046875 0.6824078124999999 0.4348953125 0.6851859375 0.43541718749999997 0.6638890625 0.40625 0.621296875 0.4046875 0.647221875 0.40989531250000005 0.659259375 0.3984375 0.684259375 0.39375 0.6685187499999999 0.3770828125 0.690740625 0.3916671875 0.7120375 0.3942703125 0.7129624999999999 0.41510468749999996 0.7351859375 0.42239531250000006 0.7370375 0.4171875 0.7583328125000001 0.4166671875 0.777778125 0.42291718749999996 0.7861109374999999 0.4270828125 0.803703125 0.425 0.8092593750000001 0.4114578125 0.8 0.3963546875 0.803703125 0.3927078125 0.8231484375000001 0.3984375 0.8546296874999999 0.4036453125 0.852778125 0.41979218749999997 0.8768515625 0.41614531250000003 0.9166671875000001 0.42916718749999994 0.9111109374999999 0.43697968749999994 0.8777781250000001
4 0.359375 0.753703125 0.3614578125 0.7768515625 0.3703125 0.8009265624999999 0.3838546875 0.7935187499999999 0.390625 0.7657406250000001 0.38125 0.7314812500000001
4 0.45 0.2833328125 0.45208281250000004 0.2925921875 0.4546875 0.309259375 0.45416718749999996 0.3240734375 0.45208281250000004 0.3453703125 0.45104218749999997 0.36296249999999997 0.44895781250000005 0.37870312500000003 0.44635468749999996 0.390740625 0.44322968749999997 0.40277812500000004 0.4390625 0.41944375 0.434375 0.43888906250000004 0.4348953125 0.45277812500000003 0.43333281250000005 0.4648140625 0.41770781250000005 0.4990734375 0.4171875 0.5175921875 0.421875 0.527778125 0.4270828125 0.546296875 0.428125 0.55555625 0.42395781250000003 0.565740625 0.425 0.572221875 0.4359375 0.577778125 0.4375 0.5814812500000001 0.4359375 0.602778125 0.4348953125 0.6222218749999999 0.446875 0.628703125 0.46197968749999996 0.6240734375 0.4703125 0.625 0.47239531250000005 0.5981484375 0.47708281250000006 0.590740625 0.484375 0.5879624999999999 0.4875 0.5796296875 0.4828125 0.565740625 0.46875 0.55648125 0.45520781250000003 0.559259375 0.4479171875 0.5620375 0.4427078125 0.546296875 0.45416718749999996 0.5435187499999999 0.47291718749999995 0.546296875 0.48072968749999995 0.53148125 0.49375 0.5231484375 0.49635468749999995 0.5166671875 0.496875 0.5027781250000001 0.4895828125 0.49351874999999995 0.4895828125 0.4851859375 0.49427031250000003 0.48333281250000004 0.496875 0.478703125 0.49635468749999995 0.47222187499999996 0.49635468749999995 0.4638890625 0.4890625 0.45925937499999997 0.4895828125 0.45555625 0.490625 0.44444375 0.49270781250000006 0.44166718749999995 0.4947921875 0.44166718749999995 0.4953125 0.41759218750000004 0.49427031250000003 0.4129625 0.49427031250000003 0.403703125 0.49166718749999994 0.39259218749999997 0.4890625 0.3888890625 0.4859375 0.38055625000000004 0.484375 0.36851875 0.48489531250000006 0.359259375 0.4859375 0.352778125 0.4875 0.34444375 0.4875 0.3416671875 0.4869796875 0.33518593750000003 0.4859375 0.3296296875 0.48125 0.325 0.4791671875 0.30555625000000003 0.471875 0.29907343750000004 0.4671875 0.29444375 0.46822968749999994 0.2888890625 0.46822968749999994 0.28148125 0.465625 0.275 0.4557296875 0.265740625 0.44479218749999994 0.2583328125 0.43802031250000006 0.26759218749999997 0.44114531250000005 0.26944375 0.446875 0.275
4 0.5171875 0.8777781250000001 0.5135421874999999 0.8935187499999999 0.5166671875 0.9203703125 0.5307296874999999 0.9074078125 0.5375 0.890740625 0.5307296874999999 0.871296875
4 0.5515625 0.834259375 0.55 0.8601859375 0.5583328125 0.8620374999999999 0.5692703125 0.8620374999999999 0.5796875 0.8768515625 0.5807296875 0.88055625 0.58125 0.8888890625 0.5734375 0.9 0.5682296874999999 0.9129625000000001 0.578125 0.94351875 0.5885421875 0.9453703125 0.5817703125 0.846296875 0.5786453125000001 0.8453703125 0.5744796875 0.84351875 0.5682296874999999 0.8370374999999999 0.5598953125 0.8314812500000001
4 0.5125 0.7666671875 0.5270828125 0.76944375 0.5291671874999999 0.7546296875 0.5354171875 0.7527781250000001 0.54375 0.7490734375 0.55 0.7342593749999999 0.5583328125 0.74351875 0.56875 0.7490734375 0.5755203125 0.7490734375 0.5729171875 0.709259375 0.5708328125000001 0.678703125 0.5640625 0.6 0.5541671874999999 0.59351875 0.5479171875 0.59444375 0.5453125 0.6009265625 0.5421875 0.6101859375 0.55 0.6222218749999999 0.5494796875 0.628703125 0.5453125 0.6398140625 0.5453125 0.65648125 0.5479171875 0.6675921875 0.5505203125 0.675 0.5526046874999999 0.68148125 0.5588546875 0.69351875 0.5640625 0.70555625 0.5645828125000001 0.7074078125 0.5583328125 0.7111109375 0.5489578125000001 0.7064812500000001 0.5359375 0.703703125 0.5265625 0.7083328125 0.5182296875 0.7120375 0.5145828125 0.71944375 0.5104171875 0.73055625 0.5109375 0.7490734375
4 0.5322921875 0.652778125 0.5260421875 0.6351859375 0.5223953125 0.6324078125 0.5171875 0.6305562499999999 0.5109375 0.634259375 0.509375 0.6453703125 0.5109375 0.6509265625 0.5119796875 0.65555625 0.509375 0.6675921875 0.5072921874999999 0.6759265625 0.5067703125 0.6888890625 0.5125 0.697221875 0.5270828125 0.6953703124999999 0.5296875 0.6759265625 0.53125 0.665740625
4 0.475 0.28148125 0.4869796875 0.2916671875 0.49322968749999996 0.3009265625 0.4973953125 0.3101859375 0.5015625 0.32592656249999996 0.5036453125 0.3361109375 0.5078125 0.353703125 0.5125 0.36574062500000004 0.5161453125000001 0.37870312500000003 0.5182296875 0.3898140625 0.5177078125000001 0.409259375 0.5166671875 0.41851874999999994 0.5130203125 0.42222187499999997 0.5125 0.427778125 0.5203125 0.4379625 0.5197921875 0.446296875 0.51875 0.45740781249999996 0.5208328125 0.4648140625 0.525 0.475 0.5270828125 0.49166718749999994 0.5260421875 0.509259375 0.5276046875 0.5175921875 0.5364578125 0.521296875 0.5427078125 0.51944375 0.5515625 0.5203703125 0.5463546874999999 0.53055625 0.54375 0.53148125 0.5380203125 0.5259265625 0.5291671874999999 0.53148125 0.5296875 0.5416671875 0.5328125 0.5490734374999999 0.5380203125 0.5546296875000001 0.5359375 0.5675921875000001 0.5328125 0.5740734375 0.5354171875 0.584259375 0.5614578125 0.5759265625000001 0.5598953125 0.5490734374999999 0.5546875 0.4898140625 0.5505203125 0.45740781249999996 0.5322921875 0.3611109375 0.5119796875 0.3009265625 0.4578125 0.23611093749999998 0.45677031250000005 0.23888906250000003 0.4479171875 0.2546296875 0.46145781250000006 0.26759218749999997 0.46875 0.27592656249999997