4 0.3890625 0.9981484375 0.45 0.9984375 0.4625 0.9564812500000001 0.46458281250000005 0.9388890625 0.4953125 0.9453703125 0.4953125 0.8861109375 0.49114531250000004 0.875 0.49635468749999995 0.8175921875000001 0.4921875 0.79444375 0.49947968749999994 0.7583328125000001 0.4973953125 0.6833328125 0.4796875 0.6685187499999999 0.49635468749999995 0.6296296875 0.4953125 0.5796296875 0.48854218749999995 0.5629625 0.48645781250000003 0.5111109375 0.47447968749999997 0.4925921875 0.49375 0.4824078125 0.4973953125 0.4611109375 0.49635468749999995 0.40648125 0.49427031250000003 0.38148125 0.48385468749999994 0.3759265625 0.48541718749999996 0.3620375 0.48541718749999996 0.3416671875 0.4828125 0.3324078125 0.4791671875 0.31944374999999997 0.47552031250000004 0.30462968749999997 0.47291718749999995 0.2916671875 0.47083281250000003 0.2833328125 0.4635421875 0.271296875 0.4578125 0.2638890625 0.45208281250000004 0.25555625000000004 0.44479218749999994 0.25555625000000004 0.44322968749999997 0.26203750000000003 0.45416718749999996 0.2879625 0.45729218749999995 0.309259375 0.45625 0.3361109375 0.44895781250000005 0.3759265625 0.44375 0.40555624999999995 0.434375 0.4481484375 0.42291718749999996 0.4888890625 0.40572968749999994 0.55648125 0.3760421875 0.677778125 0.3494796875 0.7629625 0.325 0.85 0.3364578125 0.9046296875 0.3515625 0.927778125 0.3671875 0.9629625
4 0.3177078125 0.8148140625 0.3364578125 0.7546296875 0.3442703125 0.722221875 0.3645828125 0.6490734375 0.3833328125 0.5916671874999999 0.3921875 0.5629625 0.3984375 0.534259375 0.4140625 0.4898140625 0.4270828125 0.4398140625 0.43177031250000003 0.41481406249999997 0.43802031250000006 0.3851859375 0.44479218749999994 0.3648140625 0.4515625 0.31388906250000004 0.4515625 0.2916671875 0.4479171875 0.2731484375 0.4427078125 0.26203750000000003 0.4375 0.25555625000000004 0.42239531250000006 0.26759218749999997 0.42916718749999994 0.3 0.421875 0.321296875 0.40729218749999996 0.3648140625 0.3786453125 0.42037031249999995 0.3432296875 0.4888890625 0.2583328125 0.65555625 0.16875 0.8361109375 0.1713546875 0.8370374999999999 0.1307296875 0.928703125 0.1541671875 0.9879625000000001 0.2713546875 0.94351875
4 0.5145828125 0.409259375 0.5182296875 0.41851874999999994 0.5239578125000001 0.421296875 0.528125 0.41574062500000003 0.5244796875 0.40462968750000006 0.5307296874999999 0.4018515625 0.5385421874999999 0.3953703125 0.5385421874999999 0.3861109375 0.534375 0.3768515625 0.5322921875 0.3666671875 0.5265625 0.3583328125 0.5125 0.36944374999999996 0.5088546875 0.3768515625 0.5083328125000001 0.38703750000000003 0.5130203125 0.3888890625
4 0.4875 0.3148140625 0.4895828125 0.3240734375 0.49375 0.328703125 0.4973953125 0.33055625 0.5010421875 0.33055625 0.5041671875 0.32592656249999996 0.5052078125 0.3231484375 0.5046875 0.3129625 0.5020828125000001 0.30740781250000004 0.5005203125000001 0.3 0.49322968749999996 0.2870375 0.48489531250000006 0.2861109375 0.48020781250000005 0.28981406249999997 0.48072968749999995 0.3 0.48541718749999996 0.30648125
4 0.4859375 0.2870375 0.4869796875 0.2796296875 0.4869796875 0.272221875 0.48125 0.2638890625 0.4796875 0.2611109375 0.47552031250000004 0.2574078125 0.46770781250000004 0.25925937499999996 0.46666718749999997 0.2638890625 0.4703125 0.2768515625 0.475 0.2824078125
4 0.5734375 0.590740625 0.5692703125 0.59444375 0.56875 0.615740625 0.5703125 0.615740625 0.5838546874999999 0.6231484375 0.5901046875 0.6083328125 0.5885421875 0.6 0.5796875 0.590740625
4 0.5416671875 0.7138890625000001 0.5635421875 0.7268515625 0.571875 0.715740625 0.5796875 0.7083328125 0.5786453125000001 0.675 0.5734375 0.653703125 0.5604171874999999 0.6481484375 0.5541671874999999 0.6648140625 0.546875 0.6759265625 0.5416671875 0.702778125
4 0.6046875 0.8879625000000001 0.6088546874999999 0.8768515625 0.6072921874999999 0.846296875 0.6 0.8314812500000001 0.5760421874999999 0.8324078125 0.565625 0.8620374999999999 0.5723953125000001 0.878703125
4 0.6005203125 0.9814812500000001 0.603125 0.9611109375 0.596875 0.9425921875000001 0.5833328125 0.9453703125 0.5703125 0.9666671875 0.5854171874999999 0.977778125
4 0.5807296875 0.7657406250000001 0.5895828125 0.759259375 0.5895828125 0.7425921875 0.584375 0.7361109375 0.5833328125 0.7361109375 0.5692703125 0.7361109375 0.5697921874999999 0.7518515625 0.5729171875 0.7648140625
4 0.5489578125000001 0.5481484375 0.5552078125000001 0.53055625 0.5515625 0.5231484375 0.5432296875 0.51944375 0.5229171874999999 0.5083328125000001 0.5234375 0.49629687499999997 0.5182296875 0.4796296875 0.5046875 0.4898140625 0.503125 0.4925921875 0.5041671875 0.5138890625 0.5041671875 0.5240734375 0.5057296874999999 0.5425921875 0.5057296874999999 0.5648140625 0.5088546875 0.5759265625000001 0.5135421874999999 0.5768515625 0.5265625 0.6101859375 0.5411453125000001 0.6018515625 0.5380203125 0.5740734375 0.5380203125 0.559259375