4 0.1390625 0.9984375 0.1364578125 0.977778125 0.1364578125 0.9611109375 0.1328125 0.9379625 0.1182296875 0.9444437499999999 0.1010421875 0.9351859375 0.0890625 0.925 0.07552031249999999 0.9351859375 0.0630203125 0.9555562500000001 0.0572921875 0.98055625 0.0625 0.9984375
4 0.1765625 0.9984375 0.1880203125 0.9861109375 0.1916671875 0.9620374999999999 0.1901046875 0.9444437499999999 0.1755203125 0.925 0.1661453125 0.9166671875000001 0.1510421875 0.9231484375000001 0.1416671875 0.9370375 0.153125 0.9518515624999999 0.1640625 0.9601859375 0.1666671875 0.9984375
4 0.2708328125 0.8305562500000001 0.2729171875 0.80648125 0.2729171875 0.7861109374999999 0.2692703125 0.7703703125 0.2552078125 0.7527781250000001 0.2453125 0.7555562499999999 0.234375 0.7666671875 0.2177078125 0.784259375 0.2119796875 0.796296875 0.2078125 0.8092593750000001 0.2057296875 0.8305562500000001 0.2109375 0.8546296874999999 0.2192703125 0.8629625000000001 0.2583328125 0.859259375 0.2677078125 0.8388890625000001
4 0.3770828125 0.6824078124999999 0.3875 0.6768515625 0.3875 0.6453703125 0.3854171875 0.6351859375 0.3848953125 0.6064812500000001 0.3890625 0.5953703124999999 0.3875 0.578703125 0.3817703125 0.5629625 0.3697921875 0.55555625 0.3583328125 0.5546296875000001 0.346875 0.559259375 0.3317703125 0.5648140625 0.3208328125 0.5648140625 0.3135421875 0.584259375 0.3171875 0.5990734375 0.325 0.615740625 0.33125 0.625 0.3239578125 0.65 0.31875 0.6703703125 0.3161453125 0.6898140625 0.3213546875 0.7111109375 0.3317703125 0.7129624999999999 0.3375 0.7101859375 0.3567703125 0.68055625 0.365625 0.68055625
4 0.2677078125 0.5953703124999999 0.271875 0.5796296875 0.2713546875 0.5601859375 0.2744796875 0.55648125 0.2869796875 0.55555625 0.3015625 0.5416671875 0.3026046875 0.5351859375 0.3015625 0.5231484375 0.29375 0.5129625 0.2869796875 0.522221875 0.2791671875 0.5175921875 0.2770828125 0.49351874999999995 0.2770828125 0.478703125 0.2760421875 0.4629625 0.2697921875 0.45555625 0.2619796875 0.4583328125 0.2552078125 0.46666718749999997 0.2515625 0.478703125 0.246875 0.4981484375 0.2369796875 0.5074078125 0.2302078125 0.5175921875 0.2291671875 0.5435187499999999 0.2291671875 0.54444375 0.221875 0.5620375 0.2177078125 0.5768515625 0.2182296875 0.590740625 0.221875 0.6083328125 0.2302078125 0.6101859375 0.2364578125 0.6074078125 0.2598953125 0.6111109375 0.2619796875 0.6083328125
4 0.3973953125 0.4620375 0.3979171875 0.44907343749999995 0.3921875 0.4351859375 0.3807296875 0.43333281250000005 0.3723953125 0.44166718749999995 0.3692703125 0.453703125 0.3723953125 0.46851875 0.36875 0.48333281250000004 0.3744796875 0.4990734375 0.3807296875 0.503703125 0.3859375 0.5083328125000001 0.3942703125 0.49166718749999994 0.3921875 0.47592656250000004
4 0.3177078125 0.43611093749999996 0.3223953125 0.41944375 0.3197921875 0.40833281250000003 0.3088546875 0.39444375 0.3083328125 0.3879625 0.3046875 0.3740734375 0.2984375 0.3675921875 0.2880203125 0.37222187500000004 0.2807296875 0.3824078125 0.278125 0.3888890625 0.2734375 0.403703125 0.265625 0.421296875 0.2692703125 0.43611093749999996 0.2760421875 0.4425921875 0.2796875 0.4583328125 0.2875 0.4629625 0.2942703125 0.4648140625 0.3104171875 0.45277812500000003 0.3114578125 0.45
4 0.3625 0.4453703125 0.3614578125 0.43055625 0.3625 0.4120375 0.3572921875 0.403703125 0.3510421875 0.41481406249999997 0.3447921875 0.41851874999999994 0.3411453125 0.4018515625 0.3333328125 0.40833281250000003 0.3296875 0.421296875 0.33125 0.4351859375 0.3255203125 0.44907343749999995 0.325 0.4620375 0.33125 0.4629625 0.3385421875 0.465740625 0.3552078125 0.465740625 0.3598953125 0.45925937499999997
4 0.3958328125 0.38425937499999996 0.3979171875 0.359259375 0.3994796875 0.3509265625 0.4 0.33518593750000003 0.4015625 0.31944374999999997 0.40052031250000003 0.30462968749999997 0.3994796875 0.2888890625 0.3973953125 0.271296875 0.3963546875 0.2574078125 0.3963546875 0.24351875 0.3911453125 0.23240781250000003 0.3838546875 0.2370375 0.378125 0.25555625000000004 0.3692703125 0.2629625 0.3614578125 0.27592656249999997 0.3557296875 0.2870375 0.3515625 0.2981484375 0.3526046875 0.31111093749999996 0.3609375 0.3231484375 0.3692703125 0.328703125 0.3776046875 0.3416671875 0.3817703125 0.347221875 0.3869796875 0.35555625 0.3796875 0.3638890625 0.3713546875 0.36296249999999997 0.3645828125 0.353703125 0.3567703125 0.340740625 0.35 0.346296875 0.3479171875 0.3620375 0.3484375 0.375 0.3458328125 0.3879625 0.3489578125 0.4009265625 0.3598953125 0.3990734375 0.3671875 0.4009265625 0.375 0.41481406249999997 0.3765625 0.425 0.3963546875 0.41574062500000003 0.39375 0.4018515625
4 0.3197921875 0.26759218749999997 0.3130203125 0.272221875 0.3083328125 0.275 0.3057296875 0.29074062500000003 0.3026046875 0.30462968749999997 0.3005203125 0.3166671875 0.3005203125 0.33425937499999997 0.2979171875 0.3379625 0.2890625 0.34907343750000003 0.2911453125 0.3601859375 0.2994796875 0.36944374999999996 0.3088546875 0.37129687499999997 0.3192703125 0.36851875 0.3276046875 0.3638890625 0.3369796875 0.3611109375 0.3427078125 0.35740781250000003 0.3458328125 0.340740625 0.3447921875 0.32592656249999996 0.3479171875 0.31388906250000004 0.346875 0.302778125 0.3447921875 0.296296875 0.3197921875 0.2981484375 0.325 0.2953703125 0.3317703125 0.2824078125 0.328125 0.2703703125
4 0.6458328125 0.9984375 0.6458328125 0.978703125 0.6447921875 0.9509265625 0.6411453125000001 0.9324078124999999 0.6348953125000001 0.90648125 0.6234375 0.8888890625 0.6177078125000001 0.890740625 0.6046875 0.9055562500000001 0.5953125 0.9111109374999999 0.5833328125 0.9194437499999999 0.5697921874999999 0.9101859375 0.5598953125 0.9175921875 0.5572921875 0.9342593750000001 0.5609375 0.9583328124999999 0.5552078125000001 0.9833328124999999 0.553125 0.9984375 0.6416671875 0.9984375
4 0.5755203125 0.8259265625 0.5723953125000001 0.802778125 0.5713546875 0.775 0.5697921874999999 0.7657406250000001 0.5598953125 0.7518515625 0.5526046874999999 0.7518515625 0.5447921874999999 0.753703125 0.5364578125 0.7611109375 0.5307296874999999 0.7768515625 0.5291671874999999 0.7935187499999999 0.5229171874999999 0.8111109375 0.515625 0.8166671875 0.50625 0.825 0.5020828125000001 0.8444437499999999 0.5083328125000001 0.8564812500000001 0.5192703125 0.85555625 0.5260421875 0.852778125 0.5697921874999999 0.853703125 0.5755203125 0.8407406249999999
4 0.5223953125 0.6305562499999999 0.5177078125000001 0.5990734375 0.5151046874999999 0.5879624999999999 0.49791718749999997 0.56944375 0.49322968749999996 0.5675921875000001 0.48020781250000005 0.56944375 0.4703125 0.596296875 0.4713546875 0.6120375 0.4713546875 0.6361109375 0.48229218749999997 0.6481484375 0.48854218749999995 0.647221875 0.5208328125 0.6629625 0.5239578125000001 0.647221875
4 0.5010421875 0.46018593750000003 0.4869796875 0.45555625 0.47864531250000003 0.4620375 0.4671875 0.4731484375 0.45989531250000004 0.4851859375 0.4583328125 0.5046296875 0.4671875 0.525 0.47864531250000003 0.5361109374999999 0.48541718749999996 0.5388890625 0.5114578125 0.5240734375 0.5104171875 0.49166718749999994
4 0.4265625 0.23240781250000003 0.4265625 0.246296875 0.4296875 0.2648140625 0.43645781250000004 0.2768515625 0.44166718749999995 0.284259375 0.44375 0.29444375 0.4401046875 0.3009265625 0.43385468749999995 0.3166671875 0.43385468749999995 0.3240734375 0.4390625 0.3398140625 0.446875 0.3425921875 0.45260468749999994 0.34444375 0.4625 0.347221875 0.46770781250000004 0.359259375 0.46770781250000004 0.3731484375 0.46979218749999996 0.38425937499999996 0.47447968749999997 0.40555624999999995 0.47447968749999997 0.42222187499999997 0.47708281250000006 0.4324078125 0.48229218749999997 0.44166718749999995 0.48802031250000005 0.4518515625 0.4953125 0.45648125000000006 0.5026046875 0.453703125 0.5114578125 0.4481484375 0.5234375 0.4166671875 0.44322968749999997 0.18888906249999998 0.43697968749999994 0.175 0.43333281250000005 0.1824078125 0.42916718749999994 0.19629687499999998 0.4270828125 0.2129625
4 0.0223953125 0.9984375 0.031770312499999995 0.9796296874999999 0.0390625 0.9694437499999999 0.0432296875 0.95 0.0520828125 0.9333328125 0.054167187500000005 0.9175921875 0.054167187500000005 0.902778125 0.0421875 0.903703125 0.0354171875 0.9175921875 0.025520312499999996 0.921296875 0.0161453125 0.9333328125 0.009375 0.947221875 0.0057296874999999995 0.9574078125 0 0.9675921875 0 0.9984375
4 0.054167187500000005 0.7990734374999999 0.0546875 0.8175921875000001 0.0588546875 0.8333328124999999 0.0692703125 0.834259375 0.0791671875 0.8314812500000001 0.090625 0.8259265625 0.096875 0.8138890625 0.1026046875 0.7990734374999999 0.10625 0.7870375000000001 0.10677031249999999 0.7703703125 0.1057296875 0.7527781250000001 0.0984375 0.740740625 0.0875 0.7370375 0.0838546875 0.7370375 0.07291718750000001 0.7574078125 0.0645828125 0.7583328125000001 0.0557296875 0.7657406250000001 0.0536453125 0.7768515625
4 0.055207812499999995 0.7518515625 0.0609375 0.75 0.07291718750000001 0.74351875 0.078125 0.7296296875 0.084375 0.722221875 0.09114531249999999 0.722221875 0.1015625 0.73055625 0.1098953125 0.74351875 0.11875 0.7546296875 0.1255203125 0.7472218749999999 0.1307296875 0.7296296875 0.1369796875 0.7175921875 0.1375 0.703703125 0.1390625 0.6898140625 0.140625 0.671296875 0.1375 0.653703125 0.1296875 0.65 0.1171875 0.65 0.1130203125 0.653703125 0.1015625 0.6638890625 0.09375 0.6611109374999999 0.084375 0.652778125 0.028125 0.775 0.0328125 0.775 0.0432296875 0.777778125 0.05 0.7666671875
4 0.1484375 0.6194437500000001 0.15625 0.615740625 0.1635421875 0.6083328125 0.1708328125 0.60555625 0.1807296875 0.5925921875 0.1880203125 0.5814812500000001 0.1921875 0.5731484375 0.1963546875 0.5601859375 0.2010421875 0.5435187499999999 0.2052078125 0.53055625 0.209375 0.5157406250000001 0.2161453125 0.5018515625 0.2223953125 0.49166718749999994 0.2265625 0.478703125 0.2317703125 0.4620375 0.2369796875 0.447221875 0.2427078125 0.4324078125 0.2375 0.425 0.234375 0.4120375 0.2411453125 0.403703125 0.2484375 0.42592656250000005 0.2515625 0.41944375 0.2567703125 0.3981484375 0.2625 0.38425937499999996 0.2697921875 0.3648140625 0.2744796875 0.353703125 0.2791671875 0.3388890625 0.29375 0.296296875 0.2973953125 0.284259375 0.3005203125 0.2703703125 0.3046875 0.24907343750000002 0.3104171875 0.23611093749999998 0.3171875 0.21944375 0.3166671875 0.2018515625 0.3223953125 0.1916671875 0.3291671875 0.1990734375 0.3354171875 0.2101859375 0.3416671875 0.2166671875 0.3505203125 0.222221875 0.359375 0.23240781250000003 0.3552078125 0.24351875 0.3515625 0.2574078125 0.3557296875 0.2703703125 0.3619796875 0.26851875000000003 0.36875 0.25370312500000003 0.36875 0.2370375 0.3729171875 0.21759218749999998 0.3791671875 0.21203750000000002 0.3880203125 0.2074078125 0.396875 0.2018515625 0.40520781250000004 0.197221875 0.4109375 0.19444375 0.42083281250000004 0.1879625 0.428125 0.177778125 0.434375 0.16944375 0.3932296875 0.0675921875 0.2901046875 0.0490734375 0.2630203125 0.21203750000000002 0.1765625 0.45 0.1109375 0.59444375 0.1166671875 0.5990734375 0.1270828125 0.603703125 0.1364578125 0.615740625
4 0.228125 0.677778125 0.2088546875 0.678703125 0.1911453125 0.684259375 0.1770828125 0.690740625 0.1682296875 0.7148140625 0.1630203125 0.7370375 0.15625 0.7611109375 0.1421875 0.7925921875 0.1270828125 0.8101859375 0.121875 0.8398140625 0.1286453125 0.8509265625 0.1479171875 0.8416671875 0.1583328125 0.8231484375000001 0.1578125 0.7953703125 0.1635421875 0.7685187499999999 0.1744796875 0.7546296875 0.184375 0.7481484375 0.228125 0.7388890625 0.2354171875 0.7111109375