4 0.30625 0.39444375 0.2880203125 0.3888890625 0.2770828125 0.39259218749999997 0.2677078125 0.40740781249999997 0.2692703125 0.428703125 0.2802078125 0.4370375 0.2916671875 0.4351859375 0.3161453125 0.41759218750000004 0.3161453125 0.4111109375
4 0.3479171875 0.29907343750000004 0.3333328125 0.2916671875 0.3213546875 0.2916671875 0.3098953125 0.3009265625 0.3083328125 0.321296875 0.31875 0.3324078125 0.3260421875 0.31851875 0.3484375 0.3240734375 0.3494796875 0.321296875
4 0.4010421875 0.31851875 0.4010421875 0.297221875 0.3979171875 0.275 0.3958328125 0.25277812499999996 0.3880203125 0.23055625000000002 0.3776046875 0.23055625000000002 0.3645828125 0.23611093749999998 0.3541671875 0.25370312500000003 0.3578125 0.275 0.3635421875 0.2953703125 0.3703125 0.31111093749999996 0.3786453125 0.29907343750000004 0.3979171875 0.34351875 0.3984375 0.33518593750000003
4 0.3723953125 0.1879625 0.3640625 0.1870375 0.3588546875 0.1990734375 0.3640625 0.21203750000000002 0.3703125 0.2138890625 0.3770828125 0.203703125 0.3796875 0.1953703125
4 0.2979171875 0.23981406249999998 0.2869796875 0.23055625000000002 0.2723953125 0.23148125 0.2671875 0.24259218749999997 0.2671875 0.26203750000000003 0.275 0.271296875 0.2838546875 0.2768515625 0.2994796875 0.275 0.3015625 0.2574078125
4 0.3822921875 0.425 0.3739578125 0.4425921875 0.3833328125 0.4611109375 0.3973953125 0.4509265625 0.3963546875 0.43148125000000004
4 0.3307296875 0.8333328124999999 0.3197921875 0.8092593750000001 0.3005203125 0.8157406249999999 0.2890625 0.8407406249999999 0.2854171875 0.8731484375 0.290625 0.897221875 0.30625 0.9 0.3322921875 0.8953703125000001 0.3296875 0.8638890625
4 0.2796875 0.6 0.2734375 0.5898140625 0.2744796875 0.56851875 0.278125 0.5611109375 0.28125 0.546296875 0.2786453125 0.53148125 0.2817703125 0.51944375 0.2791671875 0.503703125 0.2786453125 0.4898140625 0.2802078125 0.47037031249999994 0.2802078125 0.4583328125 0.271875 0.4453703125 0.2614578125 0.447221875 0.2541671875 0.453703125 0.2505203125 0.465740625 0.2510421875 0.48148125 0.246875 0.4981484375 0.240625 0.5083328125000001 0.2375 0.5185187499999999 0.240625 0.53148125 0.2520828125 0.5425921875 0.2552078125 0.55 0.246875 0.5583328125 0.2338546875 0.56851875 0.2265625 0.5768515625 0.234375 0.59351875 0.2416671875 0.5953703124999999 0.2484375 0.6 0.2411453125 0.6148140625 0.2395828125 0.6277781250000001 0.2421875 0.6425921875 0.2515625 0.652778125 0.2583328125 0.652778125 0.2645828125 0.6379625 0.2666671875 0.6277781250000001 0.275 0.6305562499999999 0.28125 0.615740625
4 0.3791671875 0.5379625 0.3859375 0.5370375000000001 0.3947921875 0.51944375 0.3973953125 0.5009265625 0.396875 0.48148125 0.3854171875 0.4731484375 0.3739578125 0.46666718749999997 0.3630203125 0.4648140625 0.35 0.45648125000000006 0.3364578125 0.45740781249999996 0.3244796875 0.4629625 0.3125 0.465740625 0.3015625 0.471296875 0.2921875 0.48055624999999996 0.2848953125 0.5009265625 0.284375 0.5231484375 0.2864578125 0.540740625 0.3020828125 0.5546296875000001 0.309375 0.5546296875000001 0.3161453125 0.5481484375 0.353125 0.540740625 0.3614578125 0.540740625
4 0.36875 0.7240734375 0.3838546875 0.7296296875 0.3927078125 0.7074078125 0.3901046875 0.6768515625 0.384375 0.6629625 0.3708328125 0.6481484375 0.3567703125 0.6361109375 0.346875 0.6138890625 0.3453125 0.597221875 0.3348953125 0.5740734375 0.3171875 0.5675921875000001 0.3057296875 0.5796296875 0.303125 0.6111109375 0.2932296875 0.6388890625 0.2854171875 0.6518515625 0.2895828125 0.6768515625 0.3005203125 0.697221875 0.3052078125 0.7203703124999999 0.3239578125 0.7379625 0.3338546875 0.7425921875 0.353125 0.71944375 0.35625 0.722221875
4 0.2213546875 0.821296875 0.209375 0.8240734375000001 0.1994796875 0.8444437499999999 0.2005203125 0.8833328125 0.2083328125 0.8935187499999999 0.2197921875 0.8870374999999999 0.2375 0.852778125 0.2369796875 0.84351875
4 0.1307296875 0.6916671875 0.1338546875 0.6675921875 0.1234375 0.652778125 0.1010421875 0.6518515625 0.0890625 0.65648125 0.0786453125 0.672221875 0.06770781249999999 0.7009265625000001 0.0635421875 0.7351859375 0.0734375 0.7509265625 0.08854218750000001 0.7490734375 0.09635468750000001 0.7268515625 0.1010421875 0.7129624999999999 0.1109375 0.7101859375 0.1182296875 0.7064812500000001
4 0.2619796875 0.9984375 0.265625 0.9984375 0.2765625 0.9638890625000001 0.2770828125 0.9240734375 0.2645828125 0.9203703125 0.2494796875 0.9351859375 0.2296875 0.9398140625 0.21875 0.93148125 0.2041671875 0.9129625000000001 0.1921875 0.9240734375 0.1828125 0.952778125 0.184375 0.9879625000000001 0.1885421875 0.9984375
4 0.3729171875 0.9984375 0.3739578125 0.9953703125000001 0.3739578125 0.9888890625 0.3697921875 0.978703125 0.3677078125 0.959259375 0.3677078125 0.946296875 0.3583328125 0.9370375 0.3520828125 0.9407406249999999 0.3463546875 0.9583328124999999 0.3453125 0.9657406249999999 0.3453125 0.977778125 0.3484375 0.99351875 0.3484375 0.9984375
4 0.26875 0.85 0.2677078125 0.846296875 0.259375 0.84351875 0.2541671875 0.847221875 0.2494796875 0.8564812500000001 0.2463546875 0.86944375 0.2473953125 0.8768515625 0.2520828125 0.8916671875000001 0.2552078125 0.8990734375 0.2708328125 0.8833328125 0.26875 0.8657406249999999
4 0.3010421875 0.74351875 0.2916671875 0.7398140625 0.2901046875 0.7611109375 0.2932296875 0.777778125 0.2979171875 0.7916671875 0.3083328125 0.771296875 0.30625 0.7574078125
4 0.5984375 0.9984375 0.5276046875 0.597221875 0.465625 0.23888906250000003 0.45625 0.228703125 0.44375 0.21574062500000002 0.4375 0.2018515625 0.43020781250000006 0.19351875000000002 0.42239531250000006 0.18611093750000002 0.41458281250000006 0.1796296875 0.3947921875 0.172221875 0.40729218749999996 0.302778125 0.4088546875 0.4731484375 0.3989578125 0.9984375