4 0.015625 0.9984375 0.121875 0.7481484375 0.1026046875 0.6861109375 0.047395312499999995 0.7509265625 0 0.796296875 0 0.9984375
4 0.5375 0.8083328125 0.5083328125000001 0.8259265625 0.49375 0.9018515624999999 0.49322968749999996 0.9509265625 0.5453125 0.9731484375000001 0.5484375 0.9444437499999999 0.5354171875 0.8518515624999999
4 0.5260421875 0.73055625 0.49427031250000003 0.7231484375 0.475 0.7620375 0.4953125 0.7824078125 0.5229171874999999 0.7685187499999999
4 0.128125 0.8870374999999999 0.11875 0.8870374999999999 0.1140625 0.946296875 0.1265625 0.9648140625 0.1411453125 0.9268515624999999
4 0.2609375 0.9481484375000001 0.2671875 0.9185187499999999 0.2421875 0.853703125 0.1776046875 0.8518515624999999 0.1630203125 0.9333328125 0.2078125 0.95 0.2364578125 0.927778125
4 0.25625 0.828703125 0.2869796875 0.822221875 0.3015625 0.7824078125 0.2697921875 0.778703125
4 0.2151046875 0.7638890625 0.2130203125 0.7990734374999999 0.2234375 0.8157406249999999 0.2307296875 0.772221875
4 0.1796875 0.8324078125 0.1953125 0.803703125 0.1796875 0.7675921875 0.1588546875 0.7490734375 0.1302078125 0.7759265625 0.1229171875 0.8574078125 0.1541671875 0.8203703125
4 0.4088546875 0.6611109374999999 0.4265625 0.696296875 0.45104218749999997 0.6796296875000001 0.45625 0.6416671875 0.4296875 0.64444375
4 0.5078125 0.44351874999999996 0.4296875 0.3879625 0.4114578125 0.4018515625 0.41979218749999997 0.46759218750000003 0.4109375 0.4990734375 0.41458281250000006 0.6268515625 0.465625 0.5833328125 0.49270781250000006 0.5638890625 0.521875 0.53055625
4 0.2807296875 0.09074062499999999 0.2895828125 0.0925921875 0.29375 0.0583328125 0.2739578125 0.046296875 0.2729171875 0.0324078125 0.2651046875 0.0296296875 0.2546875 0.051851562500000004 0.2776046875 0.0796296875
4 0.2541671875 0.2370375 0.1661453125 0.45925937499999997 0.1307296875 0.5333328125000001 0.1208328125 0.584259375 0.0958328125 0.6240734375 0.1161453125 0.6453703125 0.1380203125 0.6435187499999999 0.159375 0.6574078125 0.2442703125 0.44166718749999995 0.3015625 0.2740734375 0.3223953125 0.2018515625 0.3296875 0.1518515625 0.3291671875 0.1175921875 0.3255203125 0.0953703125 0.3130203125 0.075 0.3020828125 0.0824078125 0.2864578125 0.10555624999999999 0.2854171875 0.1111109375 0.2796875 0.146296875
4 0.3 0.3 0.2713546875 0.409259375 0.3203125 0.41759218750000004 0.3182296875 0.4611109375 0.2671875 0.440740625 0.2546875 0.4648140625 0.2916671875 0.49351874999999995 0.2364578125 0.5101859375 0.1890625 0.6120375 0.2197921875 0.6509265625 0.2395828125 0.7425921875 0.2947921875 0.7138890625000001 0.3041671875 0.7398140625 0.3473953125 0.7611109375 0.3859375 0.796296875 0.40260468749999995 0.45925937499999997 0.40260468749999995 0.353703125 0.3989578125 0.2351859375 0.3890625 0.1648140625 0.3786453125 0.128703125 0.3614578125 0.09444375 0.3526046875 0.0870375 0.3432296875 0.121296875 0.3338546875 0.12962968749999998 0.3286453125 0.18611093750000002
4 0.3791671875 0.1231484375 0.390625 0.15 0.396875 0.1833328125 0.4046875 0.24537031250000002 0.409375 0.3129625 0.43125 0.37222187500000004 0.45260468749999994 0.3796296875 0.46770781250000004 0.3981484375 0.48333281250000004 0.40277812500000004 0.5010421875 0.4240734375 0.5104171875 0.4240734375 0.4921875 0.3546296875 0.4713546875 0.359259375 0.47083281250000003 0.3296296875 0.45208281250000004 0.3240734375 0.44635468749999996 0.28981406249999997 0.44895781250000005 0.2611109375 0.46145781250000006 0.25370312500000003 0.4635421875 0.24444375 0.45989531250000004 0.22962968749999998 0.45208281250000004 0.2129625 0.440625 0.2231484375 0.43177031250000003 0.227778125 0.421875 0.20648125 0.43697968749999994 0.1953703125 0.4359375 0.175 0.40833281250000003 0.1111109375 0.3682296875 0.06944375 0.3265625 0.0490734375 0.325 0.0583328125 0.3453125 0.072221875 0.3645828125 0.09444375