4 0.3619796875 0.9984375 0.3604171875 0.9981484375 0.3567703125 0.975 0.3520828125 0.9611109375 0.3640625 0.9574078125 0.3671875 0.93148125 0.3546875 0.9 0.3453125 0.8870374999999999 0.3401046875 0.8611109375 0.3322921875 0.8120375 0.3223953125 0.8111109375 0.3109375 0.828703125 0.309375 0.8546296874999999 0.3109375 0.8888890625 0.3026046875 0.9055562500000001 0.2994796875 0.8777781250000001 0.2921875 0.8666671875 0.2760421875 0.8740734375000001 0.2609375 0.8768515625 0.2546875 0.8509265625 0.2473953125 0.8268515624999999 0.2307296875 0.8370374999999999 0.221875 0.85555625 0.215625 0.8768515625 0.2010421875 0.8870374999999999 0.1895828125 0.8879625000000001 0.1729171875 0.897221875 0.1598953125 0.9203703125 0.1479171875 0.928703125 0.1369796875 0.9388890625 0.12239531249999999 0.9481484375000001 0.1125 0.9620374999999999 0.1088546875 0.9814812500000001 0.1088546875 0.984259375 0.1161453125 0.9984375
4 0.3869796875 0.6148140625 0.3786453125 0.6129625 0.3671875 0.61851875 0.365625 0.63148125 0.3677078125 0.65 0.3807296875 0.6638890625 0.3958328125 0.6583328125000001 0.3984375 0.63148125
4 0.3213546875 0.434259375 0.2869796875 0.42592656250000005 0.2697921875 0.43055625 0.2666671875 0.446296875 0.26875 0.45740781249999996 0.2734375 0.46944375000000005 0.2770828125 0.48055624999999996 0.2807296875 0.48333281250000004 0.3052078125 0.484259375 0.3083328125 0.4648140625
4 0.3880203125 0.47037031249999994 0.3755203125 0.45648125000000006 0.3682296875 0.45 0.35625 0.45462968750000005 0.3458328125 0.45740781249999996 0.3411453125 0.46018593750000003 0.3364578125 0.47592656250000004 0.3401046875 0.4870375 0.3453125 0.5027781250000001 0.3598953125 0.5083328125000001 0.3916671875 0.5046296875 0.3927078125 0.4898140625
4 0.40260468749999995 0.3833328125 0.4 0.37129687499999997 0.3932296875 0.3611109375 0.3859375 0.3611109375 0.378125 0.3638890625 0.3692703125 0.3759265625 0.3640625 0.38703750000000003 0.3645828125 0.3990734375 0.3692703125 0.4111109375 0.3791671875 0.4120375 0.3848953125 0.40833281250000003 0.3953125 0.3990734375 0.40208281250000005 0.397221875
4 0.36875 0.35555625 0.3671875 0.3453703125 0.3552078125 0.3324078125 0.3479171875 0.3361109375 0.3421875 0.346296875 0.3411453125 0.36296249999999997 0.346875 0.3759265625 0.3520828125 0.38148125 0.3645828125 0.3759265625 0.3677078125 0.3740734375
4 0.3979171875 0.322221875 0.390625 0.3148140625 0.3854171875 0.32592656249999996 0.3880203125 0.3425921875 0.3942703125 0.346296875 0.40208281250000005 0.3425921875 0.3994796875 0.3324078125
4 0.3416671875 0.303703125 0.3338546875 0.29444375 0.3260421875 0.29351875 0.3177078125 0.296296875 0.3088546875 0.302778125 0.3098953125 0.3148140625 0.3145828125 0.33148125 0.3208328125 0.340740625 0.3276046875 0.3425921875 0.3432296875 0.33425937499999997 0.3453125 0.31851875
4 0.3984375 0.2601859375 0.3953125 0.247221875 0.3890625 0.24351875 0.3796875 0.2416671875 0.3723953125 0.246296875 0.3630203125 0.25277812499999996 0.3557296875 0.26203750000000003 0.35625 0.275 0.3609375 0.2879625 0.3692703125 0.30648125 0.3765625 0.309259375 0.3932296875 0.2870375 0.3963546875 0.2740734375
4 0.3885421875 0.21574062500000002 0.3880203125 0.2 0.3791671875 0.1925921875 0.375 0.1953703125 0.3708328125 0.20555625000000002 0.3619796875 0.20277812499999998 0.3536453125 0.2 0.3473953125 0.2046296875 0.3432296875 0.2083328125 0.3411453125 0.221296875 0.346875 0.23055625000000002 0.35625 0.23055625000000002 0.3625 0.2351859375 0.36875 0.240740625 0.375 0.221296875 0.3828125 0.221296875
4 0.3848953125 0.1574078125 0.3822921875 0.1490734375 0.3828125 0.13518593750000002 0.3770828125 0.125 0.3671875 0.125 0.3604171875 0.128703125 0.3541671875 0.1361109375 0.3510421875 0.1481484375 0.3588546875 0.1518515625 0.3661453125 0.15 0.3708328125 0.1574078125 0.3723953125 0.1703703125 0.3791671875 0.172221875 0.3875 0.175 0.3890625 0.1703703125
4 0.3515625 0.13425937500000001 0.353125 0.13148125 0.3552078125 0.1259265625 0.3567703125 0.1203703125 0.3572921875 0.1166671875 0.3598953125 0.1138890625 0.3640625 0.11296250000000001 0.3661453125 0.11296250000000001 0.3703125 0.11018593750000001 0.3708328125 0.1074078125 0.3692703125 0.10370312500000001 0.3666671875 0.1 0.3661453125 0.0925921875 0.36875 0.0916671875 0.3729171875 0.0916671875 0.3760421875 0.0925921875 0.3786453125 0.09814843749999999 0.3776046875 0.10277812500000001 0.3755203125 0.10555624999999999 0.3760421875 0.1111109375 0.3786453125 0.115740625 0.38125 0.1203703125 0.3838546875 0.1240734375 0.3875 0.1240734375 0.390625 0.1231484375 0.3942703125 0.122221875 0.3963546875 0.12685156250000001 0.3984375 0.128703125 0.40208281250000005 0.12777812500000002 0.40416718749999997 0.125 0.4046875 0.1203703125 0.40260468749999995 0.1166671875 0.40208281250000005 0.1148140625 0.403125 0.11296250000000001 0.40572968749999994 0.11203749999999998 0.4078125 0.1111109375 0.40989531250000005 0.1138890625 0.4125 0.1148140625 0.41354218749999994 0.1138890625 0.41354218749999994 0.11018593750000001 0.41197968749999997 0.1083328125 0.40989531250000005 0.10462968749999998 0.409375 0.10277812500000001 0.40729218749999996 0.0990734375 0.3869796875 0.0759265625 0.3645828125 0.05092656250000001 0.3630203125 0.05 0.3625 0.05092656250000001 0.3619796875 0.056481250000000004 0.3614578125 0.065740625 0.3604171875 0.0666671875 0.3572921875 0.06944375 0.3536453125 0.072221875 0.3510421875 0.0731484375 0.3484375 0.0703703125 0.3442703125 0.072221875 0.3411453125 0.07407343749999999 0.3380203125 0.07129687500000001 0.3348953125 0.07129687500000001 0.33125 0.0703703125 0.328125 0.065740625 0.3234375 0.06388906250000001 0.3192703125 0.0675921875 0.3140625 0.0629625 0.3109375 0.0611109375 0.309375 0.065740625 0.3057296875 0.06851874999999999 0.3015625 0.06388906250000001 0.3 0.0629625 0.2963546875 0.0620375 0.2942703125 0.056481250000000004 0.2911453125 0.056481250000000004 0.2885421875 0.055556249999999995 0.2864578125 0.051851562500000004 0.2854171875 0.045370312499999996 0.2833328125 0.0388890625 0.28125 0.0361109375 0.2776046875 0.0361109375 0.2744796875 0.0361109375 0.2880203125 0.084259375 0.2848953125 0.15277812500000001 0.2697921875 0.1870375 0.2723953125 0.1870375 0.2765625 0.1833328125 0.2817703125 0.177778125 0.2875 0.17407343749999998 0.290625 0.1703703125 0.296875 0.1703703125 0.3020828125 0.1703703125 0.3078125 0.16851875 0.3130203125 0.16851875 0.3182296875 0.1675921875 0.321875 0.1666671875 0.325 0.15648125 0.3276046875 0.14537031250000002 0.3291671875 0.13518593750000002 0.3322921875 0.1259265625 0.3359375 0.125 0.3364578125 0.13518593750000002 0.3401046875 0.1398140625 0.3494796875 0.1425921875 0.3494796875 0.1416671875
4 0.42291718749999996 0.14351875 0.41822968749999995 0.1416671875 0.41614531250000003 0.1416671875 0.415625 0.1425921875 0.4140625 0.1490734375 0.41302031250000004 0.1574078125 0.41302031250000004 0.1620375 0.41614531250000003 0.1648140625 0.41979218749999997 0.165740625 0.4244796875 0.16018593750000001 0.4244796875 0.1518515625
4 0.40729218749999996 0.1416671875 0.40520781250000004 0.13703749999999998 0.40208281250000005 0.13518593750000002 0.3989578125 0.13703749999999998 0.3958328125 0.1398140625 0.3953125 0.147221875 0.3947921875 0.153703125 0.396875 0.16018593750000001 0.3989578125 0.1629625 0.40572968749999994 0.153703125 0.40729218749999996 0.15
4 0.1541671875 0.5898140625 0.1526046875 0.5675921875000001 0.1463546875 0.55648125 0.1375 0.5583328125 0.1302078125 0.58055625 0.1369796875 0.596296875 0.1453125 0.6018515625 0.1546875 0.6111109375 0.1598953125 0.621296875 0.1697921875 0.6111109375 0.1630203125 0.597221875
4 0.1838546875 0.54444375 0.175 0.5546296875000001 0.1776046875 0.5731484375 0.1859375 0.5731484375 0.1958328125 0.565740625 0.1916671875 0.5546296875000001
4 0.225 0.49166718749999994 0.2213546875 0.47222187499999996 0.2140625 0.46944375000000005 0.2057296875 0.475 0.1932296875 0.47592656250000004 0.1838546875 0.47777812500000005 0.1791671875 0.49444375 0.1796875 0.50648125 0.1770828125 0.5203703125 0.1848953125 0.5259265625 0.19375 0.521296875 0.2046875 0.5120375 0.2177078125 0.50648125
4 0.2385421875 0.4370375 0.2375 0.41759218750000004 0.2302078125 0.40648125 0.2203125 0.40277812500000004 0.2135421875 0.40833281250000003 0.2114578125 0.4268515625 0.2067703125 0.4425921875 0.2130203125 0.45740781249999996 0.2213546875 0.4611109375 0.2338546875 0.45648125000000006 0.2380203125 0.45555625
4 0.2770828125 0.322221875 0.2677078125 0.31759218749999996 0.2572921875 0.321296875 0.2520828125 0.3379625 0.2567703125 0.352778125 0.2640625 0.35555625 0.2802078125 0.3453703125 0.2802078125 0.3379625
4 0.296875 0.2546296875 0.2864578125 0.2509265625 0.2802078125 0.2666671875 0.2869796875 0.28981406249999997 0.2875 0.29074062500000003 0.303125 0.2851859375 0.3026046875 0.26944375
4 0.1744796875 0.4648140625 0.1828125 0.4620375 0.1802078125 0.447221875 0.1708328125 0.425 0.171875 0.409259375 0.1765625 0.4009265625 0.1848953125 0.390740625 0.1921875 0.3731484375 0.1973953125 0.3601859375 0.2036453125 0.3546296875 0.2088546875 0.3481484375 0.2177078125 0.3333328125 0.2239578125 0.3268515625 0.2307296875 0.327778125 0.2416671875 0.328703125 0.2484375 0.3240734375 0.2557296875 0.31111093749999996 0.2536453125 0.296296875 0.2552078125 0.28055625 0.2635421875 0.275 0.2708328125 0.26944375 0.2723953125 0.25648125 0.2682296875 0.24259218749999997 0.265625 0.2268515625 0.265625 0.2138890625 0.2645828125 0.2009265625 0.240625 0.2583328125 0.2229171875 0.3009265625 0.1958328125 0.347221875 0.1427078125 0.43888906250000004 0.1427078125 0.4425921875 0.1489578125 0.4509265625 0.1572921875 0.45648125000000006 0.1666671875 0.45648125000000006
4 0.6583328125000001 0.9984375 0.6604171875 0.9953703125000001 0.6630203125 0.9768515624999999 0.671875 0.9694437499999999 0.690625 0.9731484375000001 0.7005203125 0.9546296875 0.7010421874999999 0.94351875 0.7 0.9203703125 0.6979171875 0.902778125 0.7 0.8759265624999999 0.6984375 0.8546296874999999 0.6890625 0.8444437499999999 0.6859375 0.8268515624999999 0.6854171874999999 0.80648125 0.6770828125 0.78148125 0.6697921874999999 0.7703703125 0.65625 0.7731484375 0.6473953125 0.7833328125000001 0.6427078125000001 0.8074078124999999 0.6359375 0.8175921875000001 0.6255203125000001 0.822221875 0.6067703125 0.822221875 0.6026046875 0.8157406249999999 0.6020828125000001 0.796296875 0.6119796875 0.7870375000000001 0.6234375 0.790740625 0.6317703125 0.7898140625 0.6348953125000001 0.7685187499999999 0.6302078125 0.746296875 0.6255203125000001 0.7231484375 0.61875 0.7046296875 0.609375 0.6925921875000001 0.609375 0.6703703125 0.6010421874999999 0.65 0.5942703125000001 0.6407406250000001 0.5854171874999999 0.628703125 0.571875 0.6203703125 0.5661453125 0.6083328125 0.5583328125 0.577778125 0.5541671874999999 0.5703703124999999 0.54375 0.5546296875000001 0.5317703125000001 0.5574078124999999 0.51875 0.5824078125 0.5182296875 0.5916671874999999 0.5057296874999999 0.6092593749999999 0.5036453125 0.6111109375 0.5015625 0.6305562499999999 0.4984375 0.6546296875000001 0.4895828125 0.677778125 0.48020781250000005 0.6981484375 0.47447968749999997 0.7166671874999999 0.48385468749999994 0.7388890625 0.4953125 0.7453703125 0.5067703125 0.7472218749999999 0.5197921875 0.7472218749999999 0.53125 0.7472218749999999 0.5380203125 0.7518515625 0.5380203125 0.772221875 0.5354171875 0.7888890625 0.528125 0.8129625 0.5244796875 0.8361109375 0.5244796875 0.847221875 0.5265625 0.8703703125000001 0.5302078125 0.8824078125 0.5380203125 0.9055562500000001 0.5416671875 0.915740625 0.5567703125000001 0.93148125 0.5677078125 0.9416671875 0.584375 0.9481484375000001 0.59375 0.952778125 0.5963546875 0.9694437499999999 0.6010421874999999 0.9916671875 0.6072921874999999 0.9984375
4 0.5104171875 0.571296875 0.509375 0.5509265625 0.5020828125000001 0.522221875 0.4921875 0.5129625 0.4817703125 0.49629687499999997 0.47083281250000003 0.49629687499999997 0.46145781250000006 0.5138890625 0.45520781250000003 0.527778125 0.44114531250000005 0.528703125 0.4328125 0.5324078125 0.42239531250000006 0.5416671875 0.42760468749999997 0.5601859375 0.43645781250000004 0.5703703124999999 0.44895781250000005 0.5666671875 0.453125 0.5824078125 0.4713546875 0.5925921875 0.49427031250000003 0.5731484375 0.5010421875 0.575
4 0.48854218749999995 0.4268515625 0.47760468749999996 0.4296296875 0.47447968749999997 0.447221875 0.4817703125 0.4611109375 0.49375 0.4481484375 0.49322968749999996 0.44444375
4 0.48333281250000004 0.3620375 0.47864531250000003 0.3379625 0.48020781250000005 0.31851875 0.4895828125 0.309259375 0.4895828125 0.2851859375 0.48333281250000004 0.2638890625 0.4703125 0.24444375 0.46822968749999994 0.23055625000000002 0.46822968749999994 0.20925937499999997 0.46302031250000003 0.1916671875 0.453125 0.197221875 0.44427031250000004 0.2129625 0.4328125 0.221296875 0.425 0.227778125 0.42135468749999994 0.24814843749999999 0.42135468749999994 0.2648140625 0.42916718749999994 0.2861109375 0.4322921875 0.303703125 0.43177031250000003 0.322221875 0.42135468749999994 0.3398140625 0.42135468749999994 0.35648124999999997 0.42552031250000005 0.3768515625 0.42916718749999994 0.4018515625 0.44427031250000004 0.396296875 0.45208281250000004 0.4 0.4765625 0.39444375 0.48385468749999994 0.3833328125