4 0.3161453125 0.7879625 0.3046875 0.772221875 0.3151046875 0.759259375 0.3296875 0.740740625 0.3270828125 0.7240734375 0.3026046875 0.71851875 0.2994796875 0.71851875 0.2895828125 0.7314812500000001 0.2713546875 0.7324078125 0.2588546875 0.7351859375 0.2536453125 0.75 0.2578125 0.76944375 0.25 0.7861109374999999 0.2427078125 0.8120375 0.2421875 0.8453703125 0.25625 0.8666671875 0.2708328125 0.8546296874999999 0.278125 0.8407406249999999 0.3119796875 0.8370374999999999 0.3203125 0.8120375
4 0.3609375 0.7629625 0.3505203125 0.772221875 0.3442703125 0.8 0.353125 0.8259265625 0.359375 0.8259265625 0.3869796875 0.8157406249999999 0.3859375 0.7759265625
4 0.3010421875 0.6138890625 0.2901046875 0.6046296875 0.2723953125 0.602778125 0.2651046875 0.6046296875 0.2598953125 0.615740625 0.259375 0.6361109375 0.2510421875 0.647221875 0.253125 0.6731484375 0.2645828125 0.6824078124999999 0.26875 0.68148125 0.2760421875 0.6731484375 0.309375 0.653703125 0.3046875 0.621296875
4 0.35 0.615740625 0.3375 0.6083328125 0.334375 0.6129625 0.3291671875 0.6305562499999999 0.3291671875 0.64444375 0.3333328125 0.6611109374999999 0.3421875 0.665740625 0.3578125 0.6435187499999999 0.3494796875 0.6379625
4 0.2635421875 0.5055562499999999 0.259375 0.5009265625 0.2515625 0.5 0.2447921875 0.5027781250000001 0.2354171875 0.509259375 0.2255203125 0.525 0.225 0.5268515625 0.2208328125 0.540740625 0.225 0.559259375 0.2338546875 0.5675921875000001 0.2401046875 0.5666671875 0.24375 0.5638890625 0.2489578125 0.5611109375 0.2666671875 0.53148125 0.2671875 0.5175921875
4 0.26875 0.45 0.2625 0.4481484375 0.2536453125 0.45462968750000005 0.2510421875 0.475 0.2526046875 0.4870375 0.2546875 0.49074062500000004 0.2635421875 0.4861109375 0.2666671875 0.48333281250000004 0.2802078125 0.47222187499999996 0.2791671875 0.4629625
4 0.3557296875 0.4324078125 0.3520828125 0.4231484375 0.346875 0.4231484375 0.3390625 0.4379625 0.3369796875 0.43611093749999996 0.3364578125 0.4231484375 0.3291671875 0.4138890625 0.3213546875 0.41574062500000003 0.3223953125 0.4240734375 0.321875 0.4370375 0.3171875 0.45277812500000003 0.3182296875 0.46018593750000003 0.321875 0.46851875 0.3286453125 0.471296875 0.3328125 0.471296875 0.3489578125 0.45925937499999997 0.3557296875 0.4398140625
4 0.39375 0.5138890625 0.3869796875 0.5111109375 0.3791671875 0.5055562499999999 0.38125 0.49629687499999997 0.3880203125 0.4888890625 0.3921875 0.4888890625 0.3973953125 0.48055624999999996 0.3994796875 0.465740625 0.396875 0.44444375 0.3963546875 0.4398140625 0.3890625 0.427778125 0.3822921875 0.41944375 0.3708328125 0.41944375 0.3671875 0.4231484375 0.3598953125 0.4370375 0.3583328125 0.44351874999999996 0.3583328125 0.4509265625 0.35625 0.4620375 0.353125 0.4731484375 0.3510421875 0.49166718749999994 0.3546875 0.5 0.3572921875 0.5185187499999999 0.3572921875 0.525 0.3588546875 0.546296875 0.3640625 0.552778125 0.3760421875 0.553703125 0.3979171875 0.5370375000000001 0.3973953125 0.5231484375
4 0.3421875 0.49444375 0.3375 0.48055624999999996 0.3302078125 0.47777812500000005 0.3192703125 0.49629687499999997 0.3197921875 0.509259375 0.3229171875 0.5185187499999999 0.3244796875 0.5324078125 0.3286453125 0.5435187499999999 0.334375 0.5453703125 0.346875 0.521296875 0.3432296875 0.509259375
4 0.3682296875 0.2953703125 0.3645828125 0.2861109375 0.3515625 0.28055625 0.3484375 0.2870375 0.3473953125 0.2981484375 0.3479171875 0.3120375 0.353125 0.3240734375 0.3578125 0.327778125 0.3614578125 0.3398140625 0.365625 0.3416671875 0.3723953125 0.32037031250000003 0.3713546875 0.30740781250000004
4 0.3302078125 0.28148125 0.3265625 0.29074062500000003 0.3270828125 0.30555625000000003 0.3302078125 0.31388906250000004 0.334375 0.3148140625 0.3458328125 0.29074062500000003 0.3348953125 0.28055625
4 0.3932296875 0.2231484375 0.3869796875 0.2101859375 0.3786453125 0.20925937499999997 0.3729171875 0.19629687499999998 0.3604171875 0.1870375 0.3536453125 0.1879625 0.34375 0.19444375 0.3364578125 0.2046296875 0.3375 0.2231484375 0.35 0.22592656249999998 0.359375 0.225 0.3635421875 0.24537031250000002 0.3651046875 0.2611109375 0.3677078125 0.272221875 0.375 0.277778125 0.3932296875 0.2546296875 0.3963546875 0.2379625
4 0.3609375 0.1796296875 0.3671875 0.1796296875 0.3723953125 0.1796296875 0.3744796875 0.18611093750000002 0.3760421875 0.197221875 0.3817703125 0.20648125 0.3854171875 0.20648125 0.3890625 0.2018515625 0.390625 0.19444375 0.3916671875 0.1870375 0.3921875 0.175 0.3921875 0.17407343749999998 0.3890625 0.1638890625 0.3828125 0.159259375 0.3817703125 0.1583328125 0.3765625 0.153703125 0.3734375 0.1518515625 0.36875 0.1546296875 0.3635421875 0.1583328125 0.3588546875 0.15648125 0.35625 0.15277812500000001 0.3552078125 0.1509265625 0.359375 0.1490734375 0.3651046875 0.146296875 0.3713546875 0.1398140625 0.3729171875 0.12685156250000001 0.3729171875 0.1175921875 0.3713546875 0.1111109375 0.3651046875 0.10555624999999999 0.359375 0.1018515625 0.3536453125 0.10277812500000001 0.3479171875 0.1 0.3432296875 0.097221875 0.3375 0.1 0.3338546875 0.10648125 0.3322921875 0.115740625 0.334375 0.12777812500000002 0.3348953125 0.13518593750000002 0.3364578125 0.14444375 0.3390625 0.147221875 0.3416671875 0.147221875 0.3375 0.153703125 0.3348953125 0.1574078125 0.3328125 0.1666671875 0.3328125 0.1731484375 0.3317703125 0.1833328125 0.3302078125 0.1925921875 0.3291671875 0.2009265625 0.3322921875 0.2046296875 0.3505203125 0.1759265625 0.3567703125 0.1768515625
4 0.1864578125 0.46666718749999997 0.1911453125 0.46759218750000003 0.1973953125 0.47037031249999994 0.203125 0.46666718749999997 0.2041671875 0.4611109375 0.2046875 0.4481484375 0.2046875 0.440740625 0.2036453125 0.43055625 0.1989578125 0.427778125 0.1942703125 0.41944375 0.1921875 0.4111109375 0.1651046875 0.4629625 0.1682296875 0.46759218750000003 0.1729171875 0.47222187499999996 0.1802078125 0.47037031249999994
4 0.47447968749999997 0.9101859375 0.47239531250000005 0.9111109374999999 0.459375 0.9148140625 0.45520781250000003 0.8888890625 0.44322968749999997 0.875 0.43645781250000004 0.88148125 0.44166718749999995 0.9018515624999999 0.4421875 0.9194437499999999 0.4421875 0.9324078124999999 0.4421875 0.9509265625 0.4515625 0.972221875 0.45989531250000004 0.9703703125 0.4635421875 0.9703703125 0.4875 0.9407406249999999 0.490625 0.9175921875
4 0.5020828125000001 0.784259375 0.49322968749999996 0.7768515625 0.48020781250000005 0.7861109374999999 0.4713546875 0.7731484375 0.45729218749999995 0.7518515625 0.4557296875 0.7490734375 0.43854218749999996 0.7555562499999999 0.4328125 0.7620375 0.42604218749999995 0.7861109374999999 0.4234375 0.8074078124999999 0.42864531250000004 0.8379625 0.43072968749999996 0.8425921875 0.44166718749999995 0.8453703125 0.45104218749999997 0.8583328124999999 0.45625 0.8629625000000001 0.49635468749999995 0.8416671875 0.5 0.8148140625
4 0.6541671874999999 0.9984375 0.5880203125000001 0.7083328125 0.5598953125 0.7583328125000001 0.5541671874999999 0.7861109374999999 0.5453125 0.7990734374999999 0.5182296875 0.8148140625 0.5104171875 0.8231484375000001 0.5067703125 0.8490734375000001 0.5067703125 0.8870374999999999 0.5140625 0.9185187499999999 0.5229171874999999 0.9518515624999999 0.5458328125 0.977778125 0.5645828125000001 0.977778125 0.5682296874999999 0.9984375
4 0.44479218749999994 0.4861109375 0.428125 0.48333281250000004 0.4192703125 0.4870375 0.4166671875 0.5009265625 0.41979218749999997 0.5185187499999999 0.4270828125 0.5296296875000001 0.4322921875 0.5351859375 0.4505203125 0.5231484375 0.4484375 0.49537031249999997
4 0.5489578125000001 0.5851859375 0.5489578125000001 0.5703703124999999 0.5453125 0.5583328125 0.5411453125000001 0.5518515625 0.5322921875 0.553703125 0.528125 0.5546296875000001 0.5213546874999999 0.5509265625 0.5166671875 0.5388890625 0.5145828125 0.525 0.5135421874999999 0.5166671875 0.521875 0.5083328125000001 0.5223953125 0.4888890625 0.515625 0.48055624999999996 0.5125 0.475 0.5177078125000001 0.46851875 0.5177078125000001 0.453703125 0.5088546875 0.44444375 0.5005203125000001 0.44907343749999995 0.49375 0.45462968750000005 0.48541718749999996 0.45925937499999997 0.4791671875 0.4648140625 0.47864531250000003 0.47777812500000005 0.4828125 0.4898140625 0.49010468749999997 0.5009265625 0.4921875 0.5101859375 0.49427031250000003 0.525 0.4973953125 0.5379625 0.49791718749999997 0.5518515625 0.5026046875 0.5666671875 0.5098953125000001 0.571296875 0.5145828125 0.5731484375 0.5354171875 0.590740625 0.5411453125000001 0.590740625
4 0.528125 0.48796249999999997 0.5322921875 0.4981484375 0.5302078125 0.5055562499999999 0.5260421875 0.5083328125000001 0.5229171874999999 0.5175921875 0.521875 0.527778125 0.525 0.5379625 0.528125 0.54444375 0.5338546875 0.5453703125 0.5416671875 0.5481484375 0.5442703125 0.5490734374999999 0.5520828125 0.55 0.5296875 0.471296875 0.5286453125 0.47222187499999996 0.5239578125000001 0.47037031249999994 0.5213546874999999 0.4768515625 0.5239578125000001 0.484259375
4 0.48645781250000003 0.3333328125 0.47291718749999995 0.3361109375 0.4578125 0.3324078125 0.45416718749999996 0.3324078125 0.45 0.340740625 0.45104218749999997 0.3611109375 0.44895781250000005 0.3731484375 0.44739531250000003 0.39259218749999997 0.45 0.397221875 0.45885468749999997 0.4129625 0.46666718749999997 0.4231484375 0.46770781250000004 0.4351859375 0.47604218749999994 0.4453703125 0.4828125 0.44351874999999996 0.5182296875 0.43333281250000005 0.4921875 0.3425921875
4 0.4046875 0.10370312500000001 0.4010421875 0.10648125 0.3963546875 0.1074078125 0.3932296875 0.10462968749999998 0.3875 0.10277812500000001 0.3848953125 0.10277812500000001 0.3822921875 0.10462968749999998 0.3817703125 0.109259375 0.3822921875 0.1166671875 0.3828125 0.121296875 0.3848953125 0.1240734375 0.3890625 0.12962968749999998 0.3921875 0.13518593750000002 0.3932296875 0.1416671875 0.3911453125 0.153703125 0.3901046875 0.1620375 0.3963546875 0.1703703125 0.3973953125 0.1759265625 0.3989578125 0.1898140625 0.403125 0.197221875 0.4046875 0.2129625 0.4140625 0.2166671875 0.41875 0.222221875 0.41302031250000004 0.2351859375 0.40572968749999994 0.246296875 0.40677031250000006 0.2546296875 0.41458281250000006 0.2629625 0.42552031250000005 0.2509265625 0.42916718749999994 0.24814843749999999 0.43385468749999995 0.2574078125 0.44322968749999997 0.26203750000000003 0.4546875 0.26203750000000003 0.45520781250000003 0.26203750000000003 0.4625 0.2731484375 0.46302031250000003 0.2833328125 0.46510468749999995 0.3 0.46510468749999995 0.31388906250000004 0.4739578125 0.3240734375 0.48072968749999995 0.31759218749999996 0.48125 0.309259375 0.4817703125 0.309259375 0.46770781250000004 0.2611109375
4 0.221875 0.38425937499999996 0.234375 0.38703750000000003 0.2432296875 0.3916671875 0.2484375 0.390740625 0.2567703125 0.3888890625 0.2614578125 0.3861109375 0.2645828125 0.38055625000000004 0.2666671875 0.36851875 0.2625 0.359259375 0.2557296875 0.3546296875 0.2479171875 0.34351875 0.2526046875 0.3361109375 0.2572921875 0.328703125 0.259375 0.322221875 0.25625 0.3129625 0.2546875 0.3 0.2526046875 0.29444375 0.2442703125 0.2888890625 0.2046875 0.38425937499999996 0.2046875 0.3888890625 0.2083328125 0.3888890625 0.2125 0.3888890625 0.2197921875 0.38425937499999996
4 0.2796875 0.2953703125 0.2729171875 0.296296875 0.2671875 0.303703125 0.2671875 0.3148140625 0.275 0.321296875 0.2776046875 0.3231484375 0.2875 0.31111093749999996 0.2859375 0.297221875
4 0.26875 0.26944375 0.271875 0.2583328125 0.2776046875 0.2518515625 0.2802078125 0.2518515625 0.2833328125 0.2611109375 0.2859375 0.26944375 0.2869796875 0.2851859375 0.290625 0.297221875 0.2989578125 0.2925921875 0.3015625 0.2731484375 0.3015625 0.2611109375 0.303125 0.25555625000000004 0.3078125 0.25 0.315625 0.23240781250000003 0.3166671875 0.2231484375 0.31875 0.2129625 0.3223953125 0.2018515625 0.3229171875 0.1990734375 0.3265625 0.1833328125 0.3291671875 0.171296875 0.3307296875 0.159259375 0.33125 0.147221875 0.33125 0.13796250000000002 0.3307296875 0.1324078125 0.328125 0.11944375 0.3239578125 0.1074078125 0.3192703125 0.1018515625 0.3125 0.096296875 0.3057296875 0.09351875 0.2979171875 0.09351875 0.2927078125 0.09351875 0.2807296875 0.0851859375 0.2776046875 0.15648125 0.2572921875 0.25648125 0.2473953125 0.28055625 0.25 0.28055625 0.2515625 0.28055625 0.2588546875 0.2824078125 0.2661453125 0.277778125
4 0.115625 0.6685187499999999 0.1239578125 0.6796296875000001 0.1333328125 0.64444375 0.1203125 0.6370375
4 0.1520828125 0.6222218749999999 0.1453125 0.647221875 0.1557296875 0.6546296875000001 0.1651046875 0.6259265625 0.1598953125 0.6064812500000001
4 0.0057296874999999995 0.9984375 0.01875 0.9953703125000001 0.030729687500000002 0.977778125 0.03125 0.959259375 0.030207812499999997 0.9398140625 0.0296875 0.9148140625 0.027082812499999998 0.871296875 0.028125 0.8518515624999999 0.0265625 0.8351859375 0.015625 0.8231484375000001 0.0057296874999999995 0.8259265625 0.0015625 0.8314812500000001 0 0.9984375