4 0.3614578125 0.9984375 0.3604171875 0.9925921875 0.35625 0.9555562500000001 0.3541671875 0.921296875 0.3536453125 0.8925921875 0.3630203125 0.8657406249999999 0.3828125 0.859259375 0.3901046875 0.8509265625 0.3885421875 0.8055562500000001 0.39375 0.7638890625 0.3916671875 0.7342593749999999 0.3901046875 0.6796296875000001 0.3848953125 0.6638890625 0.3697921875 0.6601859375 0.3338546875 0.6611109374999999 0.31875 0.684259375 0.3104171875 0.68148125 0.2859375 0.684259375 0.2744796875 0.7101859375 0.265625 0.7490734375 0.2536453125 0.7675921875 0.2421875 0.7851859375 0.2385421875 0.827778125 0.2541671875 0.8777781250000001 0.2708328125 0.9083328125 0.2578125 0.9129625000000001 0.2197921875 0.9351859375 0.2161453125 0.9564812500000001 0.2260421875 0.9657406249999999 0.2510421875 0.9638890625000001 0.2578125 0.9657406249999999 0.2546875 0.9796296874999999 0.2385421875 0.9731484375000001 0.2208328125 0.96851875 0.1994796875 0.98055625 0.1942703125 0.9984375
4 0.3234375 0.5231484375 0.325 0.546296875 0.2979171875 0.5546296875000001 0.2885421875 0.5740734375 0.3067703125 0.5879624999999999 0.3244796875 0.597221875 0.3473953125 0.584259375 0.3572921875 0.5703703124999999 0.3854171875 0.5398140625 0.3947921875 0.5074078125 0.3984375 0.46944375000000005 0.396875 0.275 0.3963546875 0.25555625000000004 0.3848953125 0.246296875 0.3791671875 0.2351859375 0.3625 0.228703125 0.3567703125 0.234259375 0.3515625 0.26944375 0.3536453125 0.2851859375 0.3510421875 0.2879625 0.33125 0.2851859375 0.3265625 0.296296875 0.33125 0.32592656249999996 0.3463546875 0.3398140625 0.3572921875 0.3481484375 0.3588546875 0.359259375 0.3489578125 0.35648124999999997 0.3401046875 0.3648140625 0.3401046875 0.3851859375 0.334375 0.3990734375 0.325 0.40648125 0.3026046875 0.37870312500000003 0.2828125 0.3768515625 0.2682296875 0.3953703125 0.2755203125 0.42037031249999995 0.2885421875 0.43888906250000004 0.3046875 0.45 0.3291671875 0.4509265625 0.3328125 0.49074062500000004 0.3244796875 0.4990734375
4 0.3036453125 0.09444375 0.3072921875 0.1138890625 0.3083328125 0.13425937500000001 0.3078125 0.15648125 0.2973953125 0.1898140625 0.2911453125 0.20555625000000002 0.2703125 0.25370312500000003 0.2708328125 0.25555625000000004 0.278125 0.2601859375 0.2890625 0.2546296875 0.3010421875 0.25277812499999996 0.3171875 0.2166671875 0.3255203125 0.1666671875 0.3276046875 0.11944375 0.3234375 0.10370312500000001 0.3125 0.0796296875 0.2984375 0.0620375 0.2942703125 0.0666671875 0.2921875 0.06851874999999999 0.2994796875 0.0796296875
4 0.1713546875 0.503703125 0.1755203125 0.5111109375 0.1744796875 0.5157406250000001 0.1723953125 0.522221875 0.1708328125 0.534259375 0.1770828125 0.5453703125 0.1802078125 0.553703125 0.18125 0.5629625 0.1848953125 0.565740625 0.1895828125 0.5648140625 0.1953125 0.5583328125 0.2005203125 0.546296875 0.2057296875 0.5351859375 0.2072921875 0.53055625 0.20625 0.5240734375 0.2067703125 0.5148140625 0.2020828125 0.5101859375 0.1984375 0.5074078125 0.1932296875 0.503703125 0.1958328125 0.48796249999999997 0.1932296875 0.48055624999999996 0.1979171875 0.4768515625 0.2088546875 0.47777812500000005 0.2145828125 0.471296875 0.2182296875 0.45648125000000006 0.2213546875 0.4425921875 0.2255203125 0.434259375 0.2328125 0.434259375 0.2416671875 0.43055625 0.2510421875 0.4129625 0.259375 0.390740625 0.2572921875 0.3731484375 0.2453125 0.3740734375 0.2322921875 0.3675921875 0.2270828125 0.3518515625 0.1651046875 0.4861109375 0.1671875 0.49074062500000004
4 0.1390625 0.5703703124999999 0.1458328125 0.5759265625000001 0.1515625 0.5796296875 0.1609375 0.5851859375 0.1697921875 0.5870375 0.1729171875 0.5796296875 0.1734375 0.565740625 0.171875 0.553703125 0.1697921875 0.5425921875 0.1645828125 0.5333328125000001 0.1572921875 0.5259265625 0.1479171875 0.5231484375 0.1395828125 0.540740625 0.1364578125 0.553703125
4 0.3177078125 0.078703125 0.3213546875 0.0861109375 0.3255203125 0.09074062499999999 0.328125 0.0990734375 0.3291671875 0.10462968749999998 0.33125 0.1148140625 0.3328125 0.1231484375 0.3322921875 0.1333328125 0.3338546875 0.1425921875 0.3385421875 0.14444375 0.3411453125 0.1398140625 0.3453125 0.1324078125 0.3458328125 0.125 0.3479171875 0.1148140625 0.3489578125 0.10462968749999998 0.3505203125 0.097221875 0.3479171875 0.0879625 0.346875 0.078703125 0.3453125 0.075 0.3390625 0.0731484375 0.3385421875 0.0703703125 0.3307296875 0.065740625 0.3213546875 0.06388906250000001 0.3125 0.0675921875 0.3104171875 0.0703703125 0.315625 0.0768515625
4 0.3536453125 0.115740625 0.3520828125 0.1240734375 0.3510421875 0.13148125 0.3494796875 0.13425937500000001 0.3479171875 0.146296875 0.3520828125 0.146296875 0.3604171875 0.1546296875 0.3651046875 0.1546296875 0.365625 0.14537031250000002 0.3697921875 0.14444375 0.375 0.14351875 0.3744796875 0.1333328125 0.378125 0.13425937500000001 0.3770828125 0.12962968749999998 0.3729171875 0.125 0.3723953125 0.1203703125 0.36875 0.10648125 0.3614578125 0.0953703125 0.3546875 0.0953703125 0.3520828125 0.09814843749999999 0.3515625 0.10555624999999999 0.3536453125 0.109259375
4 0.328125 0.1870375 0.33125 0.1870375 0.3359375 0.18888906249999998 0.3401046875 0.18888906249999998 0.3421875 0.18611093750000002 0.3442703125 0.175 0.3432296875 0.1666671875 0.3375 0.1666671875 0.3307296875 0.16851875 0.3276046875 0.17407343749999998 0.3265625 0.18148124999999998
4 0.3578125 0.159259375 0.3526046875 0.1611109375 0.3520828125 0.17407343749999998 0.35625 0.1824078125 0.3578125 0.184259375 0.35625 0.1898140625 0.353125 0.197221875 0.3520828125 0.2046296875 0.3546875 0.20925937499999997 0.3583328125 0.2129625 0.3609375 0.21574062500000002 0.3614578125 0.221296875 0.3765625 0.222221875 0.3796875 0.21944375 0.384375 0.2138890625 0.3828125 0.2046296875 0.3828125 0.1990734375 0.3869796875 0.1981484375 0.390625 0.19444375 0.3890625 0.18611093750000002 0.38125 0.1824078125 0.3864578125 0.177778125 0.3880203125 0.1768515625 0.3869796875 0.16851875 0.3828125 0.1574078125 0.3770828125 0.159259375 0.3697921875 0.159259375 0.3609375 0.159259375
4 0.384375 0.1361109375 0.390625 0.1333328125 0.40572968749999994 0.12777812500000002 0.3921875 0.097221875 0.3682296875 0.0666671875 0.3588546875 0.0675921875 0.3536453125 0.06851874999999999 0.3463546875 0.06851874999999999 0.3458328125 0.07129687500000001 0.3776046875 0.1166671875
4 0.48072968749999995 0.5296296875000001 0.459375 0.3833328125 0.45208281250000004 0.325 0.44322968749999997 0.28148125 0.434375 0.284259375 0.42135468749999994 0.2870375 0.41041718749999995 0.29444375 0.40989531250000005 0.3129625 0.40989531250000005 0.3416671875 0.41197968749999997 0.3703703125 0.41458281250000006 0.4129625 0.4125 0.46944375000000005 0.41302031250000004 0.4870375 0.41458281250000006 0.5083328125000001 0.42135468749999994 0.521296875 0.44427031250000004 0.521296875 0.46770781250000004 0.5481484375 0.465625 0.5648140625 0.45104218749999997 0.5953703124999999 0.44947968749999995 0.6305562499999999 0.45208281250000004 0.6509265625 0.47291718749999995 0.672221875 0.4817703125 0.6870375 0.4739578125 0.7101859375 0.45364531250000006 0.6981484375 0.43697968749999994 0.7175921875 0.42291718749999996 0.73055625 0.41302031250000004 0.7648140625 0.4192703125 0.7870375000000001 0.42083281250000004 0.8009265624999999 0.4171875 0.821296875 0.4171875 0.8518515624999999 0.43020781250000006 0.86851875 0.44739531250000003 0.88055625 0.47239531250000005 0.8851859375 0.4921875 0.9009265624999999 0.4953125 0.9194437499999999 0.4984375 0.9111109374999999 0.49270781250000006 0.7740734375
4 0.3958328125 0.175 0.396875 0.1925921875 0.3979171875 0.20925937499999997 0.40052031250000003 0.2166671875 0.4015625 0.234259375 0.40833281250000003 0.2379625 0.415625 0.21574062500000002 0.42552031250000005 0.2138890625 0.43072968749999996 0.21203750000000002 0.43177031250000003 0.20555625000000002 0.42604218749999995 0.1824078125 0.41822968749999995 0.1490734375 0.4109375 0.1416671875 0.40520781250000004 0.13518593750000002 0.4015625 0.147221875 0.3958328125 0.1583328125 0.39375 0.16018593750000001
4 0.41041718749999995 0.2833328125 0.4192703125 0.2740734375 0.42135468749999994 0.2629625 0.4166671875 0.2518515625 0.4078125 0.24907343750000002 0.40416718749999997 0.25555625000000004 0.4046875 0.26759218749999997 0.40625 0.28148125