4 0.1786453125 0.73055625 0.20625 0.7453703125 0.2239578125 0.759259375 0.2369796875 0.7629625 0.2598953125 0.7555562499999999 0.2640625 0.7268515625 0.25625 0.722221875 0.2458328125 0.7018515625 0.2130203125 0.69351875 0.1953125 0.697221875 0.184375 0.7129624999999999
4 0.2671875 0.6851859375 0.2703125 0.6981484375 0.2786453125 0.7 0.2755203125 0.7231484375 0.2739578125 0.7370375 0.2723953125 0.7490734375 0.2692703125 0.7657406250000001 0.2645828125 0.7861109374999999 0.3010421875 0.7925921875 0.3322921875 0.784259375 0.3442703125 0.784259375 0.3546875 0.7611109375 0.3614578125 0.74351875 0.365625 0.71944375 0.3708328125 0.7120375 0.3760421875 0.7046296875 0.3760421875 0.697221875 0.3786453125 0.6916671875 0.3854171875 0.690740625 0.3901046875 0.6879625 0.3916671875 0.678703125 0.3932296875 0.6740734374999999 0.3848953125 0.6638890625 0.3755203125 0.6574078125 0.3734375 0.653703125 0.3734375 0.6416671875 0.3734375 0.6203703125 0.3729171875 0.6101859375 0.3651046875 0.6083328125 0.2927078125 0.6175921875 0.2723953125 0.6305562499999999 0.2723953125 0.6509265625 0.2744796875 0.6638890625
4 0.2682296875 0.5361109374999999 0.2661453125 0.5490734374999999 0.2723953125 0.5574078124999999 0.2770828125 0.5601859375 0.2895828125 0.55555625 0.2927078125 0.547221875 0.2953125 0.547221875 0.3 0.5481484375 0.3041671875 0.5518515625 0.3078125 0.5583328125 0.309375 0.5601859375 0.3125 0.5601859375 0.3182296875 0.552778125 0.3197921875 0.546296875 0.3203125 0.5453703125 0.3322921875 0.546296875 0.3359375 0.546296875 0.3432296875 0.547221875 0.3432296875 0.5731484375 0.3458328125 0.58055625 0.3541671875 0.5861109375 0.3640625 0.5888890625000001 0.3734375 0.5824078125 0.371875 0.5675921875000001 0.3838546875 0.5620375 0.3901046875 0.5620375 0.3958328125 0.5601859375 0.3994796875 0.546296875 0.4 0.527778125 0.3963546875 0.5157406250000001 0.3963546875 0.5129625 0.3958328125 0.509259375 0.3833328125 0.509259375 0.371875 0.5083328125000001 0.365625 0.5046296875 0.3546875 0.49537031249999997 0.3473953125 0.4870375 0.3348953125 0.48333281250000004 0.3270828125 0.4851859375 0.3114578125 0.49074062500000004 0.2973953125 0.4925921875 0.2932296875 0.5055562499999999 0.2921875 0.5074078125 0.2984375 0.5101859375 0.2885421875 0.5166671875 0.2822921875 0.51944375 0.2723953125 0.53055625
4 0.309375 0.45277812500000003 0.3171875 0.45 0.321875 0.4629625 0.321875 0.47592656250000004 0.3239578125 0.47777812500000005 0.3317703125 0.484259375 0.3411453125 0.4851859375 0.3489578125 0.4851859375 0.3557296875 0.4851859375 0.3682296875 0.4851859375 0.371875 0.4851859375 0.3817703125 0.4898140625 0.3822921875 0.4851859375 0.3848953125 0.478703125 0.3864578125 0.47777812500000005 0.3942703125 0.471296875 0.3958328125 0.46851875 0.3973953125 0.46666718749999997 0.4015625 0.45277812500000003 0.4015625 0.440740625 0.3958328125 0.4324078125 0.3869796875 0.43333281250000005 0.3786453125 0.434259375 0.3770828125 0.425 0.3770828125 0.421296875 0.378125 0.41574062500000003 0.3807296875 0.4120375 0.3859375 0.4138890625 0.3895828125 0.41759218750000004 0.3953125 0.4111109375 0.3953125 0.40555624999999995 0.3921875 0.396296875 0.3895828125 0.38703750000000003 0.3875 0.37870312500000003 0.38125 0.3731484375 0.375 0.37870312500000003 0.3703125 0.38148125 0.3651046875 0.3824078125 0.3536453125 0.3824078125 0.3489578125 0.3824078125 0.3432296875 0.3833328125 0.3359375 0.3833328125 0.3291671875 0.3851859375 0.3265625 0.3861109375 0.3223953125 0.3861109375 0.3182296875 0.3833328125 0.3151046875 0.3833328125 0.3130203125 0.38148125 0.3109375 0.3759265625 0.3088546875 0.36851875 0.3072921875 0.3620375 0.3015625 0.35740781250000003 0.296875 0.35648124999999997 0.2921875 0.3583328125 0.2895828125 0.3666671875 0.2890625 0.37222187500000004 0.2895828125 0.3898140625 0.290625 0.3990734375 0.2921875 0.4018515625 0.303125 0.40555624999999995 0.3104171875 0.40833281250000003 0.3114578125 0.4268515625 0.3109375 0.43611093749999996 0.3020828125 0.4370375 0.3046875 0.4509265625
4 0.3833328125 0.321296875 0.3796875 0.3240734375 0.3744796875 0.328703125 0.3739578125 0.3379625 0.3739578125 0.346296875 0.3776046875 0.35 0.3786453125 0.35648124999999997 0.3791671875 0.3611109375 0.3875 0.3638890625 0.390625 0.36296249999999997 0.3979171875 0.3638890625 0.40208281250000005 0.3611109375 0.40260468749999995 0.33518593750000003 0.40052031250000003 0.3240734375 0.396875 0.31944374999999997 0.3895828125 0.321296875
4 0.4015625 0.271296875 0.4010421875 0.2648140625 0.4010421875 0.2583328125 0.40052031250000003 0.25277812499999996 0.4 0.247221875 0.3984375 0.24537031250000002 0.3979171875 0.24351875 0.3958328125 0.246296875 0.3953125 0.24814843749999999 0.3916671875 0.2509265625 0.3911453125 0.2518515625 0.3880203125 0.2518515625 0.384375 0.25277812499999996 0.3822921875 0.25555625000000004 0.38125 0.25648125 0.3807296875 0.2611109375 0.3807296875 0.265740625 0.3796875 0.271296875 0.378125 0.277778125 0.3770828125 0.28055625 0.3755203125 0.28148125 0.3729171875 0.2824078125 0.3723953125 0.2824078125 0.36875 0.284259375 0.3645828125 0.2870375 0.3640625 0.29074062500000003 0.3640625 0.29444375 0.3661453125 0.29907343750000004 0.3692703125 0.3018515625 0.3729171875 0.30462968749999997 0.375 0.303703125 0.378125 0.3009265625 0.3796875 0.29907343750000004 0.3817703125 0.2981484375 0.390625 0.29907343750000004 0.3942703125 0.296296875 0.3994796875 0.2916671875 0.40052031250000003 0.2851859375 0.40052031250000003 0.278703125
4 0.3473953125 0.2083328125 0.35625 0.2138890625 0.3604171875 0.21481406249999999 0.3645828125 0.21481406249999999 0.3713546875 0.21481406249999999 0.375 0.21111093749999998 0.3776046875 0.2083328125 0.3802078125 0.2074078125 0.3828125 0.2074078125 0.3848953125 0.2074078125 0.3875 0.20555625000000002 0.3895828125 0.20277812499999998 0.390625 0.1990734375 0.3921875 0.1953703125 0.3916671875 0.19351875000000002 0.3927078125 0.1925921875 0.39375 0.190740625 0.39375 0.1898140625 0.39375 0.18888906249999998 0.3927078125 0.18888906249999998 0.3911453125 0.1870375 0.3901046875 0.18611093750000002 0.3901046875 0.184259375 0.3901046875 0.1824078125 0.3911453125 0.1796296875 0.3916671875 0.1768515625 0.390625 0.17407343749999998 0.3875 0.1731484375 0.3854171875 0.1731484375 0.3822921875 0.175 0.3822921875 0.18055625 0.3791671875 0.184259375 0.371875 0.184259375 0.3640625 0.184259375 0.3578125 0.1851859375 0.3526046875 0.1851859375 0.3473953125 0.18888906249999998 0.3463546875 0.1916671875 0.340625 0.2 0.3416671875 0.2046296875 0.34375 0.20555625000000002
4 0.384375 0.16851875 0.3885421875 0.165740625 0.3880203125 0.1611109375 0.3854171875 0.16018593750000001 0.3833328125 0.1574078125 0.3807296875 0.15555625 0.384375 0.1518515625 0.3875 0.1509265625 0.3864578125 0.14444375 0.3838546875 0.1388890625 0.3828125 0.13425937500000001 0.3817703125 0.13148125 0.378125 0.1324078125 0.375 0.1333328125 0.3744796875 0.13518593750000002 0.3744796875 0.13796250000000002 0.3744796875 0.1416671875 0.371875 0.14351875 0.3703125 0.1481484375 0.3697921875 0.1509265625 0.3692703125 0.1546296875 0.3708328125 0.1611109375 0.3713546875 0.165740625 0.3723953125 0.1731484375 0.378125 0.172221875
4 0.35 0.1574078125 0.3505203125 0.1546296875 0.3515625 0.15277812500000001 0.3473953125 0.1481484375 0.3432296875 0.1490734375 0.3401046875 0.1509265625 0.3401046875 0.15648125 0.340625 0.1620375 0.340625 0.16851875 0.34375 0.1675921875 0.3458328125 0.1666671875 0.3473953125 0.1648140625 0.3484375 0.1620375
4 0.3682296875 0.14351875 0.3697921875 0.1416671875 0.3697921875 0.1398140625 0.365625 0.13796250000000002 0.3625 0.13703749999999998 0.3567703125 0.140740625 0.35625 0.1416671875 0.359375 0.14444375 0.3609375 0.15 0.3619796875 0.15277812500000001 0.3661453125 0.1509265625
4 0.3557296875 0.1388890625 0.3557296875 0.13703749999999998 0.3536453125 0.13425937500000001 0.3536453125 0.1333328125 0.35 0.1324078125 0.3489578125 0.13148125 0.346875 0.13055624999999998 0.3453125 0.13055624999999998 0.34375 0.13148125 0.3427078125 0.1333328125 0.3427078125 0.140740625 0.3489578125 0.14351875 0.3515625 0.14351875 0.3546875 0.1416671875
4 0.3625 0.1324078125 0.3666671875 0.1324078125 0.3708328125 0.1333328125 0.3729171875 0.12962968749999998 0.3729171875 0.12685156250000001 0.3723953125 0.122221875 0.3708328125 0.1175921875 0.3682296875 0.1148140625 0.3682296875 0.1111109375 0.3692703125 0.1083328125 0.3692703125 0.10648125 0.3682296875 0.10370312500000001 0.3671875 0.10277812500000001 0.3651046875 0.10277812500000001 0.3645828125 0.1018515625 0.3645828125 0.10092656250000001 0.3661453125 0.0990734375 0.3666671875 0.09814843749999999 0.3666671875 0.09444375 0.3645828125 0.0898140625 0.3640625 0.0898140625 0.3598953125 0.0916671875 0.3546875 0.0916671875 0.353125 0.0925921875 0.3515625 0.09444375 0.3489578125 0.0953703125 0.3447921875 0.09814843749999999 0.340625 0.1083328125 0.3401046875 0.109259375 0.3390625 0.1138890625 0.3390625 0.11851875 0.3385421875 0.1203703125 0.3385421875 0.122221875 0.3442703125 0.122221875 0.3484375 0.121296875 0.3515625 0.121296875 0.35625 0.121296875 0.3572921875 0.1240734375 0.3567703125 0.1259265625 0.3578125 0.128703125 0.3588546875 0.13148125
4 0.3427078125 0.0898140625 0.3479171875 0.0870375 0.3552078125 0.0870375 0.3546875 0.08148125 0.3494796875 0.0768515625 0.3453125 0.0759265625 0.3416671875 0.0768515625 0.3416671875 0.07129687500000001 0.3364578125 0.065740625 0.3348953125 0.0648140625 0.3317703125 0.0620375 0.3302078125 0.0611109375 0.3328125 0.060185937499999995 0.3328125 0.0574078125 0.3286453125 0.055556249999999995 0.3234375 0.055556249999999995 0.3203125 0.0546296875 0.3177078125 0.055556249999999995 0.3161453125 0.055556249999999995 0.3135421875 0.052778124999999995 0.3130203125 0.05092656250000001 0.3109375 0.0481484375 0.309375 0.046296875 0.3067703125 0.045370312499999996 0.3026046875 0.045370312499999996 0.2979171875 0.04444375 0.2942703125 0.04444375 0.2911453125 0.04444375 0.2885421875 0.046296875 0.2864578125 0.05092656250000001 0.2859375 0.0546296875 0.2869796875 0.056481250000000004 0.284375 0.0583328125 0.2817703125 0.055556249999999995 0.2802078125 0.0546296875 0.2760421875 0.0546296875 0.2755203125 0.055556249999999995 0.275 0.0574078125 0.2723953125 0.0611109375 0.2703125 0.0629625 0.2697921875 0.06388906250000001 0.2677078125 0.0666671875 0.2666671875 0.0629625 0.2645828125 0.065740625 0.2625 0.06944375 0.2578125 0.07407343749999999 0.2578125 0.078703125 0.2625 0.0824078125 0.26875 0.0879625 0.2729171875 0.09074062499999999 0.275 0.0925921875 0.2791671875 0.0953703125 0.2869796875 0.10092656250000001 0.2921875 0.10370312500000001 0.2963546875 0.0990734375 0.3 0.10092656250000001 0.3052078125 0.10370312500000001 0.3072921875 0.1 0.3098953125 0.097221875 0.3135421875 0.09351875 0.3182296875 0.0898140625 0.31875 0.0898140625 0.3255203125 0.0824078125 0.3265625 0.0824078125 0.3333328125 0.0888890625 0.3354171875 0.0898140625
4 0.1984375 0.49166718749999994 0.1994796875 0.5009265625 0.2046875 0.509259375 0.2114578125 0.509259375 0.2166671875 0.5055562499999999 0.2223953125 0.4990734375 0.2255203125 0.49166718749999994 0.2229171875 0.4888890625 0.215625 0.46666718749999997 0.2057296875 0.46666718749999997 0.1994796875 0.47777812500000005
4 0.3302078125 0.1333328125 0.3317703125 0.12962968749999998 0.3317703125 0.12777812500000002 0.33125 0.1231484375 0.3307296875 0.11944375 0.3302078125 0.11851875 0.3239578125 0.11944375 0.3239578125 0.1231484375 0.321875 0.128703125 0.3229171875 0.1333328125 0.3234375 0.13425937500000001 0.3234375 0.1398140625 0.3229171875 0.1416671875 0.3213546875 0.1425921875 0.3203125 0.146296875 0.3166671875 0.1481484375 0.3161453125 0.15 0.3182296875 0.1546296875 0.3166671875 0.1574078125 0.3161453125 0.165740625 0.315625 0.16851875 0.3140625 0.171296875 0.315625 0.1796296875 0.3203125 0.1851859375 0.325 0.1796296875 0.3286453125 0.1759265625 0.3291671875 0.1666671875 0.3296875 0.1620375 0.3302078125 0.159259375 0.3291671875 0.14537031250000002 0.3302078125 0.1416671875 0.3307296875 0.13796250000000002 0.3302078125 0.13425937500000001
4 0.5385421874999999 0.8092593750000001 0.5385421874999999 0.7870375000000001 0.540625 0.76944375 0.528125 0.7314812500000001 0.5203125 0.727778125 0.5161453125000001 0.7268515625 0.515625 0.7083328125 0.5083328125000001 0.69351875 0.48854218749999995 0.6888890625 0.478125 0.6851859375 0.46770781250000004 0.6888890625 0.46510468749999995 0.69444375 0.46197968749999996 0.7046296875 0.4578125 0.7148140625 0.45520781250000003 0.7314812500000001 0.45625 0.753703125 0.46145781250000006 0.7703703125 0.46822968749999994 0.7824078125 0.4703125 0.7898140625 0.46145781250000006 0.7953703125 0.44895781250000005 0.784259375 0.4166671875 0.7870375000000001 0.40416718749999997 0.8101859375 0.403125 0.8259265625 0.4046875 0.8481484375000001 0.40572968749999994 0.8870374999999999 0.409375 0.9305562500000001 0.409375 0.9361109375 0.409375 0.94351875 0.47239531250000005 0.9555562500000001 0.490625 0.9601859375 0.49114531250000004 0.9611109375 0.5005203125000001 0.98055625 0.5041671875 0.9888890625 0.5130203125 0.9984375 0.5229171874999999 0.9972218749999999 0.5244796875 0.996296875 0.5302078125 0.9953703125000001 0.5171875 0.9231484375000001 0.5286453125 0.8833328125 0.5286453125 0.8629625000000001 0.5369796874999999 0.827778125
4 0.6291671875 0.9984375 0.6421875 0.9796296874999999 0.6552078125 0.9740734375000001 0.6630203125 0.9675921875 0.675 0.946296875 0.6807296875 0.9185187499999999 0.6796875 0.8870374999999999 0.6770828125 0.8324078125 0.6838546875 0.8175921875000001 0.6848953125 0.7953703125 0.6807296875 0.7675921875 0.6552078125 0.6990734375 0.628125 0.6925921875000001 0.609375 0.697221875 0.6083328125 0.709259375 0.603125 0.721296875 0.5921875 0.7203703124999999 0.5833328125 0.7398140625 0.5734375 0.7509265625 0.5723953125000001 0.7953703125 0.5708328125000001 0.8083328125 0.5661453125 0.8194437499999999 0.5625 0.8120375 0.5515625 0.796296875 0.5442703125 0.8166671875 0.5432296875 0.827778125 0.5442703125 0.84351875 0.5442703125 0.8703703125000001 0.5458328125 0.8888890625 0.5598953125 0.947221875 0.5453125 0.946296875 0.5401046875 0.9629625 0.540625 0.9740734375000001 0.5453125 0.99444375 0.546875 0.9972218749999999 0.559375 0.9984375 0.5802078125000001 0.9984375
4 0.5380203125 0.5583328125 0.5354171875 0.5518515625 0.5354171875 0.527778125 0.5317703125000001 0.5055562499999999 0.5223953125 0.49351874999999995 0.5098953125000001 0.49629687499999997 0.5005203125000001 0.5074078125 0.5 0.522221875 0.5015625 0.5481484375 0.5005203125000001 0.5611109375 0.5010421875 0.575 0.5203125 0.5879624999999999 0.5255203125000001 0.5888890625000001 0.5307296874999999 0.5898140625 0.54375 0.575
4 0.45677031250000005 0.5240734375 0.46510468749999995 0.5268515625 0.47708281250000006 0.521296875 0.4828125 0.5111109375 0.48125 0.49537031249999997 0.48385468749999994 0.48796249999999997 0.49427031250000003 0.48333281250000004 0.5041671875 0.478703125 0.5098953125000001 0.475 0.5130203125 0.4620375 0.5130203125 0.46018593750000003 0.5005203125000001 0.4509265625 0.49270781250000006 0.447221875 0.48385468749999994 0.44444375 0.46197968749999996 0.447221875 0.45104218749999997 0.45277812500000003 0.44895781250000005 0.45555625 0.43958281250000003 0.46018593750000003 0.43802031250000006 0.4620375 0.428125 0.49351874999999995 0.4265625 0.5 0.42291718749999996 0.5148140625 0.44375 0.521296875
4 0.5161453125000001 0.43148125000000004 0.5203125 0.43055625 0.5197921875 0.421296875 0.5135421874999999 0.4111109375 0.5046875 0.4111109375 0.503125 0.409259375 0.503125 0.40462968750000006 0.5015625 0.396296875 0.5005203125000001 0.3953703125 0.5 0.3898140625 0.5010421875 0.38425937499999996 0.5020828125000001 0.38148125 0.5041671875 0.37777812499999996 0.5098953125000001 0.3740734375 0.5135421874999999 0.3666671875 0.5140625 0.3601859375 0.5140625 0.35555625 0.5125 0.3481484375 0.509375 0.3453703125 0.5083328125000001 0.3416671875 0.5088546875 0.33518593750000003 0.5088546875 0.32592656249999996 0.5078125 0.31759218749999996 0.5015625 0.3083328125 0.49322968749999996 0.31111093749999996 0.47239531250000005 0.3148140625 0.459375 0.3148140625 0.4578125 0.325 0.4583328125 0.3324078125 0.459375 0.3398140625 0.45 0.3361109375 0.44479218749999994 0.34351875 0.44427031250000004 0.3601859375 0.4427078125 0.36944374999999996 0.4484375 0.37870312500000003 0.46666718749999997 0.3768515625 0.46875 0.3768515625 0.48229218749999997 0.4240734375 0.49270781250000006 0.4351859375 0.49947968749999994 0.43333281250000005 0.5078125 0.4324078125
4 0.409375 0.2925921875 0.4166671875 0.297221875 0.42135468749999994 0.29907343750000004 0.42291718749999996 0.302778125 0.42760468749999997 0.3101859375 0.4296875 0.3148140625 0.4322921875 0.32037031250000003 0.43333281250000005 0.322221875 0.44114531250000005 0.3231484375 0.45208281250000004 0.321296875 0.45364531250000006 0.31111093749999996 0.4578125 0.303703125 0.46145781250000006 0.3018515625 0.46822968749999994 0.3009265625 0.4739578125 0.3009265625 0.4859375 0.303703125 0.4953125 0.30648125 0.5010421875 0.30462968749999997 0.5036453125 0.3 0.503125 0.29444375 0.49322968749999996 0.26759218749999997 0.4796875 0.2333328125 0.46875 0.2046296875 0.45677031250000005 0.18611093750000002 0.4453125 0.16851875 0.43385468749999995 0.1509265625 0.4296875 0.14444375 0.42604218749999995 0.1388890625 0.409375 0.1138890625 0.3989578125 0.10092656250000001 0.3979171875 0.10462968749999998 0.396875 0.1083328125 0.3947921875 0.1111109375 0.3921875 0.1148140625 0.3911453125 0.1166671875 0.3932296875 0.1240734375 0.3916671875 0.13055624999999998 0.3916671875 0.13518593750000002 0.3989578125 0.1416671875 0.40052031250000003 0.14537031250000002 0.403125 0.153703125 0.403125 0.15555625 0.40520781250000004 0.1583328125 0.40677031250000006 0.1675921875 0.41354218749999994 0.177778125 0.41770781250000005 0.1824078125 0.4192703125 0.1833328125 0.425 0.1879625 0.42552031250000005 0.190740625 0.4265625 0.1953703125 0.43020781250000006 0.1990734375 0.43072968749999996 0.20277812499999998 0.43697968749999994 0.20925937499999997 0.4348953125 0.21574062500000002 0.4322921875 0.22407343750000003 0.43125 0.2268515625 0.42916718749999994 0.23055625000000002 0.42552031250000005 0.2333328125 0.42291718749999996 0.2370375 0.42135468749999994 0.23981406249999998 0.4203125 0.240740625 0.415625 0.2611109375 0.4125 0.26851875000000003 0.409375 0.2740734375 0.409375 0.2851859375
4 0.3239578125 0.0481484375 0.3244796875 0.051851562500000004 0.3270828125 0.052778124999999995 0.3302078125 0.053703125 0.3338546875 0.0583328125 0.3395828125 0.059259375 0.340625 0.0611109375 0.346875 0.0648140625 0.35 0.0666671875 0.3526046875 0.0703703125 0.3536453125 0.07407343749999999 0.35625 0.0759265625 0.3572921875 0.077778125 0.3588546875 0.0796296875 0.3640625 0.078703125 0.3677078125 0.078703125 0.3703125 0.078703125 0.371875 0.0759265625 0.3723953125 0.075 0.371875 0.0703703125 0.3697921875 0.06851874999999999 0.3609375 0.0620375 0.3505203125 0.0546296875 0.3380203125 0.045370312499999996 0.328125 0.0388890625 0.3265625 0.037962499999999996 0.3265625 0.0388890625 0.3265625 0.0416671875 0.325 0.04351875 0.3234375 0.04444375