4 0 0.9990738636363635 0.026041666666666668 0.9990738636363635 0.10729166666666666 0.7953712121212122 0.10989583333333333 0.7833333333333333 0.11458333333333333 0.7768522727272728 0.14114583333333333 0.7046287878787878 0.15520833333333334 0.6740738636363637 0.20520833333333333 0.547221590909091 0.2557291666666667 0.4120378787878788 0.2630208333333333 0.3861117424242424 0.2677083333333333 0.37962878787878784 0.2838541666666667 0.3342594696969697 0.30416666666666664 0.2629621212121212 0.3078125 0.24166666666666667 0.31302083333333336 0.22870454545454547 0.31354166666666666 0.19999999999999998 0.31927083333333334 0.19444507575757575 0.328125 0.16111174242424242 0.32916666666666666 0.12685227272727273 0.3255208333333333 0.11481439393939394 0.3260416666666667 0.1027784090909091 0.32395833333333335 0.09166666666666666 0.325 0.08240719696969698 0.3302083333333333 0.07962878787878787 0.32760416666666664 0.0629621212121212 0.321875 0.05462878787878788 0.3171875 0.05555492424242424 0.2984375 0.041666666666666664 0.29583333333333334 0.04722159090909091 0.2869791666666667 0.04814772727272727 0.28125 0.043518939393939395 0.2640625 0.04907386363636364 0.2598958333333333 0.06018560606060606 0.26145833333333335 0.06759280303030303 0.246875 0.08703787878787879 0.24635416666666668 0.09444507575757576 0.18489583333333334 0.18888825757575758 0.171875 0.19537121212121214 0.12291666666666666 0.2703712121212121 0.11510416666666666 0.27499999999999997 0.10260416666666666 0.33240719696969695 0.0828125 0.34537121212121213 0.07552083333333333 0.36018560606060607 0.06458333333333334 0.3657405303030303 0.057291666666666664 0.375 0.028645833333333332 0.382407196969697 0.019270833333333334 0.3935189393939394 0.0036458333333333334 0.4037045454545455 0.0020833333333333333 0.4120378787878788 0 0.4120378787878788 0 0.9990738636363635
4 0.15520833333333334 0.7990738636363637 0.16041666666666668 0.8101856060606061 0.1578125 0.817592803030303 0.16197916666666667 0.8222215909090909 0.16979166666666667 0.8148143939393939 0.17760416666666667 0.8240738636363636 0.184375 0.8231477272727273 0.19583333333333333 0.8407405303030303 0.190625 0.860185606060606 0.1859375 0.8685189393939393 0.18125 0.8685189393939393 0.17864583333333334 0.879628787878788 0.17447916666666666 0.8842594696969697 0.18020833333333333 0.8944450757575757 0.178125 0.9 0.1859375 0.9 0.1953125 0.9129621212121212 0.19635416666666666 0.9277784090909091 0.19270833333333334 0.9388882575757576 0.19322916666666667 0.9472215909090909 0.20208333333333334 0.9490738636363636 0.21145833333333333 0.9583333333333334 0.2203125 0.9583333333333334 0.2513885416666667 0.9453712121212121 0.29322916666666665 0.9462954545454546 0.3015625 0.9351856060606061 0.30833333333333335 0.9314810606060606 0.33177083333333335 0.932407196969697 0.3572916666666667 0.892592803030303 0.359375 0.8342594696969696 0.3578125 0.8287045454545454 0.3546875 0.8287045454545454 0.3541666666666667 0.7592594696969697 0.35885416666666664 0.7518522727272727 0.359375 0.7435189393939393 0.353125 0.739814393939394 0.3463541666666667 0.7444450757575758 0.3411458333333333 0.735185606060606 0.3307291666666667 0.732407196969697 0.3265625 0.7277784090909091 0.32395833333333335 0.7333333333333333 0.31614583333333335 0.7333333333333333 0.30833333333333335 0.7166666666666667 0.309375 0.7120378787878788 0.30416666666666664 0.7046287878787878 0.3020833333333333 0.7046287878787878 0.296875 0.725 0.28177083333333336 0.7296287878787879 0.2791666666666667 0.7166666666666667 0.28072916666666664 0.7064810606060606 0.27760416666666665 0.6944450757575757 0.28020833333333334 0.682407196969697 0.2796875 0.6685189393939394 0.275 0.657407196969697 0.27760416666666665 0.6490738636363637 0.2838541666666667 0.6435189393939394 0.3104166666666667 0.6305549242424242 0.3104166666666667 0.6157405303030303 0.3078125 0.6111117424242424 0.30052083333333335 0.6083333333333333 0.29739583333333336 0.5953712121212121 0.2942708333333333 0.5916666666666667 0.296875 0.5787045454545454 0.3223958333333333 0.5768522727272727 0.32760416666666664 0.5703712121212121 0.33645833333333336 0.5527784090909091 0.3328125 0.5203712121212121 0.321875 0.5055549242424242 0.28958333333333336 0.5092594696969697 0.2760416666666667 0.5074071969696969 0.2713541666666667 0.5111117424242425 0.2640625 0.5083333333333333 0.259375 0.5018522727272727 0.2359375 0.5361117424242424 0.23333333333333334 0.5444450757575757 0.2375 0.5499999999999999 0.24322916666666666 0.5685189393939394 0.20729166666666668 0.6879621212121213 0.2015625 0.6944450757575757 0.19635416666666666 0.6888882575757576 0.18229166666666666 0.7046287878787878 0.16979166666666667 0.732407196969697 0.1609375 0.7370378787878789 0.15416666666666667 0.7629621212121211 0.14947916666666666 0.7703712121212121 0.14635416666666667 0.7833333333333333 0.14739583333333334 0.792592803030303 0.14947916666666666 0.7990738636363637 0.15520833333333334 0.7990738636363637
4 0.2796875 0.5027784090909091 0.28177083333333336 0.49722159090909096 0.2947916666666667 0.4907405303030303 0.31354166666666666 0.492592803030303 0.38333333333333336 0.47870454545454544 0.3890625 0.46759280303030304 0.39114583333333336 0.4555549242424242 0.39895833333333336 0.4490738636363636 0.40208333333333335 0.4277784090909091 0.4010416666666667 0.3527784090909091 0.39739583333333334 0.310185606060606 0.39166666666666666 0.30833333333333335 0.3848958333333333 0.314814393939394 0.3765625 0.314814393939394 0.36875 0.30925946969696966 0.3671875 0.3129621212121212 0.36041666666666666 0.3129621212121212 0.3567708333333333 0.307407196969697 0.3421875 0.31111174242424244 0.3182291666666667 0.307407196969697 0.30833333333333335 0.310185606060606 0.290625 0.3518522727272727 0.25052083333333336 0.47037121212121213 0.2453125 0.49814772727272727 0.24739583333333334 0.5092594696969697 0.25104166666666666 0.5138882575757576 0.2796875 0.5027784090909091
4 0.3692708333333333 0.6851856060606061 0.3807291666666667 0.6796287878787879 0.39739583333333334 0.652778409090909 0.3984375 0.6416666666666667 0.3953125 0.5787045454545454 0.39166666666666666 0.547221590909091 0.37604166666666666 0.547221590909091 0.35572916666666665 0.5759261363636363 0.35833333333333334 0.5768522727272727 0.3614583333333333 0.5898143939393939 0.35625 0.6064810606060606 0.35625 0.614814393939394 0.34791666666666665 0.6268522727272727 0.3463541666666667 0.6694450757575757 0.3489583333333333 0.6768522727272727 0.3536458333333333 0.6805549242424243 0.3692708333333333 0.6851856060606061
4 0.3098958333333333 0.27129545454545456 0.30885416666666665 0.2833333333333333 0.31145833333333334 0.28888825757575753 0.328125 0.29629545454545453 0.3578125 0.29814772727272726 0.359375 0.2907405303030303 0.3651041666666667 0.28240719696969696 0.3765625 0.29629545454545453 0.38177083333333334 0.2916666666666667 0.3875 0.27962878787878787 0.3932291666666667 0.2861117424242424 0.39427083333333335 0.27407386363636366 0.390625 0.2555549242424242 0.3932291666666667 0.2527784090909091 0.3921875 0.23611174242424243 0.3890625 0.2314810606060606 0.3385416666666667 0.20462878787878788 0.321875 0.20833333333333334 0.3151041666666667 0.21666666666666667 0.3171875 0.225 0.315625 0.23611174242424243 0.30833333333333335 0.2629621212121212 0.3098958333333333 0.27129545454545456
4 0.4375 0.17685227272727272 0.4510416666666667 0.20833333333333334 0.4552083333333333 0.2064810606060606 0.4635416666666667 0.21481439393939394 0.4666666666666667 0.23425946969696967 0.4817708333333333 0.23611174242424243 0.48541666666666666 0.25 0.48541666666666666 0.2629621212121212 0.48932291666666666 0.26388825757575757 0.4947916666666667 0.31111174242424244 0.4890625 0.31388825757575756 0.49635416666666665 0.3259261363636364 0.5015625 0.3296287878787879 0.5010416666666667 0.3333333333333333 0.5046875 0.3379621212121212 0.5119791666666667 0.37129545454545454 0.515625 0.37129545454545454 0.5208333333333334 0.3777784090909091 0.5151041666666667 0.39444507575757576 0.5182291666666666 0.4129621212121212 0.5130208333333334 0.4222215909090909 0.5072916666666667 0.4240738636363636 0.503125 0.432407196969697 0.4979166666666667 0.42314772727272726 0.48541666666666666 0.43055492424242425 0.48020833333333335 0.44166666666666665 0.48072916666666665 0.45740719696969695 0.4979166666666667 0.4592594696969697 0.5010416666666667 0.4527784090909091 0.5067708333333333 0.4592594696969697 0.509375 0.4666666666666667 0.5114583333333333 0.4907405303030303 0.5192708333333333 0.5074071969696969 0.5182291666666666 0.517592803030303 0.5213541666666667 0.5314810606060606 0.5286458333333334 0.5518522727272727 0.5359375 0.5601856060606061 0.5348958333333333 0.5638882575757576 0.5380208333333333 0.5750000000000001 0.5380208333333333 0.5842594696969696 0.5432291666666667 0.597221590909091 0.5536458333333333 0.597221590909091 0.5567708333333333 0.6055549242424243 0.5567708333333333 0.614814393939394 0.559375 0.6166666666666667 0.5619791666666667 0.6092594696969698 0.5682291666666667 0.6064810606060606 0.5875 0.6314810606060607 0.5921875 0.6324071969696969 0.5953125 0.6268522727272727 0.5994791666666667 0.6268522727272727 0.603125 0.642592803030303 0.6072916666666667 0.6490738636363637 0.6130208333333333 0.6462954545454546 0.6161458333333333 0.65 0.66875 0.842592803030303 0.6671875 0.847221590909091 0.6729166666666667 0.8527784090909091 0.6848958333333334 0.8740738636363636 0.6911458333333333 0.8666666666666667 0.6973958333333333 0.8787045454545455 0.7026041666666667 0.8814810606060607 0.7239583333333334 0.907407196969697 0.7286458333333333 0.9157405303030304 0.7322916666666667 0.9388882575757576 0.7395833333333334 0.9472215909090909 0.7359375 0.9546287878787878 0.74375 0.9666666666666667 0.7442708333333333 0.9740738636363637 0.7479166666666667 0.9768522727272728 0.7552083333333334 0.9731477272727272 0.7552083333333334 0.9777784090909092 0.7598958333333333 0.9777784090909092 0.7786458333333334 0.9953712121212122 0.7838541666666666 0.9925928030303032 0.7911458333333333 0.9990738636363635 0.7973958333333333 0.9962954545454545 0.8015625 0.9990738636363635 0.9994791666666667 0.9990738636363635 0.9994791666666667 0.7731477272727272 0.99375 0.7666666666666667 0.9786458333333333 0.760185606060606 0.9739583333333334 0.7462954545454545 0.9677083333333333 0.7407405303030303 0.9505208333333334 0.7129621212121212 0.9317708333333333 0.6990738636363636 0.9229166666666667 0.6879621212121213 0.9203125 0.6805549242424243 0.9145833333333333 0.6759261363636364 0.9125 0.667592803030303 0.8739583333333333 0.6416666666666667 0.8442708333333333 0.610185606060606 0.834375 0.5935189393939394 0.8296875 0.592592803030303 0.8270833333333333 0.5796287878787878 0.8208333333333333 0.5740738636363636 0.8177083333333334 0.567592803030303 0.8182291666666667 0.5638882575757576 0.8119791666666667 0.5601856060606061 0.8098958333333334 0.5444450757575757 0.7989583333333333 0.517592803030303 0.7958333333333333 0.4777784090909091 0.7880208333333333 0.45185227272727274 0.7864583333333334 0.4268522727272727 0.7671875 0.4148143939393939 0.7630208333333334 0.4055549242424243 0.759375 0.4055549242424243 0.75625 0.3981477272727273 0.7479166666666667 0.39259280303030303 0.7385416666666667 0.3907405303030303 0.7296875 0.39444507575757576 0.725 0.37962878787878784 0.7088541666666667 0.37685227272727273 0.7088541666666667 0.37314772727272727 0.7041666666666667 0.37129545454545454 0.7010416666666667 0.36018560606060607 0.6916666666666667 0.35555492424242424 0.6864583333333333 0.3416666666666667 0.6786458333333333 0.3351856060606061 0.6770833333333334 0.3296287878787879 0.6645833333333333 0.32685227272727274 0.6614583333333334 0.3231477272727273 0.6567708333333333 0.310185606060606 0.6546875 0.2833333333333333 0.6453125 0.26666666666666666 0.6333333333333333 0.2555549242424242 0.628125 0.23796212121212124 0.6291666666666667 0.22407386363636364 0.6265625 0.22129545454545455 0.6205729166666667 0.22592613636363637 0.6109375 0.20462878787878788 0.5942708333333333 0.19907386363636365 0.590625 0.18518560606060608 0.584375 0.17407386363636365 0.5833333333333334 0.1657405303030303 0.5755208333333334 0.16018560606060606 0.5651041666666666 0.1638882575757576 0.5286458333333334 0.13611174242424243 0.5205729166666667 0.13611174242424243 0.5098958333333333 0.1277784090909091 0.5067708333333333 0.12129545454545454 0.4942708333333333 0.1185189393939394 0.45 0.12037121212121211 0.4473958333333333 0.12407386363636363 0.4427083333333333 0.12314772727272728 0.43854166666666666 0.13518560606060606 0.42291666666666666 0.14166666666666666 0.42135416666666664 0.16111174242424242 0.4265625 0.17314772727272726 0.43385416666666665 0.17962878787878786 0.4375 0.17685227272727272
4 0.4671875 0.7712954545454546 0.4588541666666667 0.7805549242424242 0.4453125 0.782407196969697 0.4427083333333333 0.7898143939393939 0.4427083333333333 0.8055549242424243 0.45208333333333334 0.8490738636363636 0.4578125 0.857407196969697 0.4635416666666667 0.8583333333333333 0.475 0.8490738636363636 0.48125 0.8370378787878788 0.49166666666666664 0.8314810606060606 0.4979166666666667 0.8444450757575758 0.5026041666666666 0.8398143939393939 0.54375 0.8555549242424243 0.55 0.8638882575757575 0.5510416666666667 0.8731477272727273 0.546875 0.8842594696969697 0.546875 0.9037045454545455 0.5416666666666666 0.9148143939393939 0.5421875 0.9277784090909091 0.5515625 0.942592803030303 0.5505208333333333 0.9555549242424243 0.5541666666666667 0.9657405303030303 0.5520833333333334 0.9703712121212121 0.571875 0.9898143939393939 0.578125 0.985185606060606 0.5791666666666667 0.9703712121212121 0.5895833333333333 0.9537045454545454 0.5916666666666667 0.952778409090909 0.5953125 0.9611117424242424 0.5994791666666667 0.957407196969697 0.6005208333333333 0.9472215909090909 0.5979166666666667 0.9361117424242424 0.6036458333333333 0.9194450757575757 0.5989583333333334 0.8962954545454546 0.5994791666666667 0.8842594696969697 0.5916666666666667 0.8712954545454545 0.5921875 0.8592594696969698 0.6052083333333333 0.85 0.6072916666666667 0.8453712121212121 0.5958333333333333 0.8444450757575758 0.590625 0.8398143939393939 0.5729166666666666 0.7629621212121211 0.5640625 0.7444450757575758 0.5572916666666666 0.7444450757575758 0.5536458333333333 0.7370378787878789 0.5546875 0.7305549242424243 0.5520833333333334 0.717592803030303 0.5536458333333333 0.7101856060606061 0.55625 0.7083333333333334 0.5526041666666667 0.7037045454545454 0.5463541666666667 0.7055549242424243 0.5255208333333333 0.6749999999999999 0.5260416666666666 0.6666666666666666 0.51875 0.6620378787878788 0.5114583333333333 0.6666666666666666 0.496875 0.6657405303030304 0.4625 0.6879621212121213 0.46197916666666666 0.7166666666666667 0.4661458333333333 0.7435189393939393 0.46510416666666665 0.7555549242424242 0.4671875 0.7712954545454546
4 0.42291666666666666 0.5907405303030303 0.4359375 0.597221590909091 0.4401041666666667 0.6120378787878789 0.4432291666666667 0.6138882575757575 0.44635416666666666 0.6027784090909091 0.45625 0.5944450757575758 0.4671875 0.5916666666666667 0.471875 0.5833333333333334 0.47604166666666664 0.5592594696969697 0.47552083333333334 0.5416666666666666 0.47708333333333336 0.5361117424242424 0.4765625 0.5194450757575757 0.4744791666666667 0.514814393939394 0.4578125 0.5 0.43125 0.5018522727272727 0.4203125 0.527778409090909 0.4192708333333333 0.5537045454545454 0.42135416666666664 0.5703712121212121 0.4192708333333333 0.5851856060606061 0.42291666666666666 0.5907405303030303
4 0.5197916666666667 0.65 0.521875 0.657407196969697 0.5265625 0.6620378787878788 0.5479166666666667 0.6620378787878788 0.55625 0.6546287878787879 0.5583333333333333 0.6462954545454546 0.5583333333333333 0.6222215909090909 0.5411458333333333 0.5907405303030303 0.5369791666666667 0.5870378787878788 0.5322916666666667 0.5861117424242424 0.5239583333333333 0.5981477272727272 0.5151041666666667 0.6046287878787879 0.5015625 0.5981477272727272 0.49166666666666664 0.6120378787878789 0.48854166666666665 0.6194450757575758 0.49322916666666666 0.6305549242424242 0.4979166666666667 0.6314810606060607 0.5197916666666667 0.65
4 0.4234375 0.4620378787878788 0.428125 0.4629621212121212 0.43645833333333334 0.4509261363636364 0.44166666666666665 0.43425946969696966 0.4432291666666667 0.41018560606060606 0.4395833333333333 0.40462878787878787 0.4348958333333333 0.4037045454545455 0.428125 0.39166666666666666 0.421875 0.3935189393939394 0.41875 0.40740719696969696 0.4197916666666667 0.4157405303030303 0.4171875 0.43425946969696966 0.41875 0.4555549242424242 0.4234375 0.4620378787878788
4 0.4109375 0.27407386363636366 0.40989583333333335 0.2833333333333333 0.4119791666666667 0.28888825757575753 0.4171875 0.2916666666666667 0.41875 0.30370454545454545 0.4270833333333333 0.3120378787878788 0.4270833333333333 0.3296287878787879 0.43072916666666666 0.3379621212121212 0.4348958333333333 0.3416666666666667 0.4395833333333333 0.3379621212121212 0.4421875 0.3444450757575757 0.45 0.3472215909090909 0.46458333333333335 0.3379621212121212 0.4671875 0.34537121212121213 0.46770833333333334 0.3416666666666667 0.478125 0.3388882575757576 0.475 0.3231477272727273 0.4817708333333333 0.31666666666666665 0.48802083333333335 0.31944507575757575 0.4947916666666667 0.31388825757575756 0.49895833333333334 0.2435189393939394 0.49635416666666665 0.23518560606060607 0.4890625 0.23055492424242424 0.48333333333333334 0.22129545454545455 0.478125 0.21944507575757577 0.471875 0.2111117424242424 0.46770833333333334 0.21481439393939394 0.46145833333333336 0.20555492424242425 0.45989583333333334 0.20092613636363635 0.46041666666666664 0.18333333333333332 0.46197916666666666 0.18148106060606062 0.46041666666666664 0.1685189393939394 0.45729166666666665 0.1685189393939394 0.449653125 0.18888825757575758 0.44114583333333335 0.18611174242424242 0.4375 0.17407386363636365 0.4348958333333333 0.17314772727272726 0.42916666666666664 0.17870454545454545 0.4270833333333333 0.18611174242424242 0.42083333333333334 0.18796212121212122 0.42135416666666664 0.19166666666666668 0.41510416666666666 0.20462878787878788 0.4119791666666667 0.19999999999999998 0.4083333333333333 0.20185227272727274 0.40677083333333336 0.20462878787878788 0.40677083333333336 0.22129545454545455 0.4083333333333333 0.26759280303030303 0.4109375 0.27407386363636366
4 0.3609375 0.05462878787878788 0.36302083333333335 0.07037121212121211 0.3614583333333333 0.07592613636363636 0.36614583333333334 0.0814810606060606 0.36666666666666664 0.09166666666666666 0.3645833333333333 0.09537121212121212 0.37083333333333335 0.10740719696969697 0.371875 0.11944507575757576 0.37395833333333334 0.1222215909090909 0.3802083333333333 0.12592613636363637 0.3859375 0.12407386363636363 0.40208333333333335 0.14074053030303033 0.4109375 0.13888825757575757 0.41875 0.1314810606060606 0.4234375 0.13518560606060606 0.4359375 0.13518560606060606 0.44114583333333335 0.1222215909090909 0.44166666666666665 0.09629545454545455 0.44427083333333334 0.08703787878787879 0.434375 0.07222159090909092 0.4197916666666667 0.06759280303030303 0.40677083333333336 0.05740719696969697 0.3880208333333333 0.051852272727272726 0.3828125 0.04722159090909091 0.3697916666666667 0.049999999999999996 0.353125 0.039814393939393934 0.3494791666666667 0.039814393939393934 0.3494791666666667 0.04444507575757575 0.3536458333333333 0.04537121212121212 0.3609375 0.05462878787878788