4 0.44166718749999995 0.6870375 0.4515625 0.6666671875 0.4453125 0.6453703125 0.43125 0.6296296875 0.4109375 0.653703125 0.4088546875 0.7009265625000001 0.4359375 0.71851875
4 0.48854218749999995 0.9984375 0.48333281250000004 0.853703125 0.41822968749999995 0.8731484375 0.40677031250000006 0.8851859375 0.4046875 0.9620374999999999 0.4453125 0.9518515624999999 0.45260468749999994 0.99351875
4 0.3645828125 0.9984375 0.3536453125 0.98055625 0.340625 0.9620374999999999 0.3375 0.9984375
4 0.38125 0.825 0.3786453125 0.8092593750000001 0.3692703125 0.8111109375 0.3661453125 0.8546296874999999 0.3734375 0.8768515625 0.3791671875 0.8564812500000001
4 0.275 0.677778125 0.2776046875 0.6879625 0.2604171875 0.7416671874999999 0.3270828125 0.7379625 0.3348953125 0.6425921875 0.3203125 0.628703125 0.3328125 0.58055625 0.3015625 0.5481484375 0.2911453125 0.5157406250000001 0.259375 0.528703125 0.2572921875 0.597221875 0.2541671875 0.647221875 0.2625 0.65648125
4 0.3651046875 0.6620375000000001 0.3536453125 0.6824078124999999 0.3625 0.71944375 0.3817703125 0.7175921875 0.3916671875 0.6731484375 0.3947921875 0.6259265625 0.384375 0.6231484375 0.3713546875 0.5814812500000001 0.3588546875 0.5675921875000001 0.3432296875 0.56851875 0.334375 0.6296296875 0.3390625 0.6509265625 0.3609375 0.6425921875
4 0.2588546875 0.425 0.253125 0.4518515625 0.2536453125 0.4925921875 0.2895828125 0.475 0.2958328125 0.427778125 0.2723953125 0.41574062500000003
4 0.33125 0.5268515625 0.33125 0.5055562499999999 0.33125 0.478703125 0.3239578125 0.45462968750000005 0.3088546875 0.4611109375 0.3020828125 0.49166718749999994 0.2994796875 0.5101859375 0.3114578125 0.534259375
4 0.3942703125 0.31759218749999996 0.4010421875 0.28055625 0.3953125 0.246296875 0.375 0.2611109375 0.3671875 0.2879625 0.378125 0.315740625
4 0.3270828125 0.4453703125 0.3317703125 0.4740734375 0.3380203125 0.49166718749999994 0.3875 0.4898140625 0.3927078125 0.45925937499999997 0.3854171875 0.453703125 0.3973953125 0.446296875 0.3947921875 0.425 0.3729171875 0.4166671875 0.3739578125 0.409259375 0.3880203125 0.397221875 0.3859375 0.3796296875 0.3973953125 0.3703703125 0.3989578125 0.3370375 0.3713546875 0.34351875 0.3651046875 0.30740781250000004 0.3411453125 0.30555625000000003 0.3432296875 0.2629625 0.3192703125 0.2740734375 0.3192703125 0.3101859375 0.2994796875 0.3166671875 0.2864578125 0.353703125 0.2744796875 0.3953703125 0.3057296875 0.41759218750000004
4 0.3713546875 0.25277812499999996 0.3697921875 0.222221875 0.3885421875 0.2203703125 0.3947921875 0.21759218749999998 0.3890625 0.1833328125 0.3848953125 0.16851875 0.3838546875 0.1574078125 0.3776046875 0.12685156250000001 0.3604171875 0.0916671875 0.340625 0.06851874999999999 0.3265625 0.056481250000000004 0.3208328125 0.05092656250000001 0.3197921875 0.06388906250000001 0.3177078125 0.0759265625 0.334375 0.077778125 0.334375 0.084259375 0.3244796875 0.09351875 0.3338546875 0.12685156250000001 0.35 0.125 0.353125 0.11203749999999998 0.3635421875 0.11296250000000001 0.3583328125 0.1231484375 0.3630203125 0.13148125 0.3713546875 0.140740625 0.3796875 0.1490734375 0.3796875 0.15555625 0.3666671875 0.15555625 0.3572921875 0.16944375 0.3588546875 0.18148124999999998 0.3552078125 0.19444375 0.3401046875 0.1879625 0.3401046875 0.1759265625 0.3380203125 0.171296875 0.3338546875 0.1703703125 0.33125 0.1768515625 0.325 0.21111093749999998 0.340625 0.2166671875 0.3567703125 0.25277812499999996
4 0.4078125 0.322221875 0.40989531250000005 0.33518593750000003 0.41354218749999994 0.347221875 0.428125 0.3481484375 0.44427031250000004 0.346296875 0.4583328125 0.33425937499999997 0.4583328125 0.322221875 0.4505203125 0.31851875 0.4479171875 0.3018515625 0.44322968749999997 0.28055625 0.45 0.2703703125 0.4479171875 0.246296875 0.4348953125 0.197221875 0.4322921875 0.197221875 0.42552031250000005 0.20277812499999998 0.4203125 0.221296875 0.41302031250000004 0.21944375 0.40572968749999994 0.21851875 0.40208281250000005 0.225 0.40729218749999996 0.26944375
4 0.4505203125 0.5148140625 0.47291718749999995 0.5101859375 0.47239531250000005 0.4768515625 0.4635421875 0.4768515625 0.453125 0.46018593750000003 0.43802031250000006 0.4648140625 0.43177031250000003 0.4620375 0.425 0.478703125 0.4348953125 0.4870375 0.41770781250000005 0.4990734375 0.41354218749999994 0.5296296875000001 0.43125 0.5740734375 0.44635468749999996 0.5675921875000001 0.4557296875 0.5416671875
4 0.471875 0.6101859375 0.46510468749999995 0.6092593749999999 0.44739531250000003 0.6083328125 0.4515625 0.6388890625 0.4640625 0.65555625 0.478125 0.65648125 0.4817703125 0.6138890625 0.478125 0.6129625
4 0.1661453125 0.78055625 0.1708328125 0.8444437499999999 0.1609375 0.88055625 0.1463546875 0.94351875 0.1635421875 0.9407406249999999 0.2151046875 0.7268515625 0.1973953125 0.721296875 0.184375 0.7472218749999999
4 0.0213546875 0.9984375 0.1010421875 0.8046296875 0.1885421875 0.5833328125 0.1651046875 0.553703125 0.1473953125 0.5740734375 0.1302078125 0.572221875 0 0.88055625 0 0.9984375
4 0.2 0.5481484375 0.2239578125 0.49537031249999997 0.2192703125 0.4731484375 0.21875 0.4481484375 0.2359375 0.4638890625 0.2614578125 0.3898140625 0.2822921875 0.33425937499999997 0.2572921875 0.3333328125 0.2380203125 0.35 0.2432296875 0.37129687499999997 0.228125 0.37222187500000004 0.215625 0.3703703125 0.1401046875 0.5453703125 0.1598953125 0.547221875 0.1864578125 0.5361109374999999
4 0.2979171875 0.2861109375 0.2958328125 0.28148125 0.2859375 0.2796296875 0.2859375 0.27592656249999997 0.3036453125 0.265740625 0.3135421875 0.240740625 0.3203125 0.21759218749999998 0.3244796875 0.19351875000000002 0.3270828125 0.1675921875 0.3145828125 0.171296875 0.3130203125 0.18055625 0.2921875 0.18148124999999998 0.2802078125 0.2138890625 0.2453125 0.2981484375 0.246875 0.3009265625 0.26875 0.3120375 0.2864578125 0.3083328125 0.2953125 0.3009265625
4 0.3463546875 0.051851562500000004 0.303125 0.0296296875 0.3 0.037962499999999996 0.3041671875 0.0388890625 0.3229171875 0.05092656250000001 0.3447921875 0.0703703125 0.3609375 0.0898140625 0.3723953125 0.109259375 0.3807296875 0.128703125 0.3885421875 0.1509265625 0.39375 0.146296875 0.4171875 0.1416671875 0.4010421875 0.1018515625 0.3755203125 0.0768515625
4 0.303125 0.13703749999999998 0.3041671875 0.1398140625 0.3098953125 0.1388890625 0.3192703125 0.13518593750000002 0.3260421875 0.1333328125 0.3302078125 0.12962968749999998 0.328125 0.109259375 0.3239578125 0.097221875 0.31875 0.109259375 0.3088546875 0.10648125 0.30625 0.1083328125 0.3046875 0.12962968749999998
4 0.46197968749999996 0.43333281250000005 0.4703125 0.43055625 0.46822968749999994 0.39351875000000003 0.46666718749999997 0.3898140625 0.4640625 0.4 0.46510468749999995 0.40277812500000004 0.46302031250000003 0.41481406249999997
4 0.4109375 0.4111109375 0.41197968749999997 0.428703125 0.41197968749999997 0.44166718749999995 0.41197968749999997 0.45740781249999996 0.41979218749999997 0.45740781249999996 0.41875 0.4481484375 0.41979218749999997 0.4101859375 0.41979218749999997 0.3796296875 0.41458281250000006 0.3740734375 0.4109375 0.3796296875 0.41041718749999995 0.3851859375 0.41041718749999995 0.39444375
4 0.41354218749999994 0.3509265625 0.421875 0.3611109375 0.4296875 0.3648140625 0.44375 0.3740734375 0.44895781250000005 0.38055625000000004 0.46041718749999994 0.38148125 0.46145781250000006 0.36296249999999997 0.45885468749999997 0.3379625 0.44322968749999997 0.34907343750000003