4 0.2682296875 0.85 0.3171875 0.8731484375 0.3541671875 0.8796296874999999 0.371875 0.85555625 0.3786453125 0.8305562500000001 0.3895828125 0.7990734374999999 0.3869796875 0.7759265625 0.3755203125 0.7509265625 0.3473953125 0.7472218749999999 0.3239578125 0.7620375 0.2989578125 0.7731484375 0.296875 0.797221875 0.2723953125 0.822221875
4 0.196875 0.9984375 0.1802078125 0.9675921875 0.1671875 0.9425921875000001 0.1953125 0.878703125 0.2213546875 0.8574078125 0.240625 0.8314812500000001 0.2416671875 0.7935187499999999 0.2489578125 0.7490734375 0.24375 0.721296875 0.2140625 0.702778125 0.1911453125 0.7083328125 0.1744796875 0.702778125 0.1546875 0.7064812500000001 0.1552078125 0.7453703125 0.1411453125 0.7620375 0.125 0.7861109374999999 0.1130203125 0.8268515624999999 0.1046875 0.871296875 0.0869796875 0.8870374999999999 0.0697921875 0.9203703125 0.061979687500000005 0.9629625 0.0494796875 0.9984375
4 0.3223953125 0.6620375000000001 0.3359375 0.6425921875 0.3359375 0.625 0.3338546875 0.5740734375 0.3286453125 0.565740625 0.3052078125 0.56851875 0.2864578125 0.575 0.275 0.60555625 0.271875 0.6240734375 0.2677078125 0.63148125 0.2526046875 0.6361109375 0.2614578125 0.6481484375 0.2697921875 0.66944375 0.290625 0.6648140625
4 0.1755203125 0.6620375000000001 0.1848953125 0.6731484375 0.2015625 0.6379625 0.1854171875 0.6351859375 0.1807296875 0.6546296875000001
4 0.2192703125 0.65555625 0.2328125 0.647221875 0.2270828125 0.6194437500000001 0.234375 0.6092593749999999 0.2375 0.625 0.2463546875 0.6074078125 0.2421875 0.578703125 0.2260421875 0.56851875 0.2166671875 0.578703125 0.209375 0.5870375 0.2057296875 0.5861109375 0.2015625 0.5981484375 0.2005203125 0.6231484375 0.2145828125 0.6203703125 0.2177078125 0.6296296875
4 0.0208328125 0.8611109375 0.0427078125 0.8481484375000001 0.0588546875 0.8425921875 0.0671875 0.8157406249999999 0.09114531249999999 0.802778125 0.1114578125 0.771296875 0.109375 0.7629625 0.0953125 0.7388890625 0.0640625 0.753703125 0.0338546875 0.7768515625 0.01875 0.75648125 0 0.7472218749999999 0.0026046875000000002 0.8324078125 0.009375 0.8416671875
4 0.41875 0.9166671875000001 0.43125 0.9351859375 0.43697968749999994 0.8731484375 0.44479218749999994 0.8416671875 0.44427031250000004 0.8157406249999999 0.4322921875 0.8101859375 0.4109375 0.8296296875 0.4078125 0.846296875 0.40416718749999997 0.8851859375
4 0.3755203125 0.9984375 0.3796875 0.9796296874999999 0.3776046875 0.9444437499999999 0.3651046875 0.9111109374999999 0.3536453125 0.9175921875 0.3458328125 0.9518515624999999 0.3276046875 0.971296875 0.3119796875 0.9620374999999999 0.2859375 0.9620374999999999 0.2901046875 0.9953703125000001 0.3005203125 0.9984375
4 0.3739578125 0.5203703125 0.3822921875 0.4990734375 0.3947921875 0.49166718749999994 0.3994796875 0.4638890625 0.3947921875 0.43333281250000005 0.375 0.43611093749999996 0.3484375 0.43148125000000004 0.3348953125 0.4398140625 0.3286453125 0.46018593750000003 0.3088546875 0.45462968750000005 0.2890625 0.45555625 0.275 0.4379625 0.25 0.447221875 0.2354171875 0.47037031249999994 0.21875 0.534259375 0.2213546875 0.5490734374999999 0.2307296875 0.5333328125000001 0.2546875 0.553703125 0.2963546875 0.5629625 0.35625 0.5518515625
4 0.47447968749999997 0.484259375 0.4890625 0.48055624999999996 0.4869796875 0.4509265625 0.48333281250000004 0.4166671875 0.46875 0.40555624999999995 0.44947968749999995 0.403703125 0.4328125 0.390740625 0.41875 0.4268515625 0.4328125 0.446296875 0.4421875 0.4481484375 0.44114531250000005 0.4796296875
4 0.453125 0.29907343750000004 0.45416718749999996 0.2731484375 0.46145781250000006 0.265740625 0.4625 0.2629625 0.4546875 0.22592656249999998 0.4427078125 0.2333328125 0.43072968749999996 0.24537031250000002 0.4265625 0.2583328125 0.42239531250000006 0.2796296875 0.42135468749999994 0.2925921875 0.41510468749999996 0.3 0.409375 0.3083328125 0.41302031250000004 0.3296296875 0.4114578125 0.3601859375 0.41875 0.3888890625 0.43697968749999994 0.3861109375 0.45104218749999997 0.3703703125 0.45 0.33148125
4 0.3166671875 0.428703125 0.3364578125 0.42592656250000005 0.3604171875 0.42592656250000005 0.3807296875 0.42592656250000005 0.3916671875 0.4240734375 0.3958328125 0.40462968750000006 0.3927078125 0.3861109375 0.4010421875 0.375 0.4010421875 0.3601859375 0.3994796875 0.35 0.40052031250000003 0.3379625 0.3994796875 0.3268515625 0.3973953125 0.3129625 0.375 0.3083328125 0.35625 0.3083328125 0.3473953125 0.3 0.334375 0.29444375 0.3333328125 0.3083328125 0.3171875 0.31111093749999996 0.3078125 0.303703125 0.2994796875 0.29907343750000004 0.2958328125 0.303703125 0.284375 0.34351875 0.2734375 0.3759265625 0.2614578125 0.4231484375 0.2770828125 0.4240734375 0.2875 0.43148125000000004 0.3015625 0.43611093749999996
4 0.0390625 0.753703125 0.046875 0.7361109375 0.05625 0.7490734375 0.0708328125 0.7453703125 0.084375 0.7203703124999999 0.0958328125 0.6953703124999999 0.1109375 0.684259375 0.1484375 0.6666671875 0.159375 0.6425921875 0.1520828125 0.6277781250000001 0.1307296875 0.6222218749999999 0.115625 0.6166671874999999 0.1020828125 0.6092593749999999 0.0848953125 0.602778125 0.0744796875 0.5833328125 0.055207812499999995 0.5796296875 0.0458328125 0.5851859375 0.031770312499999995 0.6046296875 0 0.6611109374999999 0.0005203125 0.7398140625 0.0125 0.7370375 0.0203125 0.7361109375 0.0203125 0.75
4 0.1807296875 0.5824078125 0.1875 0.5675921875000001 0.1942703125 0.559259375 0.2046875 0.5425921875 0.2130203125 0.5101859375 0.2260421875 0.49537031249999997 0.2276046875 0.46666718749999997 0.221875 0.45555625 0.2130203125 0.4611109375 0.19375 0.497221875 0.1645828125 0.5240734375 0.1510421875 0.546296875 0.1510421875 0.5861109375 0.1630203125 0.6138890625 0.1677078125 0.6194437500000001 0.1703125 0.6120375
4 0.0895828125 0.577778125 0.09114531249999999 0.5916671874999999 0.0994796875 0.5990734375 0.109375 0.59351875 0.115625 0.577778125 0.1182296875 0.5620375 0.128125 0.5490734374999999 0.1385421875 0.5435187499999999 0.1515625 0.5388890625 0.1546875 0.53148125 0.1630203125 0.5166671875 0.1619796875 0.509259375 0.15625 0.49537031249999997 0.1541671875 0.4870375 0.1557296875 0.48148125 0.1541671875 0.4768515625 0.1703125 0.4638890625 0.1796875 0.45462968750000005 0.1833328125 0.4481484375 0.1895828125 0.43055625 0.2067703125 0.4240734375 0.2098953125 0.4 0.2135421875 0.3851859375 0.2203125 0.37870312500000003 0.2208328125 0.43611093749999996 0.2229171875 0.4509265625 0.2286453125 0.46759218750000003 0.2484375 0.4240734375 0.2557296875 0.4009265625 0.26875 0.3703703125 0.2770828125 0.3398140625 0.2817703125 0.322221875 0.2807296875 0.31388906250000004 0.2697921875 0.30462968749999997 0.2713546875 0.2851859375 0.2739578125 0.2981484375 0.2854171875 0.2953703125 0.2854171875 0.3018515625 0.2932296875 0.2833328125 0.2989578125 0.26203750000000003 0.3041671875 0.240740625 0.2973953125 0.23981406249999998 0.28125 0.24907343750000002 0.2770828125 0.25925937499999996 0.2739578125 0.272221875 0.2671875 0.2851859375 0.2682296875 0.271296875 0.2729171875 0.2416671875 0.2723953125 0.22962968749999998 0.2817703125 0.2231484375 0.29375 0.2268515625 0.3072921875 0.225 0.3114578125 0.221296875 0.3151046875 0.20925937499999997 0.30625 0.2018515625 0.3151046875 0.1981484375 0.3161453125 0.1833328125 0.3171875 0.1759265625 0.3125 0.16851875 0.3260421875 0.1629625 0.33125 0.121296875 0.325 0.09074062499999999 0.3135421875 0.08055625 0.3041671875 0.0759265625 0.3015625 0.0879625 0.3005203125 0.1 0.2895828125 0.14351875 0.2661453125 0.1879625 0.2166671875 0.284259375 0.1911453125 0.32592656249999996 0.125 0.440740625 0.0583328125 0.5574078124999999 0.0630203125 0.5768515625 0.0776046875 0.5740734375 0.0770828125 0.5675921875000001
4 0.3859375 0.25 0.3895828125 0.23981406249999998 0.3911453125 0.2638890625 0.3953125 0.24444375 0.3932296875 0.21759218749999998 0.3854171875 0.20277812499999998 0.3776046875 0.221296875 0.3760421875 0.2268515625 0.3661453125 0.22962968749999998 0.3651046875 0.24907343750000002
4 0.36875 0.11018593750000001 0.359375 0.0990734375 0.353125 0.1111109375 0.3526046875 0.13055624999999998 0.3609375 0.1388890625 0.3682296875 0.12962968749999998
4 0.3625 0.20277812499999998 0.3807296875 0.20648125 0.3807296875 0.1648140625 0.384375 0.14537031250000002 0.3802078125 0.13055624999999998 0.3729171875 0.1388890625 0.3677078125 0.1546296875 0.3645828125 0.1731484375 0.3588546875 0.1870375
4 0.4265625 0.2268515625 0.42239531250000006 0.21944375 0.41822968749999995 0.21851875 0.41197968749999997 0.23055625000000002 0.41510468749999996 0.246296875 0.42291718749999996 0.24814843749999999
4 0.4046875 0.15277812500000001 0.4140625 0.159259375 0.41875 0.1703703125 0.4270828125 0.1879625 0.4348953125 0.203703125 0.4427078125 0.21574062500000002 0.4479171875 0.2101859375 0.44739531250000003 0.19629687499999998 0.44479218749999994 0.184259375 0.4265625 0.1398140625 0.41770781250000005 0.13425937500000001 0.3817703125 0.1148140625 0.3838546875 0.1259265625 0.3895828125 0.147221875 0.3963546875 0.15