4 0.3208328125 0.7175921875 0.3083328125 0.7314812500000001 0.3125 0.7620375 0.3177078125 0.7861109374999999 0.3317703125 0.7870375000000001 0.3489578125 0.7416671874999999 0.3364578125 0.7240734375
4 0.3526046875 0.6981484375 0.3598953125 0.7240734375 0.3729171875 0.7370375 0.3822921875 0.6916671875 0.3677078125 0.690740625
4 0.3916671875 0.772221875 0.396875 0.7935187499999999 0.40677031250000006 0.7574078125 0.3947921875 0.74351875
4 0.41354218749999994 0.572221875 0.4088546875 0.5361109374999999 0.3927078125 0.51944375 0.3645828125 0.5268515625 0.359375 0.5296296875000001 0.3432296875 0.5388890625 0.328125 0.5574078124999999 0.328125 0.578703125 0.3375 0.60555625 0.3541671875 0.6120375 0.3661453125 0.6148140625 0.3958328125 0.6074078125 0.4078125 0.5990734375
4 0.3427078125 0.4379625 0.3338546875 0.4425921875 0.3333328125 0.45555625 0.328125 0.4648140625 0.3255203125 0.478703125 0.3302078125 0.4888890625 0.3369796875 0.4888890625 0.3401046875 0.4768515625 0.34375 0.4648140625 0.3458328125 0.4509265625
4 0.3755203125 0.43888906250000004 0.3703125 0.4296296875 0.3692703125 0.4166671875 0.3677078125 0.40648125 0.3578125 0.409259375 0.3546875 0.41851874999999994 0.3552078125 0.43148125000000004 0.3541671875 0.4425921875 0.3598953125 0.4509265625 0.3661453125 0.453703125 0.3776046875 0.4518515625 0.3776046875 0.4509265625
4 0.3979171875 0.465740625 0.390625 0.4629625 0.3838546875 0.4648140625 0.378125 0.47222187499999996 0.3786453125 0.4824078125 0.3854171875 0.4870375 0.3916671875 0.4870375 0.40625 0.484259375 0.403125 0.47592656250000004
4 0.4171875 0.42037031249999995 0.41770781250000005 0.4101859375 0.41614531250000003 0.3981484375 0.41354218749999994 0.3898140625 0.41354218749999994 0.3768515625 0.40989531250000005 0.37129687499999997 0.4046875 0.3638890625 0.40052031250000003 0.352778125 0.3947921875 0.347221875 0.3890625 0.347221875 0.38125 0.3509265625 0.375 0.3453703125 0.3692703125 0.34444375 0.3619796875 0.3398140625 0.3572921875 0.3379625 0.3526046875 0.3379625 0.3494796875 0.34444375 0.34375 0.353703125 0.3427078125 0.3666671875 0.346875 0.3759265625 0.359375 0.3731484375 0.3635421875 0.3731484375 0.3682296875 0.38703750000000003 0.3703125 0.396296875 0.3828125 0.3916671875 0.3875 0.3990734375 0.3895828125 0.4120375 0.3895828125 0.425 0.3921875 0.43611093749999996 0.3984375 0.43611093749999996 0.40729218749999996 0.4268515625 0.4114578125 0.421296875
4 0.40989531250000005 0.31111093749999996 0.4114578125 0.3009265625 0.40989531250000005 0.29074062500000003 0.4088546875 0.278703125 0.41041718749999995 0.26944375 0.41041718749999995 0.25925937499999996 0.40625 0.25370312500000003 0.40520781250000004 0.24351875 0.40208281250000005 0.23611093749999998 0.3953125 0.2351859375 0.3901046875 0.2333328125 0.3895828125 0.21944375 0.3916671875 0.21111093749999998 0.3963546875 0.2046296875 0.3947921875 0.19629687499999998 0.3885421875 0.197221875 0.3822921875 0.203703125 0.3786453125 0.2138890625 0.3765625 0.22592656249999998 0.3755203125 0.234259375 0.3770828125 0.24351875 0.384375 0.24907343750000002 0.3901046875 0.2518515625 0.3869796875 0.2611109375 0.3791671875 0.265740625 0.3729171875 0.26759218749999997 0.3677078125 0.26851875000000003 0.3609375 0.2740734375 0.3588546875 0.284259375 0.3598953125 0.3009265625 0.3583328125 0.3120375 0.3552078125 0.32037031250000003 0.35625 0.33055625 0.3619796875 0.33425937499999997 0.3666671875 0.33425937499999997 0.3708328125 0.3231484375 0.375 0.31388906250000004 0.3807296875 0.3148140625 0.3828125 0.32592656249999996 0.384375 0.3333328125 0.3880203125 0.3379625 0.40260468749999995 0.33055625 0.40677031250000006 0.3231484375
4 0.5203125 0.665740625 0.5151046874999999 0.65 0.5052078125 0.6166671874999999 0.49583281250000005 0.6175921875 0.48854218749999995 0.6222218749999999 0.4895828125 0.652778125 0.4895828125 0.6638890625 0.49427031250000003 0.68055625 0.5203125 0.7009265625000001 0.5213546874999999 0.6870375
4 0.5177078125000001 0.9984375 0.5203125 0.977778125 0.5166671875 0.959259375 0.5072921874999999 0.9629625 0.5109375 0.9194437499999999 0.5135421874999999 0.88148125 0.5041671875 0.871296875 0.49322968749999996 0.8916671875000001 0.49375 0.9129625000000001 0.4984375 0.9361109375 0.49791718749999997 0.9601859375 0.4984375 0.9814812500000001 0.47708281250000006 0.9694437499999999 0.4739578125 0.947221875 0.46041718749999994 0.9601859375 0.46041718749999994 0.98055625 0.46666718749999997 0.9984375
4 0.5817703125 0.7120375 0.5796875 0.6879625 0.5630203125000001 0.6870375 0.5552078125000001 0.7046296875 0.55625 0.7314812500000001 0.5708328125000001 0.75648125 0.5791671875 0.7657406250000001 0.5890625 0.7361109375 0.5901046875 0.728703125
4 0.5484375 0.615740625 0.540625 0.6194437500000001 0.5385421874999999 0.6351859375 0.54375 0.6425921875 0.5536453125 0.6351859375 0.553125 0.628703125
4 0.521875 0.5175921875 0.5197921875 0.5046296875 0.51875 0.49074062500000004 0.5177078125000001 0.4740734375 0.5161453125000001 0.4611109375 0.5036453125 0.453703125 0.49947968749999994 0.453703125 0.49270781250000006 0.46018593750000003 0.4921875 0.4740734375 0.4947921875 0.4898140625 0.49583281250000005 0.503703125 0.5067703125 0.509259375 0.5119796875 0.5185187499999999 0.5151046874999999 0.534259375 0.515625 0.546296875 0.5197921875 0.5546296875000001 0.5270828125 0.5398140625 0.5270828125 0.5333328125000001
4 0.46666718749999997 0.4138890625 0.46197968749999996 0.4 0.453125 0.397221875 0.44583281250000006 0.40462968750000006 0.4427078125 0.4166671875 0.43541718749999997 0.425 0.43697968749999994 0.44166718749999995 0.4421875 0.446296875 0.4505203125 0.44351874999999996 0.459375 0.44166718749999995 0.46770781250000004 0.45277812500000003 0.47291718749999995 0.45462968750000005 0.47708281250000006 0.4351859375 0.471875 0.4240734375
4 0.4895828125 0.375 0.484375 0.3638890625 0.4791671875 0.3509265625 0.47552031250000004 0.33518593750000003 0.46875 0.3268515625 0.46770781250000004 0.340740625 0.46875 0.359259375 0.47552031250000004 0.3703703125 0.4765625 0.3824078125 0.4713546875 0.397221875 0.47083281250000003 0.4138890625 0.4765625 0.41851874999999994 0.4828125 0.40277812500000004 0.48489531250000006 0.3953703125 0.4984375 0.390740625 0.49635468749999995 0.38425937499999996
4 0.471875 0.2509265625 0.4671875 0.23888906250000003 0.46041718749999994 0.227778125 0.4583328125 0.2138890625 0.4546875 0.19629687499999998 0.446875 0.1898140625 0.4375 0.19351875000000002 0.43541718749999997 0.2046296875 0.43333281250000005 0.21851875 0.42604218749999995 0.222221875 0.42239531250000006 0.2351859375 0.428125 0.24814843749999999 0.43333281250000005 0.2546296875 0.4421875 0.2611109375 0.44635468749999996 0.275 0.4515625 0.29074062500000003 0.4557296875 0.296296875 0.46510468749999995 0.2666671875 0.46979218749999996 0.2648140625
4 0.4427078125 0.3509265625 0.4427078125 0.33425937499999997 0.4421875 0.31388906250000004 0.44114531250000005 0.3018515625 0.4328125 0.3009265625 0.43125 0.31388906250000004 0.434375 0.3296296875 0.43385468749999995 0.34351875 0.43177031250000003 0.35740781250000003 0.42760468749999997 0.37129687499999997 0.428125 0.38703750000000003 0.4322921875 0.3916671875 0.44114531250000005 0.3666671875 0.44166718749999995 0.36574062500000004
4 0.4947921875 0.3083328125 0.4875 0.29444375 0.47708281250000006 0.2953703125 0.47083281250000003 0.309259375 0.4734375 0.321296875 0.47864531250000003 0.33055625 0.4859375 0.3268515625 0.496875 0.3379625 0.4947921875 0.321296875
4 0.278125 0.3101859375 0.2755203125 0.3240734375 0.2802078125 0.3370375 0.2869796875 0.3370375 0.2973953125 0.315740625 0.2890625 0.30555625000000003
4 0.246875 0.4796296875 0.2385421875 0.46944375000000005 0.2302078125 0.48148125 0.2302078125 0.4925921875 0.2322921875 0.5083328125000001 0.2473953125 0.4990734375 0.2473953125 0.4981484375
4 0.3807296875 0.09444375 0.3755203125 0.10092656250000001 0.3729171875 0.1111109375 0.3791671875 0.11851875 0.3859375 0.122221875 0.3901046875 0.121296875 0.4015625 0.12962968749999998 0.40208281250000005 0.115740625
4 0.375 0.121296875 0.3703125 0.11296250000000001 0.365625 0.10648125 0.3609375 0.10648125 0.3572921875 0.11296250000000001 0.35 0.1111109375 0.3427078125 0.115740625 0.34375 0.1259265625 0.3447921875 0.13148125 0.35 0.13796250000000002 0.35625 0.1324078125 0.3578125 0.12962968749999998 0.371875 0.1333328125 0.3723953125 0.12962968749999998
4 0.3421875 0.1481484375 0.340625 0.1425921875 0.3401046875 0.1333328125 0.3375 0.1240734375 0.3333328125 0.122221875 0.3260421875 0.11944375 0.3208328125 0.1240734375 0.3166671875 0.12777812500000002 0.3135421875 0.1333328125 0.3052078125 0.1425921875 0.3026046875 0.1518515625 0.2947921875 0.1824078125 0.2963546875 0.1879625 0.3020828125 0.19444375 0.3088546875 0.1925921875 0.3135421875 0.184259375 0.3208328125 0.1833328125 0.3265625 0.1768515625 0.3307296875 0.1703703125 0.3401046875 0.1629625 0.3421875 0.1574078125
4 0.3145828125 0.115740625 0.3130203125 0.10555624999999999 0.309375 0.097221875 0.3104171875 0.0888890625 0.3088546875 0.084259375 0.3041671875 0.084259375 0.2973953125 0.09074062499999999 0.2958328125 0.0888890625 0.2932296875 0.078703125 0.2885421875 0.07407343749999999 0.2848953125 0.075 0.2802078125 0.084259375 0.2932296875 0.1111109375 0.2984375 0.13796250000000002 0.3 0.13796250000000002 0.3015625 0.13518593750000002 0.3057296875 0.12685156250000001 0.3098953125 0.11944375
4 0.2890625 0.06944375 0.2921875 0.0731484375 0.2958328125 0.0731484375 0.2979171875 0.0731484375 0.3020828125 0.07407343749999999 0.3052078125 0.07407343749999999 0.3072921875 0.0731484375 0.3088546875 0.0675921875 0.3072921875 0.06388906250000001 0.3057296875 0.059259375 0.3072921875 0.056481250000000004 0.3083328125 0.052778124999999995 0.3083328125 0.0481484375 0.2953125 0.0425921875 0.2916671875 0.051851562500000004 0.290625 0.055556249999999995 0.290625 0.060185937499999995 0.2901046875 0.06388906250000001
4 0.3114578125 0.0648140625 0.3104171875 0.06851874999999999 0.309375 0.072221875 0.3088546875 0.075 0.309375 0.0796296875 0.3114578125 0.08148125 0.3140625 0.08333281249999999 0.3166671875 0.084259375 0.3203125 0.0851859375 0.3234375 0.084259375 0.3265625 0.08333281249999999 0.328125 0.0796296875 0.3270828125 0.077778125 0.3239578125 0.0768515625 0.3213546875 0.0759265625 0.31875 0.07407343749999999 0.3192703125 0.07129687500000001 0.321875 0.07129687500000001 0.3239578125 0.07407343749999999 0.3265625 0.0703703125 0.3265625 0.065740625 0.3265625 0.0629625 0.3296875 0.0574078125 0.3166671875 0.052778124999999995 0.315625 0.055556249999999995 0.3145828125 0.0583328125 0.3119796875 0.0611109375
4 0.334375 0.0759265625 0.3369796875 0.077778125 0.3401046875 0.078703125 0.3432296875 0.0796296875 0.3463546875 0.0768515625 0.346875 0.072221875 0.3484375 0.06851874999999999 0.3489578125 0.0666671875 0.3359375 0.060185937499999995 0.3359375 0.0611109375 0.3338546875 0.0620375 0.3333328125 0.0675921875 0.3328125 0.072221875
4 0.2786453125 0.2666671875 0.275 0.26203750000000003 0.2703125 0.2638890625 0.2682296875 0.2740734375 0.2703125 0.2870375 0.2744796875 0.2888890625 0.28125 0.284259375 0.2807296875 0.277778125
4 0.2578125 0.33148125 0.2505203125 0.33055625 0.2473953125 0.3425921875 0.2520828125 0.34907343750000003 0.2583328125 0.347221875 0.2588546875 0.3453703125