4 0.3927078125 0.975 0.3911453125 0.9175921875 0.3895828125 0.9 0.3927078125 0.8629625000000001 0.3911453125 0.85 0.3854171875 0.8296296875 0.3765625 0.8203703125 0.3765625 0.8101859375 0.3838546875 0.8009265624999999 0.3927078125 0.8009265624999999 0.3958328125 0.7629625 0.3911453125 0.702778125 0.3838546875 0.696296875 0.3609375 0.6953703124999999 0.3359375 0.6990734375 0.3265625 0.7296296875 0.325 0.7472218749999999 0.3182296875 0.7759265625 0.2989578125 0.784259375 0.2958328125 0.7981484375 0.3015625 0.8231484375000001 0.3270828125 0.821296875 0.3447921875 0.828703125 0.3265625 0.8361109375 0.3151046875 0.8425921875 0.3078125 0.8518515624999999 0.3005203125 0.8675921875 0.2916671875 0.9 0.275 0.928703125 0.2635421875 0.9703703125 0.2682296875 0.9916671875 0.3385421875 0.9984375 0.3588546875 0.99351875
4 0.2 0.5083328125000001 0.190625 0.4925921875 0.1848953125 0.5018515625 0.178125 0.5157406250000001 0.1791671875 0.534259375 0.1791671875 0.5361109374999999 0.16875 0.547221875 0.1671875 0.547221875 0.1552078125 0.546296875 0.1526046875 0.5620375 0.1380203125 0.5731484375 0.1307296875 0.5990734375 0.1354171875 0.6120375 0.1484375 0.6101859375 0.1572921875 0.6046296875 0.1572921875 0.6194437500000001 0.1572921875 0.6305562499999999 0.1734375 0.6222218749999999 0.2083328125 0.5398140625 0.2052078125 0.528703125
4 0.44166718749999995 0.9111109374999999 0.44166718749999995 0.89444375 0.4359375 0.8425921875 0.4328125 0.8351859375 0.43697968749999994 0.8092593750000001 0.43697968749999994 0.790740625 0.43697968749999994 0.7490734375 0.4244796875 0.7518515625 0.41510468749999996 0.7824078125 0.403125 0.8138890625 0.4140625 0.8314812500000001 0.415625 0.8398140625 0.415625 0.8509265625 0.415625 0.8731484375 0.4125 0.8870374999999999 0.4109375 0.9 0.41354218749999994 0.9231484375000001 0.42135468749999994 0.9398140625 0.43541718749999997 0.9518515624999999 0.440625 0.946296875 0.44427031250000004 0.9388890625
4 0.4505203125 0.8842593750000001 0.4515625 0.8981484375000001 0.4546875 0.9111109374999999 0.459375 0.9259265624999999 0.4625 0.9333328125 0.4765625 0.9342593750000001 0.48385468749999994 0.9342593750000001 0.4859375 0.9333328125 0.4817703125 0.8398140625 0.4713546875 0.8444437499999999 0.46041718749999994 0.85 0.45364531250000006 0.8629625000000001
4 0.47239531250000005 0.7398140625 0.46666718749999997 0.7416671874999999 0.45989531250000004 0.7379625 0.44895781250000005 0.740740625 0.45208281250000004 0.771296875 0.45729218749999995 0.7851859375 0.459375 0.7953703125 0.4609375 0.8092593750000001 0.46770781250000004 0.8175921875000001 0.48020781250000005 0.825 0.478125 0.7351859375 0.47604218749999994 0.7351859375
4 0.4671875 0.625 0.45729218749999995 0.6259265625 0.4505203125 0.6333328125000001 0.45416718749999996 0.6611109374999999 0.45416718749999996 0.677778125 0.453125 0.678703125 0.43333281250000005 0.6611109374999999 0.42552031250000005 0.6583328125000001 0.40833281250000003 0.6666671875 0.40833281250000003 0.6759265625 0.40260468749999995 0.7009265625000001 0.40729218749999996 0.7240734375 0.41458281250000006 0.7351859375 0.42135468749999994 0.7416671874999999 0.4390625 0.7314812500000001 0.44739531250000003 0.7240734375 0.4625 0.7231484375 0.46510468749999995 0.7231484375 0.47708281250000006 0.7231484375 0.47447968749999997 0.6268515625 0.471875 0.625
4 0.26875 0.41851874999999994 0.2744796875 0.42592656250000005 0.2786453125 0.4324078125 0.2854171875 0.43148125000000004 0.2927078125 0.43148125000000004 0.3005203125 0.4370375 0.3114578125 0.4324078125 0.3166671875 0.42592656250000005 0.3223953125 0.41574062500000003 0.3229171875 0.40648125 0.3197921875 0.3879625 0.3088546875 0.375 0.3005203125 0.37129687499999997 0.2947921875 0.37222187500000004 0.2880203125 0.38055625000000004 0.2786453125 0.3833328125 0.2703125 0.39444375 0.2692703125 0.40555624999999995
4 0.2380203125 0.4240734375 0.2463546875 0.4120375 0.24375 0.39444375 0.2411453125 0.3768515625 0.2484375 0.353703125 0.2635421875 0.3388890625 0.2666671875 0.33518593750000003 0.2755203125 0.328703125 0.2854171875 0.3166671875 0.2979171875 0.2870375 0.3140625 0.23611093749999998 0.3239578125 0.20555625000000002 0.33125 0.1509265625 0.3307296875 0.1083328125 0.321875 0.08333281249999999 0.3052078125 0.065740625 0.284375 0.047221875 0.2703125 0.0361109375 0.259375 0.0490734375 0.2890625 0.07129687500000001 0.3015625 0.0870375 0.3046875 0.10092656250000001 0.3041671875 0.1259265625 0.2895828125 0.1953703125 0.2484375 0.297221875 0.1932296875 0.41481406249999997 0.1947921875 0.41759218750000004 0.2072921875 0.42222187499999997 0.2171875 0.42592656250000005 0.2276046875 0.427778125
4 0.3338546875 0.5870375 0.2979171875 0.5759265625000001 0.2765625 0.5981484375 0.29375 0.6111109375 0.2953125 0.6407406250000001 0.3171875 0.6425921875 0.31875 0.6240734375 0.33125 0.6175921875
4 0.3822921875 0.5111109375 0.3572921875 0.4611109375 0.33125 0.4638890625 0.3234375 0.5018515625 0.3333328125 0.5148140625 0.3307296875 0.540740625 0.3296875 0.552778125 0.3322921875 0.5546296875000001 0.3526046875 0.5879624999999999 0.3770828125 0.584259375 0.3854171875 0.5453703125 0.378125 0.5333328125000001
4 0.2322921875 0.5611109375 0.2473953125 0.546296875 0.2546875 0.5425921875 0.2630203125 0.5268515625 0.24375 0.5185187499999999 0.2333328125 0.5148140625 0.2239578125 0.5351859375 0.2260421875 0.5398140625
4 0.2869796875 0.440740625 0.2635421875 0.4518515625 0.2536453125 0.4796296875 0.2541671875 0.5027781250000001 0.26875 0.5083328125000001 0.2942703125 0.5175921875 0.2994796875 0.4925921875 0.3 0.48055624999999996
4 0.3744796875 0.34351875 0.378125 0.33148125 0.3713546875 0.3101859375 0.359375 0.2925921875 0.3510421875 0.30462968749999997 0.3473953125 0.3148140625 0.3411453125 0.33055625 0.3546875 0.3518515625 0.3645828125 0.34907343750000003
4 0.3291671875 0.297221875 0.3276046875 0.26851875000000003 0.3171875 0.2611109375 0.3104171875 0.2611109375 0.2890625 0.3398140625 0.3046875 0.3601859375 0.3088546875 0.3388890625 0.3177078125 0.31759218749999996 0.3270828125 0.309259375
4 0.2994796875 0.037962499999999996 0.3161453125 0.0481484375 0.3145828125 0.046296875 0.3380203125 0.0648140625 0.359375 0.084259375 0.3729171875 0.10370312500000001 0.3859375 0.1324078125 0.3942703125 0.1638890625 0.403125 0.21759218749999998 0.40572968749999994 0.2231484375 0.40989531250000005 0.2231484375 0.42135468749999994 0.225 0.42395781250000003 0.24444375 0.43333281250000005 0.26759218749999997 0.43333281250000005 0.284259375 0.43177031250000003 0.29351875 0.43385468749999995 0.30648125 0.43541718749999997 0.3148140625 0.43645781250000004 0.321296875 0.43177031250000003 0.33055625 0.43333281250000005 0.3416671875 0.44114531250000005 0.34351875 0.4375 0.35740781250000003 0.4427078125 0.3768515625 0.44635468749999996 0.39444375 0.45520781250000003 0.397221875 0.46197968749999996 0.3953703125 0.4557296875 0.31851875 0.43177031250000003 0.1638890625 0.4114578125 0.1148140625 0.3864578125 0.08148125 0.3182296875 0.0351859375 0.2828125 0.019443750000000003 0.2703125 0.0361109375 0.2734375 0.037962499999999996 0.2729171875 0.039814062500000004 0.28125 0.028703125000000003
4 0.42291718749999996 0.3833328125 0.4114578125 0.3824078125 0.41510468749999996 0.40833281250000003 0.41875 0.4268515625 0.42916718749999994 0.42222187499999997 0.43333281250000005 0.40555624999999995 0.4322921875 0.39351875000000003
4 0.459375 0.43888906250000004 0.4578125 0.4324078125 0.4484375 0.43055625 0.4390625 0.43055625 0.4390625 0.44907343749999995 0.43645781250000004 0.46018593750000003 0.43541718749999997 0.4731484375 0.446875 0.47592656250000004 0.45625 0.48148125 0.4609375 0.465740625 0.46145781250000006 0.46018593750000003
4 0.3307296875 0.18888906249999998 0.3286453125 0.2074078125 0.3322921875 0.21759218749999998 0.3520828125 0.221296875 0.3635421875 0.225 0.3640625 0.2416671875 0.3567703125 0.275 0.3588546875 0.2861109375 0.38125 0.30555625000000003 0.3932296875 0.297221875 0.3979171875 0.28981406249999997 0.40208281250000005 0.278703125 0.4015625 0.24351875 0.3994796875 0.21481406249999999 0.3927078125 0.1898140625 0.3885421875 0.159259375 0.3848953125 0.1398140625 0.378125 0.121296875 0.3703125 0.1111109375 0.3640625 0.09814843749999999 0.3557296875 0.0870375 0.3328125 0.1138890625 0.3348953125 0.1425921875 0.3338546875 0.1759265625