4 0.315625 0.75 0.3182296875 0.7740734375 0.31875 0.778703125 0.3270828125 0.7833328125000001 0.3375 0.746296875 0.3270828125 0.7351859375
4 0.35 0.6824078124999999 0.3598953125 0.6703703125 0.371875 0.6703703125 0.378125 0.6546296875000001 0.3713546875 0.6361109375 0.359375 0.6240734375 0.3479171875 0.6268515625 0.3333328125 0.6240734375 0.3203125 0.6240734375 0.3078125 0.6277781250000001 0.3057296875 0.6509265625 0.3104171875 0.6731484375 0.30625 0.690740625 0.2921875 0.7009265625000001 0.2869796875 0.7138890625000001 0.2927078125 0.7333328125 0.3078125 0.7296296875 0.3177078125 0.7175921875 0.3265625 0.7138890625000001 0.3536453125 0.728703125 0.3515625 0.7064812500000001
4 0.3390625 0.55648125 0.33125 0.5425921875 0.3197921875 0.5398140625 0.3114578125 0.5435187499999999 0.3057296875 0.552778125 0.303125 0.56944375 0.3036453125 0.5861109375 0.3088546875 0.5990734375 0.315625 0.5981484375 0.3364578125 0.5861109375 0.3369796875 0.571296875
4 0.403125 0.440740625 0.4015625 0.42222187499999997 0.3901046875 0.40277812500000004 0.3885421875 0.390740625 0.3807296875 0.3731484375 0.3677078125 0.37129687499999997 0.359375 0.37870312500000003 0.3541671875 0.39444375 0.3484375 0.40833281250000003 0.3380203125 0.41759218750000004 0.3307296875 0.43148125000000004 0.3286453125 0.45277812500000003 0.3307296875 0.46666718749999997 0.3302078125 0.49074062500000004 0.3421875 0.4925921875 0.3515625 0.49074062500000004 0.4 0.4796296875 0.40520781250000004 0.46759218750000003
4 0.3020828125 0.328703125 0.3020828125 0.3398140625 0.3067703125 0.346296875 0.3130203125 0.34444375 0.3130203125 0.31851875 0.3078125 0.31851875
4 0.5364578125 0.9481484375000001 0.5197921875 0.946296875 0.5119796875 0.9657406249999999 0.5125 0.9833328124999999 0.5213546874999999 0.9953703125000001 0.5484375 0.9898140625 0.5479171875 0.96851875
4 0.48645781250000003 0.7981484375 0.4739578125 0.79444375 0.4625 0.803703125 0.44583281250000006 0.803703125 0.44375 0.803703125 0.42864531250000004 0.8157406249999999 0.4296875 0.8305562500000001 0.4401046875 0.8388890625000001 0.45104218749999997 0.8407406249999999 0.46041718749999994 0.834259375 0.46979218749999996 0.8518515624999999 0.4734375 0.8620374999999999 0.48854218749999995 0.8314812500000001 0.49010468749999997 0.802778125
4 0.578125 0.7703703125 0.5755203125 0.7509265625 0.5703125 0.7342593749999999 0.5588546875 0.71851875 0.5479171875 0.71851875 0.5354171875 0.7296296875 0.5192703125 0.746296875 0.5166671875 0.7555562499999999 0.5135421874999999 0.771296875 0.515625 0.7916671875 0.5166671875 0.81851875 0.5151046874999999 0.8361109375 0.5145828125 0.859259375 0.5260421875 0.8722218749999999 0.5296875 0.86944375 0.5328125 0.8416671875 0.5338546875 0.8305562500000001 0.5765625 0.8111109375 0.5802078125000001 0.7925921875
4 0.49791718749999997 0.41574062500000003 0.4947921875 0.40277812500000004 0.4890625 0.421296875 0.478125 0.421296875 0.46875 0.42037031249999995 0.4609375 0.43055625 0.45885468749999997 0.446296875 0.465625 0.45648125000000006 0.47083281250000003 0.47037031249999994 0.47864531250000003 0.47222187499999996 0.49322968749999996 0.4481484375 0.496875 0.43148125000000004
4 0.4734375 0.6305562499999999 0.46666718749999997 0.6111109375 0.4583328125 0.5851859375 0.44739531250000003 0.5814812500000001 0.4375 0.596296875 0.4390625 0.6259265625 0.4401046875 0.6518515625 0.43177031250000003 0.675 0.425 0.6990734375 0.43020781250000006 0.7166671874999999 0.440625 0.722221875 0.46875 0.6768515625 0.4713546875 0.6518515625
4 0.3817703125 0.18055625 0.3791671875 0.16018593750000001 0.3713546875 0.147221875 0.3625 0.15277812500000001 0.3552078125 0.1648140625 0.3515625 0.175 0.3401046875 0.17407343749999998 0.3328125 0.18148124999999998 0.3328125 0.1981484375 0.3380203125 0.2129625 0.3489578125 0.21203750000000002 0.35625 0.20648125 0.3875 0.2083328125 0.3880203125 0.1953703125
4 0.3885421875 0.13055624999999998 0.3911453125 0.1425921875 0.3927078125 0.15555625 0.3901046875 0.16944375 0.3973953125 0.17870312500000002 0.40833281250000003 0.18148124999999998 0.41354218749999994 0.1916671875 0.41979218749999997 0.1990734375 0.428125 0.1981484375 0.4322921875 0.18888906249999998 0.43854218749999996 0.18055625 0.3885421875 0.109259375 0.3875 0.1166671875
4 0.3369796875 0.0870375 0.33125 0.08333281249999999 0.328125 0.0851859375 0.3234375 0.09351875 0.3234375 0.10370312500000001 0.3276046875 0.10555624999999999 0.33125 0.1018515625 0.3401046875 0.10277812500000001 0.3401046875 0.09444375
4 0.2875 0.2546296875 0.2911453125 0.240740625 0.2994796875 0.2379625 0.3036453125 0.227778125 0.3109375 0.21111093749999998 0.3177078125 0.2046296875 0.321875 0.19444375 0.3182296875 0.18148124999999998 0.3088546875 0.1731484375 0.3020828125 0.1759265625 0.2984375 0.18611093750000002 0.2953125 0.1990734375 0.2864578125 0.2083328125 0.2796875 0.2138890625 0.2708328125 0.2231484375 0.2666671875 0.2333328125 0.2671875 0.25 0.2729171875 0.2601859375 0.278125 0.278703125 0.2838546875 0.2888890625 0.2880203125 0.28981406249999997 0.2942703125 0.29444375 0.2984375 0.2768515625 0.2927078125 0.2629625
4 0.2947921875 0.1666671875 0.2989578125 0.1574078125 0.3015625 0.15 0.3046875 0.14351875 0.3119796875 0.1333328125 0.3130203125 0.1203703125 0.3109375 0.11018593750000001 0.3104171875 0.0990734375 0.3140625 0.09444375 0.3197921875 0.0888890625 0.3239578125 0.08333281249999999 0.3276046875 0.077778125 0.3317703125 0.077778125 0.340625 0.07407343749999999 0.3427078125 0.065740625 0.3255203125 0.0481484375 0.2770828125 0.0351859375 0.2536453125 0.056481250000000004 0.2609375 0.0861109375 0.2776046875 0.1203703125 0.2760421875 0.1638890625 0.2796875 0.16851875 0.2854171875 0.1731484375 0.2901046875 0.1703703125
4 0.2166671875 0.43055625 0.2203125 0.4268515625 0.2307296875 0.409259375 0.2380203125 0.3898140625 0.2458328125 0.36944374999999996 0.2510421875 0.35648124999999997 0.25625 0.346296875 0.2630203125 0.33518593750000003 0.2682296875 0.3231484375 0.2692703125 0.30555625000000003 0.2666671875 0.2879625 0.2666671875 0.272221875 0.2625 0.25555625000000004 0.2604171875 0.2379625 0.2541671875 0.22592656249999998 0.1796875 0.45462968750000005 0.1859375 0.45555625 0.1979171875 0.4509265625 0.2078125 0.44351874999999996