4 0 0.9984375 0.0166671875 0.9907406249999999 0.10677031249999999 0.7925921875 0.2119796875 0.525 0.2739578125 0.3611109375 0.3109375 0.24537031250000002 0.325 0.19351875000000002 0.3296875 0.1583328125 0.3307296875 0.13703749999999998 0.3291671875 0.11018593750000001 0.3265625 0.097221875 0.3177078125 0.078703125 0.309375 0.0675921875 0.2947921875 0.056481250000000004 0.2817703125 0.0481484375 0.2744796875 0.0425921875 0.2671875 0.0546296875 0.2848953125 0.0703703125 0.2927078125 0.075 0.2979171875 0.10555624999999999 0.2953125 0.146296875 0.2864578125 0.17407343749999998 0.2760421875 0.2018515625 0.221875 0.32592656249999996 0.19375 0.39259218749999997 0.11458281249999999 0.55555625 0 0.79444375
4 0.45364531250000006 0.40555624999999995 0.42916718749999994 0.4370375 0.41770781250000005 0.44166718749999995 0.4125 0.4611109375 0.41770781250000005 0.49166718749999994 0.45364531250000006 0.475 0.48125 0.46944375000000005 0.46770781250000004 0.41944375
4 0.35 0.5240734375 0.340625 0.4796296875 0.3328125 0.4740734375 0.3130203125 0.47777812500000005 0.3072921875 0.49444375 0.30625 0.5379625 0.3276046875 0.5416671875
4 0.1729171875 0.825 0.1942703125 0.8148140625 0.2307296875 0.7666671875 0.2666671875 0.7481484375 0.2911453125 0.7259265625 0.3026046875 0.696296875 0.2880203125 0.68055625 0.2911453125 0.6620375000000001 0.2989578125 0.6166671874999999 0.3015625 0.55648125 0.2697921875 0.5240734375 0.2598953125 0.5055562499999999 0.2765625 0.49351874999999995 0.2958328125 0.48148125 0.30625 0.4398140625 0.3005203125 0.421296875 0.26875 0.39351875000000003 0.12239531249999999 0.7990734374999999
4 0.35 0.359259375 0.3588546875 0.3620375 0.3734375 0.3851859375 0.3895828125 0.3981484375 0.3541671875 0.4101859375 0.3614578125 0.43148125000000004 0.40052031250000003 0.42592656250000005 0.40416718749999997 0.38148125 0.4015625 0.32592656249999996 0.3947921875 0.32592656249999996 0.3692703125 0.309259375 0.3140625 0.31388906250000004 0.2989578125 0.321296875 0.2911453125 0.3379625 0.2958328125 0.37129687499999997 0.3072921875 0.3879625 0.3260421875 0.403703125 0.3510421875 0.3851859375
4 0.3239578125 0.6435187499999999 0.3213546875 0.6768515625 0.3395828125 0.727778125 0.3598953125 0.7370375 0.3838546875 0.7379625 0.3927078125 0.6953703124999999 0.396875 0.615740625 0.3833328125 0.5990734375 0.3484375 0.5851859375 0.3328125 0.615740625
4 0.2744796875 0.7833328125000001 0.2484375 0.8092593750000001 0.2234375 0.8657406249999999 0.2255203125 0.9138890625 0.2458328125 0.9398140625 0.2776046875 0.9296296875 0.3015625 0.8935187499999999 0.3260421875 0.8657406249999999 0.3354171875 0.8777781250000001 0.365625 0.9074078125 0.3703125 0.903703125 0.3833328125 0.8759265624999999 0.3869796875 0.7796296875000001 0.3692703125 0.753703125 0.3489578125 0.753703125
4 0.4640625 0.646296875 0.45625 0.6583328125000001 0.47083281250000003 0.696296875 0.49166718749999994 0.6824078124999999 0.49375 0.6425921875 0.47760468749999996 0.6370375
4 0.4265625 0.34351875 0.41979218749999997 0.3601859375 0.425 0.4 0.4546875 0.4 0.4635421875 0.3759265625 0.45208281250000004 0.3333328125
4 0.3114578125 0.0666671875 0.3177078125 0.0759265625 0.3265625 0.09351875 0.3317703125 0.1074078125 0.3338546875 0.12685156250000001 0.3328125 0.153703125 0.3286453125 0.19351875000000002 0.3229171875 0.2203703125 0.3036453125 0.2861109375 0.2979171875 0.3083328125 0.346875 0.303703125 0.3666671875 0.296296875 0.3994796875 0.297221875 0.3958328125 0.2138890625 0.3848953125 0.147221875 0.371875 0.1111109375 0.3515625 0.08148125 0.315625 0.055556249999999995 0.28125 0.0370375 0.2760421875 0.0416671875 0.2869796875 0.05 0.3005203125 0.059259375
4 0.5119796875 0.8583328124999999 0.4765625 0.8509265625 0.4583328125 0.825 0.43854218749999996 0.8157406249999999 0.4244796875 0.853703125 0.4203125 0.825 0.4234375 0.7870375000000001 0.45416718749999996 0.7740734375 0.4661453125 0.7453703125 0.4479171875 0.725 0.41770781250000005 0.73055625 0.415625 0.7101859375 0.40625 0.7203703124999999 0.4010421875 0.9879625000000001 0.41510468749999996 0.9861109375 0.47083281250000003 0.959259375 0.49010468749999997 0.9129625000000001 0.5234375 0.8851859375
4 0.5411453125000001 0.797221875 0.5411453125000001 0.7666671875 0.5151046874999999 0.75648125 0.4984375 0.7759265625 0.48541718749999996 0.7888890625 0.49635468749999995 0.8203703125 0.5213546874999999 0.8018515624999999 0.5348953125 0.821296875 0.5442703125 0.8305562500000001
4 0.48802031250000005 0.7046296875 0.4973953125 0.727778125 0.5151046874999999 0.727778125 0.521875 0.7129624999999999 0.5078125 0.6898140625
4 0.5463546874999999 0.696296875 0.5401046875 0.6388890625 0.5260421875 0.65555625 0.5286453125 0.6916671875 0.5416671875 0.6981484375
4 0.5072921874999999 0.5648140625 0.50625 0.5898140625 0.5182296875 0.6046296875 0.5380203125 0.6046296875 0.5125 0.465740625 0.5015625 0.5027781250000001 0.50625 0.51944375 0.5114578125 0.55555625
4 0.4171875 0.6481484375 0.428125 0.6370375 0.43854218749999996 0.634259375 0.4640625 0.6324078125 0.47760468749999996 0.6268515625 0.46458281250000005 0.6092593749999999 0.4505203125 0.6074078125 0.44895781250000005 0.5888890625000001 0.45260468749999994 0.5870375 0.453125 0.5703703124999999 0.4625 0.5490734374999999 0.45520781250000003 0.528703125 0.44375 0.525 0.4359375 0.540740625 0.42916718749999994 0.55 0.4244796875 0.552778125 0.41354218749999994 0.5518515625 0.4125 0.6333328125000001
4 0.4348953125 0.2351859375 0.4296875 0.228703125 0.42135468749999994 0.25 0.428125 0.2666671875 0.4375 0.2583328125 0.4401046875 0.2416671875
4 0.3307296875 0.0583328125 0.3369796875 0.0648140625 0.3526046875 0.0759265625 0.3734375 0.10555624999999999 0.3864578125 0.1388890625 0.3953125 0.1768515625 0.40052031250000003 0.21203750000000002 0.40208281250000005 0.222221875 0.4203125 0.2138890625 0.4484375 0.190740625 0.4109375 0.1083328125 0.3734375 0.06944375 0.3276046875 0.0425921875 0.2817703125 0.027778124999999997 0.2791671875 0.028703125000000003 0.278125 0.033332812499999996 0.2890625 0.037962499999999996 0.3072921875 0.046296875
4 0.4713546875 0.5398140625 0.471875 0.5629625 0.471875 0.5740734375 0.46875 0.5925921875 0.475 0.6129625 0.490625 0.625 0.4984375 0.6129625 0.4947921875 0.5796296875 0.49322968749999996 0.5648140625 0.49427031250000003 0.5416671875 0.4828125 0.525