4 0.3645828125 0.5629625 0.346875 0.5601859375 0.3328125 0.5481484375 0.3223953125 0.5416671875 0.3145828125 0.565740625 0.3083328125 0.5898140625 0.3010421875 0.5990734375 0.3078125 0.6398140625 0.3182296875 0.646296875 0.3322921875 0.628703125 0.3364578125 0.61851875 0.359375 0.603703125 0.365625 0.5851859375
4 0.3442703125 0.75 0.3401046875 0.73055625 0.3244796875 0.702778125 0.309375 0.69351875 0.2927078125 0.69351875 0.2791671875 0.7064812500000001 0.2791671875 0.7398140625 0.284375 0.7638890625 0.275 0.7916671875 0.2578125 0.8083328125 0.2510421875 0.8388890625000001 0.2708328125 0.8574078125 0.2807296875 0.85555625 0.2947921875 0.84351875 0.3411453125 0.8148140625 0.3442703125 0.7851859375
4 0.215625 0.5898140625 0.2 0.5953703124999999 0.1848953125 0.6120375 0.178125 0.6370375 0.1708328125 0.665740625 0.1734375 0.6898140625 0.1890625 0.6870375 0.1973953125 0.6601859375 0.2114578125 0.6490734375 0.225 0.621296875 0.225 0.6120375
4 0.5109375 0.44444375 0.496875 0.46018593750000003 0.503125 0.484259375 0.5125 0.5018515625 0.5223953125 0.47222187499999996 0.5213546874999999 0.46018593750000003
4 0.4505203125 0.3648140625 0.43072968749999996 0.37870312500000003 0.42291718749999996 0.396296875 0.43697968749999994 0.40833281250000003 0.44895781250000005 0.40555624999999995 0.4609375 0.39444375 0.46041718749999994 0.3824078125
4 0.43645781250000004 0.28055625 0.421875 0.28148125 0.4125 0.2953703125 0.4192703125 0.3240734375 0.43020781250000006 0.322221875 0.44635468749999996 0.322221875 0.4453125 0.297221875
4 0.43020781250000006 0.2351859375 0.42239531250000006 0.24259218749999997 0.421875 0.26203750000000003 0.4296875 0.272221875 0.4390625 0.2611109375 0.4390625 0.2518515625
4 0.43645781250000004 0.11296250000000001 0.3885421875 0.06944375 0.3380203125 0.039814062500000004 0.3333328125 0.0425921875 0.3302078125 0.047221875 0.3317703125 0.0611109375 0.325 0.0675921875 0.33125 0.077778125 0.3380203125 0.077778125 0.3453125 0.06944375 0.35 0.0703703125 0.346875 0.08055625 0.3515625 0.0898140625 0.3598953125 0.0870375 0.3635421875 0.0879625 0.3697921875 0.0851859375 0.3755203125 0.0888890625 0.3744796875 0.09814843749999999 0.375 0.1074078125 0.378125 0.1175921875 0.3875 0.1324078125 0.3942703125 0.1398140625 0.4010421875 0.1416671875 0.4015625 0.15648125 0.40729218749999996 0.16944375 0.41197968749999997 0.1759265625 0.4078125 0.19351875000000002 0.41354218749999994 0.21111093749999998 0.421875 0.20925937499999997 0.43958281250000003 0.20925937499999997 0.45 0.225 0.45260468749999994 0.240740625 0.45989531250000004 0.24814843749999999 0.45989531250000004 0.2629625 0.46041718749999994 0.28148125 0.4671875 0.29444375 0.49427031250000003 0.2648140625 0.4817703125 0.21574062500000002
4 0.3989578125 0.45555625 0.4 0.4351859375 0.3953125 0.4240734375 0.3822921875 0.41944375 0.371875 0.41481406249999997 0.3625 0.4120375 0.3520828125 0.41944375 0.3427078125 0.4370375 0.3427078125 0.4518515625 0.3520828125 0.46851875 0.3588546875 0.48055624999999996 0.3677078125 0.4796296875 0.3822921875 0.478703125 0.3942703125 0.46851875
4 0.3984375 0.2638890625 0.3953125 0.25 0.3984375 0.2351859375 0.3963546875 0.21481406249999999 0.3932296875 0.2046296875 0.3921875 0.1916671875 0.3875 0.1796296875 0.3807296875 0.17407343749999998 0.3697921875 0.177778125 0.3645828125 0.18055625 0.359375 0.19351875000000002 0.3505203125 0.197221875 0.3432296875 0.2046296875 0.346875 0.21851875 0.3552078125 0.21574062500000002 0.3614578125 0.20925937499999997 0.3697921875 0.20925937499999997 0.3744796875 0.2203703125 0.3765625 0.234259375 0.3802078125 0.24814843749999999 0.3822921875 0.2629625 0.3838546875 0.28055625 0.3848953125 0.2916671875 0.3911453125 0.29907343750000004 0.3979171875 0.29074062500000003 0.4 0.2796296875
4 0.1552078125 0.59444375 0.1432296875 0.59444375 0.1307296875 0.5990734375 0.1109375 0.6129625 0.1046875 0.6203703125 0.1005203125 0.6305562499999999 0.1010421875 0.6611109374999999 0.1046875 0.6759265625 0.1109375 0.6861109375 0.1109375 0.7148140625 0.1171875 0.7259265625 0.1328125 0.7148140625 0.140625 0.709259375 0.1479171875 0.690740625 0.1494796875 0.672221875 0.175 0.6120375 0.1677078125 0.596296875
4 0.2010421875 0.4648140625 0.1864578125 0.45462968750000005 0.1760421875 0.4611109375 0.1640625 0.46944375000000005 0.1572921875 0.4768515625 0.153125 0.497221875 0.159375 0.5120375 0.1729171875 0.5120375 0.1807296875 0.5009265625 0.2020828125 0.49537031249999997 0.2041671875 0.49074062500000004
4 0.3588546875 0.0925921875 0.3526046875 0.0898140625 0.3458328125 0.09351875 0.3458328125 0.10462968749999998 0.3494796875 0.11203749999999998 0.3552078125 0.1111109375 0.3651046875 0.1018515625 0.3645828125 0.09814843749999999
4 0.2692703125 0.2833328125 0.2828125 0.275 0.2973953125 0.26851875000000003 0.3052078125 0.25648125 0.3104171875 0.23055625000000002 0.3041671875 0.21111093749999998 0.2979171875 0.190740625 0.3072921875 0.1768515625 0.31875 0.1675921875 0.3229171875 0.146296875 0.3104171875 0.13055624999999998 0.2973953125 0.10648125 0.3046875 0.10648125 0.3125 0.10462968749999998 0.3088546875 0.09444375 0.3036453125 0.09074062499999999 0.2921875 0.0796296875 0.296875 0.072221875 0.296875 0.0629625 0.2911453125 0.0546296875 0.2833328125 0.051851562500000004 0.2765625 0.045370312499999996 0.2708328125 0.045370312499999996 0.2651046875 0.0425921875 0.2583328125 0.034259374999999995 0.2536453125 0.051851562500000004 0.265625 0.08148125 0.2697921875 0.12777812500000002 0.2494796875 0.20925937499999997 0.2151046875 0.3 0.215625 0.3018515625 0.2255203125 0.3018515625 0.2421875 0.3018515625 0.25625 0.2981484375
4 0.1885421875 0.771296875 0.2015625 0.7555562499999999 0.2088546875 0.740740625 0.2052078125 0.71944375 0.1947921875 0.7240734375 0.1802078125 0.7388890625 0.1671875 0.7425921875 0.1536453125 0.740740625 0.1473953125 0.7611109375 0.1421875 0.7879625 0.15 0.8009265624999999 0.1583328125 0.8166671875 0.1838546875 0.8111109375 0.1854171875 0.790740625
4 0.375 0.9984375 0.3776046875 0.977778125 0.3828125 0.9555562500000001 0.3859375 0.927778125 0.3880203125 0.89444375 0.3859375 0.86851875 0.3791671875 0.8416671875 0.3677078125 0.8490734375000001 0.3703125 0.8768515625 0.3703125 0.9018515624999999 0.3598953125 0.9083328125 0.34375 0.8879625000000001 0.3260421875 0.88055625 0.3166671875 0.896296875 0.3125 0.9203703125 0.3125 0.9444437499999999 0.3083328125 0.9629625 0.29375 0.947221875 0.2864578125 0.915740625 0.2807296875 0.896296875 0.2625 0.8925921875 0.25 0.9055562500000001 0.2432296875 0.9305562500000001 0.2442703125 0.9546296875 0.2447921875 0.9796296874999999 0.2463546875 0.9984375