4 0.11458281249999999 0.803703125 0.1088546875 0.81851875 0.1078125 0.8379625 0.10677031249999999 0.85 0.1140625 0.875 0.1348953125 0.8851859375 0.140625 0.890740625 0.1453125 0.86944375 0.159375 0.8675921875 0.1979171875 0.86851875 0.2208328125 0.8703703125000001 0.2447921875 0.8768515625 0.2677078125 0.8833328125 0.2880203125 0.8870374999999999 0.3390625 0.8861109375 0.353125 0.86944375 0.3588546875 0.8305562500000001 0.3677078125 0.827778125 0.3760421875 0.8083328125 0.3838546875 0.8 0.3921875 0.7444437500000001 0.3921875 0.69351875 0.3921875 0.6490734375 0.3895828125 0.6138890625 0.3828125 0.5916671874999999 0.3458328125 0.5898140625 0.2973953125 0.597221875 0.271875 0.6074078125 0.259375 0.6231484375 0.2546875 0.6324078125 0.2479171875 0.652778125 0.2447921875 0.68055625 0.2447921875 0.6925921875000001 0.2427078125 0.70555625 0.2380203125 0.7175921875 0.2364578125 0.721296875 0.1473953125 0.7638890625 0.1447921875 0.7685187499999999 0.1364578125 0.7870375000000001 0.1244796875 0.796296875
4 0.3677078125 0.5898140625 0.375 0.5703703124999999 0.375 0.5481484375 0.375 0.527778125 0.3640625 0.5111109375 0.3552078125 0.5101859375 0.3515625 0.5009265625 0.353125 0.4888890625 0.3671875 0.4888890625 0.3802078125 0.48796249999999997 0.3838546875 0.48333281250000004 0.3953125 0.475 0.3958328125 0.42037031249999995 0.3901046875 0.42037031249999995 0.3817703125 0.42037031249999995 0.3625 0.40555624999999995 0.3317703125 0.403703125 0.3067703125 0.425 0.3109375 0.447221875 0.325 0.447221875 0.328125 0.45 0.3234375 0.45555625 0.2838546875 0.4629625 0.2697921875 0.46851875 0.2494796875 0.4740734375 0.2395828125 0.4888890625 0.2364578125 0.5 0.2317703125 0.50648125 0.2265625 0.5166671875 0.2291671875 0.5333328125000001 0.2333328125 0.5425921875 0.2380203125 0.553703125 0.2567703125 0.55648125 0.2755203125 0.55 0.2994796875 0.54444375 0.3088546875 0.54444375 0.3213546875 0.547221875 0.3234375 0.547221875 0.3260421875 0.547221875 0.3322921875 0.5518515625 0.3322921875 0.5648140625 0.3375 0.5768515625 0.3432296875 0.5824078125
4 0.3552078125 0.35648124999999997 0.3598953125 0.36851875 0.3635421875 0.38148125 0.3645828125 0.390740625 0.3713546875 0.3981484375 0.3869796875 0.403703125 0.3916671875 0.38055625000000004 0.3916671875 0.3666671875 0.3875 0.36296249999999997 0.3958328125 0.35740781250000003 0.3984375 0.35555625 0.40052031250000003 0.34351875 0.40052031250000003 0.33518593750000003 0.3984375 0.327778125 0.390625 0.3231484375 0.3848953125 0.321296875 0.371875 0.321296875 0.3692703125 0.321296875 0.3635421875 0.321296875 0.3604171875 0.321296875 0.3552078125 0.30555625000000003 0.3442703125 0.3268515625 0.3463546875 0.3379625 0.3479171875 0.34351875
4 0.3338546875 0.2796296875 0.3307296875 0.2925921875 0.3302078125 0.302778125 0.3354171875 0.309259375 0.3411453125 0.309259375 0.3458328125 0.30555625000000003 0.3453125 0.2953703125 0.3453125 0.2851859375 0.3510421875 0.2833328125 0.3572921875 0.2851859375 0.3640625 0.2851859375 0.3723953125 0.2833328125 0.3791671875 0.2833328125 0.3859375 0.2796296875 0.3890625 0.272221875 0.3901046875 0.26203750000000003 0.3859375 0.2546296875 0.3817703125 0.240740625 0.3791671875 0.23888906250000003 0.3734375 0.240740625 0.36875 0.24537031250000002 0.3640625 0.25 0.3447921875 0.2768515625 0.3390625 0.275
4 0.2838546875 0.3546296875 0.2791671875 0.3666671875 0.2770828125 0.3740734375 0.2729171875 0.38148125 0.2645828125 0.39444375 0.2640625 0.397221875 0.2640625 0.4129625 0.2671875 0.421296875 0.2729171875 0.42592656250000005 0.2786453125 0.42592656250000005 0.2838546875 0.40833281250000003 0.2890625 0.3916671875 0.29375 0.3898140625 0.2973953125 0.3981484375 0.2932296875 0.41481406249999997 0.290625 0.4231484375 0.2942703125 0.434259375 0.2994796875 0.4379625 0.3046875 0.4324078125 0.3078125 0.41944375 0.3130203125 0.4138890625 0.3197921875 0.4101859375 0.3244796875 0.40555624999999995 0.3307296875 0.40555624999999995 0.3369796875 0.4018515625 0.3401046875 0.396296875 0.3369796875 0.3879625 0.3302078125 0.38425937499999996 0.3265625 0.3833328125 0.3338546875 0.37222187500000004 0.3317703125 0.3638890625 0.3270828125 0.353703125 0.3213546875 0.3481484375 0.3151046875 0.352778125 0.3104171875 0.353703125 0.2942703125 0.35 0.2880203125 0.35
4 0.44166718749999995 0.49629687499999997 0.43177031250000003 0.49444375 0.42083281250000004 0.5009265625 0.41875 0.5027781250000001 0.415625 0.5120375 0.415625 0.5185187499999999 0.4171875 0.534259375 0.4192703125 0.5351859375 0.42395781250000003 0.5370375000000001 0.4328125 0.5361109374999999 0.4348953125 0.5351859375 0.43802031250000006 0.521296875 0.43802031250000006 0.5148140625 0.4390625 0.5129625 0.44322968749999997 0.5018515625
4 0.46822968749999994 0.9490734375000001 0.4791671875 0.9583328124999999 0.4895828125 0.9546296875 0.5005203125000001 0.9481484375000001 0.5109375 0.9407406249999999 0.5130203125 0.9185187499999999 0.5098953125000001 0.8898140625 0.5046875 0.8731484375 0.4947921875 0.8648140625 0.484375 0.878703125 0.4734375 0.890740625 0.465625 0.8925921875 0.46458281250000005 0.9092593750000001 0.46458281250000005 0.9305562500000001
4 0.3041671875 0.10277812500000001 0.3078125 0.10092656250000001 0.3109375 0.10092656250000001 0.3161453125 0.10462968749999998 0.3203125 0.10648125 0.3244796875 0.10648125 0.3255203125 0.10648125 0.3317703125 0.10462968749999998 0.334375 0.10370312500000001 0.3390625 0.1018515625 0.3385421875 0.10648125 0.3375 0.1138890625 0.3395828125 0.115740625 0.3463546875 0.1166671875 0.3473953125 0.1166671875 0.353125 0.11851875 0.3567703125 0.11851875 0.3604171875 0.1175921875 0.365625 0.1138890625 0.3682296875 0.1083328125 0.3682296875 0.10277812500000001 0.365625 0.1 0.3614578125 0.097221875 0.359375 0.09351875 0.359375 0.0879625 0.3578125 0.084259375 0.3557296875 0.08148125 0.3510421875 0.0768515625 0.346875 0.0759265625 0.3442703125 0.07129687500000001 0.3453125 0.0648140625 0.3125 0.0388890625 0.2796875 0.0388890625 0.2864578125 0.053703125 0.3020828125 0.0898140625 0.303125 0.1074078125
4 0.3880203125 0.1870375 0.3869796875 0.17870312500000002 0.3875 0.1731484375 0.3875 0.165740625 0.3864578125 0.1583328125 0.3859375 0.153703125 0.384375 0.1490734375 0.3822921875 0.140740625 0.38125 0.13703749999999998 0.38125 0.12777812500000002 0.38125 0.122221875 0.3776046875 0.11851875 0.3739578125 0.11944375 0.3697921875 0.1203703125 0.3661453125 0.122221875 0.3630203125 0.1259265625 0.3614578125 0.13148125 0.3588546875 0.1361109375 0.35625 0.1416671875 0.3520828125 0.14444375 0.3484375 0.146296875 0.3458328125 0.15555625 0.3479171875 0.15648125 0.35 0.1620375 0.3489578125 0.172221875 0.3473953125 0.1731484375 0.3442703125 0.1768515625 0.3395828125 0.17870312500000002 0.3369796875 0.17870312500000002 0.33125 0.18055625 0.3302078125 0.184259375 0.3296875 0.1898140625 0.3338546875 0.19444375 0.3375 0.1953703125 0.3416671875 0.1953703125 0.3447921875 0.1953703125 0.3489578125 0.1953703125 0.3520828125 0.1953703125 0.3869796875 0.197221875 0.3885421875 0.190740625
4 0.3598953125 0.0759265625 0.3588546875 0.0768515625 0.3583328125 0.078703125 0.3583328125 0.0796296875 0.3588546875 0.0824078125 0.359375 0.084259375 0.3604171875 0.0861109375 0.3604171875 0.0870375 0.3604171875 0.0898140625 0.3635421875 0.09351875 0.3635421875 0.0953703125 0.365625 0.0990734375 0.3671875 0.1 0.3697921875 0.1018515625 0.3703125 0.10462968749999998 0.371875 0.11018593750000001 0.3734375 0.11296250000000001 0.375 0.1138890625 0.3786453125 0.11944375 0.38125 0.121296875 0.3828125 0.122221875 0.3838546875 0.125 0.3838546875 0.12777812500000002 0.384375 0.13148125 0.3848953125 0.1333328125 0.3854171875 0.13703749999999998 0.3869796875 0.1416671875 0.3875 0.1425921875 0.3895828125 0.146296875 0.390625 0.146296875 0.39375 0.146296875 0.3953125 0.14537031250000002 0.396875 0.14444375 0.3989578125 0.14444375 0.40208281250000005 0.14444375 0.40260468749999995 0.146296875 0.403125 0.15277812500000001 0.40260468749999995 0.1583328125 0.4015625 0.1620375 0.4010421875 0.16851875 0.4010421875 0.1731484375 0.3979171875 0.1759265625 0.396875 0.1796296875 0.3958328125 0.1851859375 0.3958328125 0.18888906249999998 0.3984375 0.197221875 0.4015625 0.2009265625 0.40520781250000004 0.2018515625 0.4078125 0.20555625000000002 0.4088546875 0.2074078125 0.41510468749999996 0.2138890625 0.41770781250000005 0.21481406249999999 0.42083281250000004 0.21574062500000002 0.42291718749999996 0.21574062500000002 0.42760468749999997 0.21111093749999998 0.43125 0.22407343750000003 0.43125 0.228703125 0.43125 0.23888906250000003 0.4296875 0.247221875 0.4296875 0.25648125 0.4328125 0.25925937499999996 0.4421875 0.2601859375 0.44635468749999996 0.2601859375 0.45104218749999997 0.25925937499999996 0.43125 0.17870312500000002 0.38125 0.0916671875 0.3604171875 0.0759265625
4 0.415625 0.25648125 0.4171875 0.24907343750000002 0.4203125 0.24259218749999997 0.41822968749999995 0.2333328125 0.4109375 0.2333328125 0.40989531250000005 0.2333328125 0.40625 0.23888906250000003 0.4046875 0.24907343750000002 0.40260468749999995 0.25925937499999996 0.40260468749999995 0.2648140625 0.4046875 0.2740734375 0.40572968749999994 0.284259375 0.409375 0.2888890625 0.4166671875 0.2925921875 0.415625 0.26203750000000003
4 0.3276046875 0.16018593750000001 0.3223953125 0.16018593750000001 0.3197921875 0.1611109375 0.3197921875 0.1675921875 0.3203125 0.17407343749999998 0.3229171875 0.1768515625 0.328125 0.16851875 0.328125 0.165740625
4 0.029167187500000004 0.9984375 0.054167187500000005 0.9796296874999999 0.0760421875 0.8935187499999999 0.0854171875 0.8759265624999999 0.08854218750000001 0.8518515624999999 0.0958328125 0.827778125 0.0994796875 0.8046296875 0.10677031249999999 0.7824078125 0.1078125 0.7601859375 0.121875 0.71944375 0.1307296875 0.7120375 0.1380203125 0.7 0.140625 0.68148125 0.1442703125 0.665740625 0.1515625 0.6509265625 0.1635421875 0.6361109375 0.1692703125 0.6203703125 0.1713546875 0.60555625 0.1833328125 0.590740625 0.190625 0.5851859375 0.1932296875 0.5666671875 0.2052078125 0.55648125 0.209375 0.5509265625 0.2177078125 0.528703125 0.2223953125 0.5111109375 0.2260421875 0.49629687499999997 0.2302078125 0.47592656250000004 0.2302078125 0.45 0.2333328125 0.4351859375 0.2411453125 0.4166671875 0.2505203125 0.3990734375 0.2515625 0.3768515625 0.2541671875 0.3546296875 0.2666671875 0.346296875 0.2776046875 0.346296875 0.2802078125 0.3398140625 0.2822921875 0.3240734375 0.2828125 0.30740781250000004 0.275 0.3009265625 0.2807296875 0.26203750000000003 0.2838546875 0.2583328125 0.2973953125 0.22592656249999998 0.3010421875 0.21111093749999998 0.3098953125 0.1916671875 0.3114578125 0.175 0.30625 0.165740625 0.3026046875 0.15277812500000001 0.1984375 0.4009265625 0 0.853703125 0 0.9984375
4 0.240625 0.9984375 0.2421875 0.9907406249999999 0.2395828125 0.9731484375000001 0.2364578125 0.9583328124999999 0.2359375 0.946296875 0.2286453125 0.94351875 0.2192703125 0.9407406249999999 0.2109375 0.9361109375 0.2041671875 0.9240734375 0.1963546875 0.915740625 0.1880203125 0.9240734375 0.1807296875 0.9342593750000001 0.1786453125 0.9416671875 0.1744796875 0.9574078125 0.1739578125 0.9731484375000001 0.1755203125 0.9879625000000001 0.1755203125 0.9984375 0.2385421875 0.9984375 0.2395828125 0.9984375
4 0.44895781250000005 0.3518515625 0.44739531250000003 0.352778125 0.44166718749999995 0.35648124999999997 0.440625 0.35740781250000003 0.4348953125 0.3648140625 0.4322921875 0.36944374999999996 0.4296875 0.3740734375 0.42760468749999997 0.3796296875 0.4265625 0.3833328125 0.4234375 0.40277812500000004 0.42760468749999997 0.40833281250000003 0.43177031250000003 0.4101859375 0.43333281250000005 0.4111109375 0.4390625 0.41481406249999997 0.440625 0.41481406249999997 0.44479218749999994 0.41759218750000004 0.44947968749999995 0.41944375 0.4578125 0.421296875 0.4609375 0.421296875 0.4671875 0.421296875 0.471875 0.4268515625 0.46875 0.4296296875 0.46666718749999997 0.4370375 0.45989531250000004 0.4481484375 0.4578125 0.4509265625 0.4557296875 0.4518515625 0.44947968749999995 0.45555625 0.4479171875 0.45740781249999996 0.44427031250000004 0.46666718749999997 0.44375 0.47777812500000005 0.44479218749999994 0.484259375 0.44635468749999996 0.4898140625 0.45 0.49629687499999997 0.45260468749999994 0.5009265625 0.4557296875 0.5055562499999999 0.465625 0.5120375 0.46979218749999996 0.5129625 0.4739578125 0.5129625 0.48072968749999995 0.5138890625 0.48229218749999997 0.5129625 0.4875 0.5120375 0.4890625 0.49351874999999995 0.46666718749999997 0.3416671875 0.4661453125 0.340740625 0.46458281250000005 0.340740625 0.45989531250000004 0.34444375 0.45520781250000003 0.34907343750000003
4 0.4765625 0.6638890625 0.46145781250000006 0.70555625 0.4609375 0.722221875 0.4671875 0.7361109375 0.4625 0.7490734375 0.4390625 0.740740625 0.42083281250000004 0.7444437500000001 0.41614531250000003 0.7527781250000001 0.4140625 0.7740734375 0.41770781250000005 0.797221875 0.415625 0.8296296875 0.4171875 0.86851875 0.4348953125 0.8759265624999999 0.4661453125 0.86944375 0.47239531250000005 0.802778125 0.48333281250000004 0.802778125 0.503125 0.80648125 0.5140625 0.81851875 0.5057296874999999 0.6666671875 0.4890625 0.647221875