4 0.35625 0.9509265625 0.3411453125 0.9231484375000001 0.3453125 0.8990734375 0.3578125 0.8870374999999999 0.3677078125 0.8657406249999999 0.3708328125 0.8398140625 0.35625 0.8194437499999999 0.3390625 0.81851875 0.3239578125 0.827778125 0.315625 0.8518515624999999 0.3171875 0.8768515625 0.3177078125 0.9092593750000001 0.3208328125 0.9268515624999999 0.3036453125 0.9518515624999999 0.2942703125 0.9648140625 0.2921875 0.9898140625 0.3083328125 0.9925921875 0.3208328125 0.984259375 0.33125 0.9675921875 0.3609375 0.9907406249999999 0.3614578125 0.9796296874999999
4 0.1817703125 0.802778125 0.1817703125 0.7703703125 0.178125 0.7472218749999999 0.1609375 0.7444437500000001 0.15 0.7444437500000001 0.1354171875 0.7555562499999999 0.1276046875 0.78148125 0.1151046875 0.8009265624999999 0.1135421875 0.8305562500000001 0.1213546875 0.8518515624999999 0.1333328125 0.8518515624999999 0.1671875 0.8296296875 0.1786453125 0.8240734375000001
4 0.24375 0.8240734375000001 0.2421875 0.7953703125 0.228125 0.7898140625 0.2130203125 0.8009265624999999 0.1984375 0.8138890625 0.1890625 0.8324078125 0.1864578125 0.8583328124999999 0.2005203125 0.88055625 0.2109375 0.8740734375000001 0.2421875 0.85555625 0.2421875 0.8546296874999999
4 0.3973953125 0.64444375 0.3973953125 0.6166671874999999 0.3947921875 0.5851859375 0.3947921875 0.5611109375 0.3973953125 0.525 0.3973953125 0.5055562499999999 0.3989578125 0.4796296875 0.3994796875 0.44444375 0.3994796875 0.41944375 0.3958328125 0.3953703125 0.3828125 0.375 0.3671875 0.3759265625 0.3546875 0.38425937499999996 0.3401046875 0.39259218749999997 0.3265625 0.38425937499999996 0.3104171875 0.3731484375 0.296875 0.375 0.2833328125 0.3833328125 0.2708328125 0.397221875 0.2671875 0.42037031249999995 0.25625 0.44444375 0.2661453125 0.46759218750000003 0.2770828125 0.46944375000000005 0.2947921875 0.46759218750000003 0.303125 0.48055624999999996 0.3135421875 0.5046296875 0.3276046875 0.5046296875 0.3453125 0.5018515625 0.35625 0.497221875 0.3703125 0.5074078125 0.371875 0.5333328125000001 0.3666671875 0.5601859375 0.353125 0.56851875 0.3375 0.5740734375 0.3276046875 0.5888890625000001 0.340625 0.6083328125 0.3421875 0.6324078125 0.3359375 0.6490734375 0.3385421875 0.6870375 0.3510421875 0.7018515625 0.3588546875 0.7018515625 0.3911453125 0.696296875 0.3963546875 0.678703125
4 0.296875 0.6111109375 0.2875 0.6305562499999999 0.2916671875 0.6574078125 0.3041671875 0.6601859375 0.3197921875 0.6333328125000001 0.3125 0.6129625
4 0.1973953125 0.703703125 0.1890625 0.6888890625 0.1765625 0.6898140625 0.1666671875 0.7 0.1588546875 0.7166671874999999 0.1645828125 0.7314812500000001 0.1755203125 0.7398140625 0.1838546875 0.7472218749999999 0.1942703125 0.7342593749999999 0.1958328125 0.7259265625
4 0.23125 0.6425921875 0.2411453125 0.628703125 0.2510421875 0.6240734375 0.2552078125 0.6046296875 0.2552078125 0.5824078125 0.2536453125 0.5648140625 0.24375 0.5453703125 0.234375 0.5379625 0.2213546875 0.5416671875 0.2125 0.55648125 0.209375 0.577778125 0.2036453125 0.5953703124999999 0.196875 0.6101859375 0.1895828125 0.6277781250000001 0.184375 0.646296875 0.1932296875 0.6620375000000001 0.2010421875 0.671296875 0.2239578125 0.6620375000000001 0.2239578125 0.6611109374999999
4 0.3364578125 0.346296875 0.3328125 0.33055625 0.3265625 0.31944374999999997 0.3203125 0.32592656249999996 0.3104171875 0.33055625 0.3005203125 0.33055625 0.2901046875 0.3416671875 0.2895828125 0.3583328125 0.296875 0.3675921875 0.3036453125 0.3666671875 0.3270828125 0.36944374999999996 0.3354171875 0.36296249999999997
4 0.3942703125 0.2740734375 0.3869796875 0.2611109375 0.3901046875 0.24259218749999997 0.39375 0.23240781250000003 0.3947921875 0.21851875 0.3911453125 0.2046296875 0.3927078125 0.18611093750000002 0.3838546875 0.17407343749999998 0.3739578125 0.1731484375 0.3671875 0.1759265625 0.359375 0.1629625 0.3541671875 0.1574078125 0.3463546875 0.1629625 0.334375 0.18148124999999998 0.334375 0.1953703125 0.3411453125 0.2083328125 0.35 0.21851875 0.3588546875 0.2231484375 0.365625 0.227778125 0.3645828125 0.247221875 0.3604171875 0.2583328125 0.3567703125 0.26944375 0.3515625 0.28148125 0.3489578125 0.296296875 0.3557296875 0.302778125 0.3791671875 0.278703125 0.3901046875 0.284259375
4 0.45364531250000006 0.8990734375 0.44166718749999995 0.86944375 0.42239531250000006 0.8759265624999999 0.41770781250000005 0.9083328125 0.425 0.9407406249999999 0.4390625 0.9518515624999999 0.45364531250000006 0.9425921875000001 0.45364531250000006 0.922221875
4 0.4895828125 0.6324078125 0.484375 0.5953703124999999 0.47291718749999995 0.5953703124999999 0.45625 0.5981484375 0.44479218749999994 0.5768515625 0.4322921875 0.55 0.41822968749999995 0.559259375 0.41770781250000005 0.590740625 0.4140625 0.6231484375 0.4166671875 0.6546296875000001 0.43697968749999994 0.6611109374999999 0.44375 0.6546296875000001 0.48489531250000006 0.6666671875 0.4859375 0.6611109374999999
4 0.4625 0.5027781250000001 0.45625 0.48148125 0.446875 0.4648140625 0.43645781250000004 0.48148125 0.42760468749999997 0.49537031249999997 0.41510468749999996 0.5111109375 0.41458281250000006 0.5370375000000001 0.4244796875 0.54444375 0.4348953125 0.5361109374999999 0.45104218749999997 0.547221875 0.45729218749999995 0.5240734375
4 0.5057296874999999 0.4990734375 0.4953125 0.48148125 0.48645781250000003 0.4888890625 0.48645781250000003 0.5148140625 0.4953125 0.525 0.5114578125 0.525 0.5114578125 0.5203703125
4 0.44635468749999996 0.3648140625 0.44583281250000006 0.36296249999999997 0.43958281250000003 0.35555625 0.4359375 0.36944374999999996 0.42760468749999997 0.38425937499999996 0.4265625 0.3981484375 0.43072968749999996 0.4120375 0.43802031250000006 0.4101859375 0.4505203125 0.409259375 0.4484375 0.39351875000000003
4 0.44114531250000005 0.1925921875 0.42239531250000006 0.18888906249999998 0.4192703125 0.1916671875 0.41302031250000004 0.203703125 0.40833281250000003 0.21851875 0.40989531250000005 0.2351859375 0.415625 0.247221875 0.4244796875 0.24537031250000002 0.4322921875 0.247221875 0.4296875 0.265740625 0.4296875 0.278703125 0.43854218749999996 0.28981406249999997 0.44427031250000004 0.30462968749999997 0.45104218749999997 0.30462968749999997 0.4583328125 0.31851875 0.46041718749999994 0.33518593750000003 0.4640625 0.346296875 0.4661453125 0.36296249999999997 0.4713546875 0.3759265625 0.47447968749999997 0.390740625 0.48020781250000005 0.40555624999999995 0.4875 0.42037031249999995 0.49166718749999994 0.4324078125 0.49427031250000003 0.45740781249999996 0.5005203125000001 0.47037031249999994 0.5083328125000001 0.48148125 0.5161453125000001 0.49537031249999997 0.5234375 0.5018515625 0.5302078125 0.5018515625 0.525 0.4796296875 0.4890625 0.31759218749999996
4 0.1614578125 0.646296875 0.1604171875 0.6277781250000001 0.1557296875 0.6111109375 0.1541671875 0.5870375 0.1479171875 0.572221875 0.140625 0.5851859375 0.1411453125 0.6046296875 0.1369796875 0.6222218749999999 0.125 0.6277781250000001 0.1140625 0.6370375 0.10677031249999999 0.65648125 0.1078125 0.6768515625 0.11458281249999999 0.684259375 0.1239578125 0.6861109375 0.1453125 0.6675921875 0.1567703125 0.6740734374999999
4 0.175 0.5861109375 0.1828125 0.5898140625 0.190625 0.5824078125 0.1958328125 0.56851875 0.1984375 0.55555625 0.1963546875 0.5416671875 0.1963546875 0.5398140625 0.1869796875 0.5333328125000001 0.1822921875 0.547221875 0.178125 0.5638890625
4 0.0348953125 0.9185187499999999 0.0453125 0.9101859375 0.052604687500000004 0.890740625 0.060417187500000004 0.8796296874999999 0.0703125 0.8675921875 0.0796875 0.8453703125 0.0822921875 0.821296875 0.09114531249999999 0.8055562500000001 0.1 0.790740625 0.1015625 0.76944375 0.11197968750000001 0.75648125 0.1192703125 0.7453703125 0.1182296875 0.7268515625 0.1057296875 0.7166671874999999 0.0895828125 0.7074078125 0.08333281249999999 0.6870375 0.0880203125 0.6601859375 0.09114531249999999 0.6435187499999999 0.103125 0.6425921875 0.1114578125 0.6333328125000001 0.1171875 0.6231484375 0.1182296875 0.6083328125 0.1171875 0.590740625 0.1395828125 0.547221875 0.1463546875 0.534259375 0.1567703125 0.5166671875 0.1666671875 0.5129625 0.175 0.5018515625 0.1828125 0.5074078125 0.1953125 0.509259375 0.20625 0.5083328125000001 0.215625 0.4990734375 0.2223953125 0.47777812500000005 0.2291671875 0.465740625 0.24375 0.4268515625 0.2505203125 0.40648125 0.2572921875 0.39259218749999997 0.2640625 0.37129687499999997 0.2723953125 0.34444375 0.28125 0.32592656249999996 0.2869796875 0.309259375 0.2942703125 0.2861109375 0.3010421875 0.26944375 0.3083328125 0.2518515625 0.3067703125 0.23240781250000003 0.3109375 0.221296875 0.3067703125 0.2074078125 0.3046875 0.19444375 0.3015625 0.1796296875 0.2947921875 0.177778125 0.2864578125 0.175 0.2765625 0.18055625 0.2723953125 0.1796296875 0.2640625 0.1879625 0.2390625 0.26759218749999997 0.2010421875 0.3638890625 0.18125 0.41481406249999997 0.0010421875000000001 0.721296875 0 0.9861109375 0.0083328125 0.9833328124999999 0.015625 0.9824078125 0.021875 0.953703125 0.027082812499999998 0.9342593750000001