4 0.1791671875 0.7101859375 0.1677078125 0.7046296875 0.15625 0.71851875 0.1458328125 0.7351859375 0.1447921875 0.7620375 0.1510421875 0.7796296875000001 0.1619796875 0.7898140625 0.1833328125 0.7574078125 0.1833328125 0.7490734375
4 0.19375 0.9984375 0.1989578125 0.9888890625 0.2026046875 0.9648140625 0.2026046875 0.9398140625 0.1994796875 0.9120375 0.1859375 0.8916671875000001 0.1734375 0.8888890625 0.1635421875 0.8731484375 0.1526046875 0.8546296874999999 0.1369796875 0.846296875 0.1229171875 0.8490734375000001 0.11458281249999999 0.8638890625 0.0953125 0.8870374999999999 0.0875 0.9092593750000001 0.08072968750000001 0.9388890625 0.0859375 0.9611109375 0.0994796875 0.9638890625000001 0.11197968750000001 0.9620374999999999 0.12239531249999999 0.978703125 0.1192703125 0.9984375 0.1838546875 0.9984375
4 0.3651046875 0.9984375 0.3682296875 0.9953703125000001 0.3729171875 0.96851875 0.3786453125 0.946296875 0.3838546875 0.9240734375 0.3802078125 0.9018515624999999 0.3734375 0.8824078125 0.3807296875 0.8564812500000001 0.3838546875 0.8296296875 0.3828125 0.8120375 0.3760421875 0.790740625 0.3625 0.7490734375 0.3645828125 0.7240734375 0.3682296875 0.7 0.3651046875 0.65 0.3630203125 0.6453703125 0.35 0.64444375 0.3291671875 0.6620375000000001 0.3161453125 0.6685187499999999 0.3005203125 0.6731484375 0.2885421875 0.6824078124999999 0.2734375 0.697221875 0.26875 0.71851875 0.26875 0.7453703125 0.271875 0.7666671875 0.2770828125 0.790740625 0.26875 0.8083328125 0.265625 0.8361109375 0.271875 0.859259375 0.26875 0.8842593750000001 0.25625 0.9101859375 0.2578125 0.9296296875 0.2635421875 0.9546296875 0.2609375 0.9824078125 0.2692703125 0.9984375 0.3635421875 0.9984375
4 0.2796875 0.6425921875 0.2677078125 0.6379625 0.2614578125 0.653703125 0.2630203125 0.6648140625 0.2671875 0.678703125 0.2833328125 0.6740734374999999 0.2854171875 0.6574078125
4 0.2989578125 0.5675921875000001 0.3020828125 0.552778125 0.3010421875 0.53148125 0.2927078125 0.5240734375 0.2828125 0.5324078125 0.2744796875 0.5361109374999999 0.2640625 0.5240734375 0.25 0.5296296875000001 0.2453125 0.55 0.2453125 0.565740625 0.2494796875 0.5833328125 0.2609375 0.5888890625000001 0.2697921875 0.5990734375 0.2739578125 0.6120375 0.28125 0.6231484375 0.2942703125 0.603703125 0.2942703125 0.590740625
4 0.3854171875 0.634259375 0.3927078125 0.6277781250000001 0.3984375 0.6 0.3984375 0.5851859375 0.3979171875 0.565740625 0.3953125 0.547221875 0.3890625 0.5333328125000001 0.378125 0.5361109374999999 0.36875 0.540740625 0.3552078125 0.5509265625 0.3515625 0.5611109375 0.340625 0.572221875 0.3291671875 0.575 0.31875 0.5851859375 0.315625 0.6018515625 0.3208328125 0.6194437500000001 0.328125 0.6305562499999999 0.3630203125 0.628703125 0.3744796875 0.634259375
4 0.3536453125 0.53055625 0.3541671875 0.503703125 0.3463546875 0.49629687499999997 0.3380203125 0.48333281250000004 0.3348953125 0.4620375 0.3291671875 0.4509265625 0.3203125 0.4398140625 0.3036453125 0.4481484375 0.2979171875 0.46018593750000003 0.2953125 0.475 0.2921875 0.4925921875 0.2901046875 0.5120375 0.3 0.5203703125 0.3104171875 0.5240734375 0.3166671875 0.5518515625 0.3192703125 0.5611109375 0.3369796875 0.552778125 0.3463546875 0.547221875
4 0.40208281250000005 0.3953703125 0.3994796875 0.3740734375 0.3963546875 0.3666671875 0.3895828125 0.3481484375 0.3770828125 0.34351875 0.3671875 0.3546296875 0.3625 0.3740734375 0.3645828125 0.3981484375 0.3671875 0.41759218750000004 0.36875 0.4324078125 0.3942703125 0.4268515625 0.3989578125 0.41759218750000004
4 0.3958328125 0.26759218749999997 0.3989578125 0.24444375 0.4 0.221296875 0.3984375 0.2101859375 0.3942703125 0.197221875 0.3864578125 0.184259375 0.3739578125 0.1870375 0.3692703125 0.1990734375 0.36875 0.2203703125 0.3697921875 0.240740625 0.3729171875 0.2583328125 0.375 0.2731484375 0.3807296875 0.2870375 0.3802078125 0.309259375 0.3911453125 0.31851875 0.3947921875 0.3166671875 0.3989578125 0.2925921875 0.3979171875 0.2879625
4 0.3369796875 0.3379625 0.3411453125 0.3240734375 0.3447921875 0.30648125 0.3302078125 0.2925921875 0.3229171875 0.2953703125 0.315625 0.30740781250000004 0.3140625 0.33148125 0.3140625 0.3509265625 0.3192703125 0.36851875 0.3213546875 0.3833328125 0.3276046875 0.39444375 0.3369796875 0.3740734375 0.3390625 0.3601859375
4 0.43385468749999995 0.5416671875 0.42604218749999995 0.5351859375 0.41510468749999996 0.5453703125 0.41354218749999994 0.5620375 0.42239531250000006 0.5759265625000001 0.42604218749999995 0.5824078125 0.43385468749999995 0.571296875 0.43385468749999995 0.5574078124999999
4 0.5140625 0.6601859375 0.5020828125000001 0.68055625 0.4984375 0.7064812500000001 0.5020828125000001 0.73055625 0.5083328125000001 0.75 0.5010421875 0.7675921875 0.49270781250000006 0.7851859375 0.49010468749999997 0.80648125 0.484375 0.8296296875 0.475 0.8509265625 0.4703125 0.86851875 0.47239531250000005 0.903703125 0.4791671875 0.921296875 0.4973953125 0.9351859375 0.5088546875 0.9444437499999999 0.5192703125 0.9564812500000001 0.5390625 0.9657406249999999 0.5494796875 0.9703703125 0.5614578125 0.9703703125 0.58125 0.9601859375 0.5953125 0.953703125 0.6114578125000001 0.9268515624999999 0.5625 0.675 0.5604171874999999 0.6703703125 0.5520828125 0.6703703125 0.5380203125 0.6666671875 0.5213546874999999 0.6601859375
4 0.4505203125 0.197221875 0.40677031250000006 0.121296875 0.4010421875 0.1546296875 0.40572968749999994 0.1731484375 0.4078125 0.1916671875 0.409375 0.2101859375 0.41041718749999995 0.228703125 0.415625 0.23981406249999998 0.4244796875 0.24907343750000002 0.43177031250000003 0.2629625 0.44166718749999995 0.2703703125 0.44947968749999995 0.2888890625 0.4515625 0.3120375 0.4515625 0.3324078125 0.453125 0.35740781250000003 0.46302031250000003 0.3675921875 0.46770781250000004 0.38425937499999996 0.4713546875 0.40277812500000004 0.47239531250000005 0.41574062500000003 0.46927031250000006 0.43148125000000004 0.4703125 0.44907343749999995 0.4765625 0.4648140625 0.4791671875 0.4796296875 0.4713546875 0.4925921875 0.4625 0.5231484375 0.4635421875 0.5324078125 0.47239531250000005 0.54444375 0.4817703125 0.552778125 0.4895828125 0.575 0.490625 0.59444375 0.4921875 0.6083328125 0.49583281250000005 0.6268515625 0.503125 0.6407406250000001 0.5083328125000001 0.6490734375 0.5578125 0.6490734375 0.4859375 0.284259375
4 0.265625 0.26203750000000003 0.271875 0.26851875000000003 0.2822921875 0.2740734375 0.2875 0.2740734375 0.2953125 0.265740625 0.2979171875 0.2509265625 0.2953125 0.2351859375 0.2963546875 0.2203703125 0.3 0.2046296875 0.3078125 0.19351875000000002 0.3135421875 0.18611093750000002 0.31875 0.1648140625 0.3208328125 0.1518515625 0.3197921875 0.13148125 0.3260421875 0.1240734375 0.3354171875 0.11851875 0.3442703125 0.12685156250000001 0.3552078125 0.13518593750000002 0.3661453125 0.1324078125 0.3765625 0.13055624999999998 0.3848953125 0.13055624999999998 0.3942703125 0.1259265625 0.40572968749999994 0.1203703125 0.378125 0.072221875 0.3328125 0.0324078125 0.284375 0.08055625 0.2854171875 0.10555624999999999 0.28125 0.146296875 0.2713546875 0.20277812499999998 0.2380203125 0.28055625 0.24375 0.2824078125 0.2505203125 0.2824078125 0.2578125 0.26759218749999997