4 0.2916671875 0.7388890625 0.2921875 0.7046296875 0.2614578125 0.6601859375 0.2234375 0.6796296875000001 0.1994796875 0.6981484375 0.1822921875 0.7314812500000001 0.1854171875 0.7648140625 0.2255203125 0.79444375 0.2734375 0.8055562500000001 0.2744796875 0.8
4 0.5666671875 0.7851859375 0.5375 0.7824078125 0.5161453125000001 0.8092593750000001 0.5057296874999999 0.8583328124999999 0.5338546875 0.875 0.5651046875 0.8453703125
4 0.3979171875 0.6120375 0.39375 0.5814812500000001 0.3786453125 0.58055625 0.3572921875 0.590740625 0.3578125 0.6324078125 0.3703125 0.66944375 0.3916671875 0.652778125
4 0.3984375 0.5361109374999999 0.3979171875 0.5 0.3807296875 0.484259375 0.3578125 0.47222187499999996 0.3411453125 0.4925921875 0.3328125 0.5324078125 0.3380203125 0.56851875 0.365625 0.578703125 0.384375 0.5583328125
4 0.271875 0.46944375000000005 0.2505203125 0.478703125 0.2390625 0.4851859375 0.2239578125 0.51944375 0.2171875 0.5611109375 0.2442703125 0.5870375 0.2572921875 0.5370375000000001 0.2786453125 0.528703125 0.3005203125 0.5027781250000001
4 0.5208328125 0.44444375 0.5 0.427778125 0.4734375 0.43611093749999996 0.47552031250000004 0.48333281250000004 0.49635468749999995 0.5027781250000001 0.5114578125 0.484259375
4 0.45989531250000004 0.42037031249999995 0.45625 0.36574062500000004 0.43072968749999996 0.36944374999999996 0.425 0.409259375 0.425 0.46851875 0.4484375 0.478703125 0.4557296875 0.446296875
4 0.5171875 0.271296875 0.47552031250000004 0.175 0.4328125 0.13055624999999998 0.3828125 0.077778125 0.3385421875 0.04351875 0.3291671875 0.0490734375 0.3588546875 0.0796296875 0.3765625 0.1074078125 0.3895828125 0.1509265625 0.403125 0.159259375 0.4140625 0.1768515625 0.41354218749999994 0.19629687499999998 0.40260468749999995 0.221296875 0.4036453125 0.246296875 0.41197968749999997 0.2611109375 0.4265625 0.25555625000000004 0.4348953125 0.26759218749999997 0.44166718749999995 0.30462968749999997 0.46458281250000005 0.322221875 0.4895828125 0.2796296875
4 0.3484375 0.3268515625 0.3359375 0.3 0.3135421875 0.275 0.2963546875 0.2870375 0.2880203125 0.3296296875 0.2828125 0.37222187500000004 0.3057296875 0.3796296875 0.3015625 0.42222187499999997 0.3359375 0.4351859375 0.3526046875 0.40740781249999997 0.3494796875 0.39444375 0.3588546875 0.3981484375 0.3864578125 0.40648125 0.3979171875 0.37129687499999997 0.384375 0.3388890625
4 0.3817703125 0.2009265625 0.3645828125 0.1833328125 0.3614578125 0.171296875 0.3729171875 0.1583328125 0.3864578125 0.153703125 0.3786453125 0.1259265625 0.3739578125 0.115740625 0.3619796875 0.1111109375 0.35 0.1074078125 0.3385421875 0.1138890625 0.3328125 0.12962968749999998 0.33125 0.16018593750000001 0.3270828125 0.20925937499999997 0.3369796875 0.22592656249999998 0.359375 0.240740625 0.3635421875 0.24444375 0.378125 0.227778125
4 0.3734375 0.1879625 0.3838546875 0.1990734375 0.3854171875 0.2203703125 0.3953125 0.2203703125 0.3958328125 0.20555625000000002 0.390625 0.19444375 0.3828125 0.19351875000000002 0.3807296875 0.184259375 0.3901046875 0.18055625 0.390625 0.172221875 0.3869796875 0.1583328125 0.3859375 0.1574078125 0.3776046875 0.1611109375 0.3713546875 0.16018593750000001 0.3682296875 0.16851875 0.3697921875 0.17870312500000002
4 0.1848953125 0.5361109374999999 0.2005203125 0.5361109374999999 0.2166671875 0.521296875 0.2067703125 0.5018515625 0.2161453125 0.49074062500000004 0.2567703125 0.4009265625 0.2838546875 0.3296296875 0.3057296875 0.25370312500000003 0.3125 0.222221875 0.3098953125 0.20648125 0.3203125 0.2046296875 0.3322921875 0.13796250000000002 0.3265625 0.10092656250000001 0.3151046875 0.0925921875 0.3140625 0.065740625 0.2979171875 0.040740625 0.28125 0.0324078125 0.2697921875 0.033332812499999996 0.2651046875 0.0388890625 0.2744796875 0.05 0.2953125 0.075 0.2989578125 0.1240734375 0.290625 0.15 0.2770828125 0.1953703125 0.2447921875 0.2601859375 0.19375 0.37222187500000004 0.1234375 0.5268515625 0.1260421875 0.552778125 0.146875 0.565740625 0.1822921875 0.5851859375 0.1885421875 0.572221875 0.19375 0.5518515625