6 0.744921875 0.2859375 0.09609375 0.35625
6 0.475390625 0.309375 0.04453125 0.15
6 0.81171875 0.261328125 0.1765625 0.51015625
6 0.400390625 0.33828125 0.05703125 0.1640625
6 0.5484375 0.2859375 0.034375 0.15625
6 0.61015625 0.329296875 0.0453125 0.14609375
6 0.599609375 0.27265625 0.02109375 0.0921875
6 0.647265625 0.3328125 0.04453125 0.128125
6 0.6546875 0.263671875 0.03125 0.14609375
6 0.684375 0.290625 0.040625 0.2
6 0.083203125 0.221484375 0.07890625 0.38984375
6 0.140625 0.3078125 0.08125 0.19375
6 0.2515625 0.258984375 0.046875 0.26171875
6 0.21328125 0.24140625 0.0453125 0.2296875
6 0.4375 0.295703125 0.034375 0.21015625