6 0.24765625 0.8796875 0.0765625 0.240625
6 0.28671875 0.89453125 0.0734375 0.1953125
6 0.5015625 0.889453125 0.0375 0.16640625
6 0.533203125 0.92109375 0.04453125 0.1421875
6 0.594921875 0.880078125 0.05234375 0.21015625
6 0.639453125 0.896484375 0.04765625 0.18359375
6 0.671875 0.854296875 0.034375 0.20546875
6 0.69375 0.852734375 0.0375 0.19296875
6 0.722265625 0.892578125 0.04453125 0.21015625
6 0.879296875 0.803515625 0.04296875 0.15390625
6 0.81328125 0.787890625 0.0296875 0.13203125
6 0.759375 0.7703125 0.0375 0.15625
6 0.716015625 0.7546875 0.04765625 0.125
6 0.7421875 0.70703125 0.034375 0.1296875
6 0.784375 0.693359375 0.03125 0.10546875
6 0.801171875 0.65078125 0.01484375 0.0734375
6 0.816015625 0.64140625 0.01328125 0.0859375
6 0.836328125 0.647265625 0.01328125 0.08828125
6 0.54765625 0.62109375 0.0328125 0.0734375
6 0.490234375 0.734375 0.04296875 0.1125
6 0.46171875 0.751171875 0.0265625 0.09296875
6 0.4171875 0.7359375 0.0375 0.125
6 0.353515625 0.81171875 0.04453125 0.1640625
6 0.339453125 0.72421875 0.02265625 0.0859375
6 0.371875 0.76171875 0.040625 0.1078125
6 0.28828125 0.729296875 0.0390625 0.11484375
6 0.2421875 0.691015625 0.0375 0.11015625
6 0.2046875 0.71640625 0.040625 0.1171875
6 0.175390625 0.711328125 0.02578125 0.13203125
6 0.16640625 0.666796875 0.0265625 0.09296875
6 0.156640625 0.651171875 0.02578125 0.10546875
6 0.12578125 0.681640625 0.0328125 0.09765625
6 0.10234375 0.71171875 0.0390625 0.1421875
6 0.383203125 0.586328125 0.01640625 0.06328125
6 0.453515625 0.65625 0.01640625 0.1125
6 0.47109375 0.63671875 0.0265625 0.0953125
6 0.336328125 0.66015625 0.02265625 0.0734375
6 0.317578125 0.659375 0.01953125 0.090625
6 0.358203125 0.6546875 0.01640625 0.065625
6 0.281640625 0.560546875 0.01640625 0.04921875
6 0.255078125 0.554296875 0.02265625 0.04609375
6 0.23671875 0.553515625 0.0328125 0.04140625
6 0.19765625 0.55 0.0265625 0.04375
6 0.12734375 0.5578125 0.0265625 0.05625
6 0.162890625 0.5625 0.01640625 0.04375
6 0.343359375 0.5828125 0.01796875 0.05625
6 0.366015625 0.5921875 0.01953125 0.065625