6 0.953125 0.855078125 0.0875 0.27265625
6 0.75546875 0.874609375 0.1296875 0.22421875
6 0.54453125 0.801171875 0.1015625 0.21171875
6 0.62734375 0.63984375 0.0890625 0.0984375
6 0.41328125 0.86171875 0.0984375 0.2015625
6 0.2578125 0.594921875 0.065625 0.14921875
6 0.121875 0.623046875 0.08125 0.16796875
6 0.1640625 0.561328125 0.04375 0.12578125
6 0.1953125 0.5046875 0.059375 0.115625
6 0.22109375 0.45546875 0.0484375 0.1046875
6 0.23984375 0.42734375 0.0515625 0.1046875
6 0.2546875 0.398046875 0.034375 0.09609375
6 0.26796875 0.370703125 0.0453125 0.09453125
6 0.27578125 0.48125 0.0484375 0.140625
6 0.2921875 0.46328125 0.046875 0.0859375
6 0.31328125 0.43046875 0.0453125 0.1046875
6 0.33984375 0.389453125 0.0484375 0.07578125
6 0.428125 0.426953125 0.046875 0.12578125
6 0.484375 0.322265625 0.05625 0.08203125
6 0.478125 0.27890625 0.03125 0.0546875
6 0.47578125 0.243359375 0.0296875 0.04609375
6 0.47734375 0.2234375 0.0234375 0.05625
6 0.48125 0.20546875 0.01875 0.0484375
6 0.63984375 0.313671875 0.0328125 0.08359375
6 0.625 0.27734375 0.028125 0.0546875
6 0.60703125 0.25546875 0.0234375 0.0609375
6 0.5953125 0.236328125 0.03125 0.06328125
6 0.584375 0.22109375 0.034375 0.0609375
6 0.67734375 0.8015625 0.0734375 0.228125