7 0.308984375 0.454296875 0.13671875 0.05859375
6 0.053515625 0.480859375 0.03203125 0.07109375
6 0.09375 0.478515625 0.0375 0.07890625
6 0.409375 0.44140625 0.0375 0.0890625
6 0.440234375 0.427734375 0.03046875 0.07421875
6 0.47109375 0.424609375 0.0296875 0.08984375
6 0.50625 0.421875 0.034375 0.078125
6 0.560546875 0.4125 0.03671875 0.096875
6 0.59765625 0.407421875 0.0234375 0.07734375
6 0.6796875 0.39453125 0.0375 0.0984375
6 0.7171875 0.403125 0.040625 0.09375
6 0.865234375 0.398828125 0.04609375 0.08828125