4 0.30836979166666667 0.7144488636363636 0.3024802083333333 0.7083617424242424 0.2987822916666667 0.7076306818181819 0.29563229166666666 0.7151799242424243 0.29864583333333333 0.7244337121212121 0.30330208333333336 0.7293030303030303 0.3072739583333333 0.7278409090909091 0.3090541666666667 0.7205378787878788 0.30836979166666667 0.7144488636363636
4 0.2934395833333333 0.7319810606060606 0.28672916666666665 0.7283295454545454 0.28357916666666666 0.7312500000000001 0.28029166666666666 0.7378257575757576 0.279059375 0.7470795454545455 0.27960729166666665 0.7497556818181818 0.2845375 0.7504867424242424 0.2918125 0.7486988636363636 0.2946729166666667 0.7458617424242424 0.29617916666666666 0.7434261363636363 0.2934395833333333 0.7319810606060606
4 0.23751875 0.7982045454545454 0.2350104166666667 0.788346590909091 0.218640625 0.7798977272727273 0.21203958333333334 0.7848257575757576 0.214415625 0.7965606060606061 0.212303125 0.8021931818181818 0.21956458333333334 0.8071231060606061 0.222203125 0.8126761363636364 0.23078541666666666 0.8113465909090909 0.23619791666666667 0.808530303030303 0.23831041666666666 0.8036022727272728 0.23751875 0.7982045454545454
4 0.12754583333333333 0.9220416666666668 0.129775 0.9260056818181818 0.131490625 0.9290549242424242 0.13080416666666667 0.9327140151515152 0.13166145833333334 0.9394223484848485 0.13492083333333332 0.9458257575757576 0.140065625 0.9461287878787878 0.14572604166666667 0.9446060606060607 0.14812708333333333 0.940032196969697 0.151728125 0.9372878787878788 0.15481562499999998 0.9342386363636364 0.15361458333333333 0.9284450757575757 0.1500125 0.9217367424242424 0.14692604166666667 0.9132007575757576 0.145896875 0.9083219696969697 0.14967083333333334 0.9092367424242425 0.15550104166666667 0.9101515151515152 0.15978958333333332 0.9147234848484849 0.16184791666666667 0.919907196969697 0.16476354166666668 0.922346590909091 0.16836458333333332 0.9189924242424242 0.17025104166666666 0.9147234848484849 0.17042291666666667 0.9116742424242423 0.17471041666666667 0.908625 0.17865520833333332 0.9055776515151515 0.18071354166666667 0.9022234848484849 0.179684375 0.8952102272727273 0.17779791666666667 0.891246212121212 0.17110833333333333 0.8842329545454546 0.1623625 0.8775246212121213 0.15241354166666668 0.8726458333333333 0.14418229166666666 0.8665473484848485 0.14263854166666665 0.8650246212121212 0.13492083333333332 0.8628901515151515 0.12943125 0.8650246212121212 0.12565833333333334 0.8726458333333333 0.1254875 0.8769166666666667 0.12480104166666667 0.8878920454545455 0.12394375 0.8921609848484848 0.12102708333333334 0.8952102272727273 0.11742604166666666 0.8976496212121212 0.10627708333333333 0.8967348484848485 0.09924583333333332 0.9013087121212121 0.10113229166666667 0.9071022727272727 0.10507708333333333 0.9077102272727273 0.10301874999999999 0.9104564393939394 0.09753020833333334 0.9183825757575758 0.09838854166666668 0.9241761363636363 0.10370520833333334 0.9317992424242424 0.10730624999999999 0.9333238636363637 0.117009375 0.93725 0.12068541666666667 0.9257007575757575 0.12188541666666668 0.9226515151515152 0.12754583333333333 0.9220416666666668
4 0.09513124999999999 0.9547367424242424 0.09394375 0.947873106060606 0.09067604166666668 0.9410094696969697 0.08889375 0.9304488636363636 0.08473645833333333 0.9246401515151514 0.07493541666666667 0.9235833333333333 0.06958854166666667 0.9346723484848485 0.06780729166666667 0.9436496212121213 0.063946875 0.9520965909090909 0.06513437500000001 0.957376893939394 0.07077708333333334 0.9647689393939395 0.07404374999999999 0.9658257575757576 0.08473645833333333 0.9748011363636364 0.08919166666666666 0.9663522727272726 0.09245833333333334 0.9610738636363636 0.09513124999999999 0.9547367424242424
4 0.05592708333333333 0.9705776515151516 0.051175 0.9753295454545455 0.050878125 0.9806098484848483 0.05176979166666666 0.9890568181818181 0.052065625 0.9990738636363635 0.05978854166666667 0.9990738636363635 0.08392395833333333 0.9966079545454545 0.07879583333333334 0.9816666666666668 0.06869895833333332 0.9784981060606062 0.06246145833333334 0.9742727272727274 0.05592708333333333 0.9705776515151516
4 0.2875 0.9990738636363635 0.2947916666666667 0.9870378787878787 0.3046875 0.982407196969697 0.3125 0.9731477272727272 0.3223958333333333 0.9509261363636363 0.33125 0.9407405303030303 0.34791666666666665 0.9370378787878787 0.35052083333333334 0.9314810606060606 0.3484375 0.9277784090909091 0.34791666666666665 0.9157405303030304 0.34322916666666664 0.907407196969697 0.3463541666666667 0.8953712121212121 0.35520833333333335 0.8768522727272727 0.35208333333333336 0.8740738636363636 0.35208333333333336 0.8685189393939393 0.3567708333333333 0.8509261363636363 0.3734375 0.8305549242424243 0.3770833333333333 0.8407405303030303 0.3776041666666667 0.8370378787878788 0.396875 0.8250000000000001 0.39895833333333336 0.817592803030303 0.39791666666666664 0.7981477272727273 0.39375 0.797221590909091 0.39010416666666664 0.7879621212121212 0.4036458333333333 0.7638882575757576 0.40677083333333336 0.7527784090909091 0.4078125 0.7361117424242424 0.42552083333333335 0.7166666666666667 0.43125 0.6944450757575757 0.4401041666666667 0.6796287878787879 0.4421875 0.6592594696969697 0.45208333333333334 0.6518522727272728 0.45729166666666665 0.6259261363636364 0.4630208333333333 0.6222215909090909 0.46145833333333336 0.6129621212121212 0.46458333333333335 0.5787045454545454 0.4708333333333333 0.5805549242424243 0.4734375 0.5759261363636363 0.471875 0.5666666666666667 0.4786458333333333 0.5620378787878787 0.4791666666666667 0.5564810606060606 0.471875 0.5601856060606061 0.4505208333333333 0.5842594696969696 0.43854166666666666 0.5935189393939394 0.4046875 0.6333333333333333 0.2421875 0.8564810606060606 0.23645833333333333 0.860185606060606 0.23020833333333332 0.8731477272727273 0.21927083333333333 0.8842594696969697 0.190625 0.9277784090909091 0.17604166666666668 0.9453712121212121 0.17083333333333334 0.9546287878787878 0.171875 0.9583333333333334 0.16510416666666666 0.9629621212121212 0.16145833333333334 0.9703712121212121 0.16145833333333334 0.9759261363636363 0.15833333333333333 0.982407196969697 0.1625 0.9990738636363635 0.2875 0.9990738636363635
4 0.5467854166666667 0.6968087121212122 0.5436864583333333 0.6782140151515151 0.54039375 0.6668503787878788 0.53845625 0.6530776515151515 0.5345822916666666 0.6310378787878788 0.5334208333333332 0.6196742424242424 0.529159375 0.6220833333333333 0.528384375 0.6262159090909091 0.526059375 0.6331041666666667 0.5239302083333334 0.6362026515151515 0.5217989583333333 0.6406799242424243 0.5229614583333333 0.6458446969696969 0.529546875 0.6465340909090909 0.5312895833333333 0.646876893939394 0.528578125 0.6496325757575757 0.529546875 0.6547973484848485 0.530128125 0.6609962121212121 0.5299333333333334 0.6661628787878787 0.529159375 0.6702935606060606 0.531678125 0.6758030303030303 0.5332270833333334 0.6761477272727272 0.5330333333333334 0.6826912878787879 0.5359385416666667 0.6868238636363636 0.5390375 0.6926761363636363 0.53884375 0.6957765151515152 0.5363260416666668 0.700596590909091 0.5363260416666668 0.7030075757575758 0.5386510416666667 0.7078295454545455 0.541353125 0.711030303030303 0.5465927083333334 0.7129943181818182 0.5487229166666666 0.7126496212121212 0.5491104166666666 0.7050738636363636 0.5467854166666667 0.6968087121212122
4 0.5729166666666666 0.827778409090909 0.5734375 0.8129621212121213 0.5697916666666667 0.7898143939393939 0.5572916666666666 0.732407196969697 0.5526041666666667 0.7185189393939394 0.5484375 0.7166666666666667 0.5489583333333333 0.7333333333333333 0.5479166666666667 0.739814393939394 0.5447916666666667 0.7416666666666667 0.54375 0.7462954545454545 0.5427083333333333 0.7796287878787879 0.5479166666666667 0.8027784090909091 0.5630208333333333 0.827778409090909 0.5729166666666666 0.827778409090909
4 0.5791666666666667 0.9916666666666667 0.578125 0.9990738636363635 0.6140625 0.9990738636363635 0.6005208333333333 0.9453712121212121 0.59375 0.9379621212121213 0.5786458333333333 0.942592803030303 0.5796875 0.9583333333333334 0.5854166666666667 0.9666666666666667 0.5880208333333333 0.9796287878787879 0.5791666666666667 0.9916666666666667
4 0.54375 0.6453712121212121 0.5567708333333333 0.7009261363636363 0.5614583333333333 0.7129621212121212 0.5604166666666667 0.7240738636363636 0.5739583333333333 0.7722215909090909 0.5739583333333333 0.7833333333333333 0.5942708333333333 0.8722215909090909 0.6078125 0.9268522727272727 0.6197916666666666 0.9611117424242424 0.6239583333333333 0.9898143939393939 0.6291666666666667 0.9990738636363635 0.8958333333333334 0.9990738636363635 0.8994791666666667 0.9935189393939393 0.9 0.9888882575757576 0.8932291666666666 0.9833333333333334 0.8802083333333334 0.9638882575757576 0.8723958333333334 0.9629621212121212 0.8666666666666667 0.957407196969697 0.81875 0.902778409090909 0.8182291666666667 0.8981477272727272 0.80625 0.902778409090909 0.803125 0.9 0.7911458333333333 0.8722215909090909 0.7875 0.870371212121212 0.7828125 0.8564810606060606 0.7739583333333333 0.85 0.7463541666666667 0.8064810606060606 0.7401041666666667 0.8037045454545454 0.7317708333333334 0.7907405303030304 0.725 0.7870378787878788 0.721875 0.775 0.6786458333333333 0.7240738636363636 0.6739583333333333 0.7101856060606061 0.659375 0.6898143939393939 0.6510416666666666 0.6907405303030303 0.6432291666666666 0.6851856060606061 0.6421875 0.6777784090909091 0.6208333333333333 0.6564810606060606 0.590625 0.6111117424242424 0.5640625 0.5888882575757576 0.5598958333333334 0.5648143939393939 0.5546875 0.5527784090909091 0.5526041666666667 0.5398143939393939 0.5447916666666667 0.532407196969697 0.534375 0.5481477272727273 0.5338541666666666 0.5611117424242424 0.5317708333333333 0.5638882575757576 0.5328125 0.5814810606060606 0.54375 0.6453712121212121