4 0.6941802083333334 0.8178617424242425 0.6862166666666667 0.813310606060606 0.6819500000000001 0.8062310606060606 0.6756927083333333 0.805219696969697 0.6731322916666667 0.8117935606060607 0.6782520833333333 0.8203901515151515 0.6799593749999999 0.8264583333333333 0.6853635416666666 0.8315151515151515 0.6867854166666666 0.835560606060606 0.6884364583333333 0.8438352272727273 0.697878125 0.841123106060606 0.7010072916666666 0.829998106060606 0.697878125 0.8239299242424243 0.6941802083333334 0.8178617424242425
4 0.6342083333333334 0.7018560606060605 0.6406645833333333 0.7061609848484849 0.6527708333333333 0.7032916666666668 0.664878125 0.7111818181818182 0.667703125 0.7140530303030302 0.6636666666666666 0.7205094696969696 0.6608427083333334 0.7334223484848486 0.65963125 0.7578143939393939 0.6636666666666666 0.7664242424242425 0.6733520833333333 0.77575 0.6830375 0.7750321969696969 0.6963541666666667 0.7685757575757576 0.7040208333333333 0.7563787878787879 0.7104770833333334 0.7563787878787879 0.725409375 0.7606837121212121 0.7314614583333333 0.75925 0.7330760416666667 0.744183712121212 0.7302510416666668 0.7291193181818182 0.71935625 0.7140530303030302 0.7153197916666667 0.7126174242424242 0.7044239583333333 0.725532196969697 0.6886864583333333 0.7025738636363636 0.6810197916666667 0.6896609848484849 0.6794052083333334 0.6724431818181819 0.68384375 0.6659867424242425 0.68949375 0.6473333333333333 0.68384375 0.6423106060606061 0.6745625000000001 0.6308333333333334 0.667703125 0.6322670454545455 0.6600354166666667 0.6344185606060606 0.6511572916666667 0.6372897727272727 0.637840625 0.6537897727272728 0.6338041666666666 0.6623996212121213 0.6305770833333334 0.6774640151515152 0.631384375 0.6853560606060606 0.6342083333333334 0.7018560606060605
4 0.6257343750000001 0.5849166666666666 0.6200843749999999 0.5935265151515151 0.6164520833333333 0.608592803030303 0.6180666666666668 0.6207897727272726 0.6265416666666667 0.6265284090909091 0.637840625 0.6200719696969698 0.6443614583333334 0.6024545454545455 0.6463145833333334 0.6007007575757576 0.641471875 0.5877878787878787 0.6257343750000001 0.5849166666666666
4 0.6079156250000001 0.9481136363636363 0.6128854166666666 0.965784090909091 0.6259854166666667 0.9689962121212121 0.6463145833333334 0.9697992424242424 0.6625770833333333 0.9706022727272726 0.6625770833333333 0.9802405303030303 0.66348125 0.9990738636363635 0.6783895833333333 0.9990738636363635 0.6815510416666667 0.9990738636363635 0.6820031249999999 0.9987102272727272 0.6820031249999999 0.9906799242424241 0.6838093749999999 0.9730113636363636 0.6887791666666666 0.9730113636363636 0.70549375 0.963375 0.7000739583333334 0.9497196969696969 0.6878760416666666 0.9320511363636363 0.6743239583333334 0.9192026515151515 0.6454114583333334 0.9183996212121213 0.617653125 0.9231136363636363 0.616046875 0.9264299242424242 0.609721875 0.9368712121212122 0.6079156250000001 0.9481136363636363
4 0.596621875 0.875030303030303 0.5961697916666666 0.8983200757575758 0.6065604166666667 0.9095643939393939 0.6169510416666667 0.9143825757575758 0.6264375 0.9095643939393939 0.636828125 0.9007291666666666 0.6404416666666666 0.8918958333333333 0.6440552083333333 0.8758333333333334 0.6494770833333334 0.8758333333333334 0.6553489583333333 0.885469696969697 0.667546875 0.8886837121212121 0.673871875 0.8694090909090909 0.6707093749999999 0.8412992424242425 0.6607708333333334 0.8356761363636364 0.6494770833333334 0.853344696969697 0.6332135416666667 0.8661950757575757 0.6115291666666667 0.8404962121212121 0.6083677083333333 0.8412992424242425 0.6002354166666667 0.8541496212121212 0.596621875 0.875030303030303
4 0.5528010416666667 0.5457234848484849 0.5487364583333334 0.5561647727272727 0.5442177083333333 0.5666060606060607 0.5397 0.5794564393939393 0.5342802083333333 0.597125 0.5369895833333334 0.6147935606060606 0.5518979166666667 0.6163996212121212 0.55235 0.6260378787878788 0.556415625 0.6412954545454546 0.5609333333333333 0.6589640151515151 0.5609333333333333 0.6790435606060606 0.5659020833333333 0.6999242424242424 0.5690645833333333 0.7047443181818183 0.5740333333333333 0.7248219696969698 0.58306875 0.733655303030303 0.5943625 0.7368693181818182 0.5979770833333333 0.7384734848484849 0.5889416666666667 0.7457026515151515 0.5767447916666666 0.7513238636363636 0.56545 0.7697954545454545 0.5762927083333333 0.7746155303030303 0.5857791666666666 0.7778276515151514 0.588490625 0.7826458333333334 0.5875864583333333 0.8075435606060606 0.5799072916666667 0.8067405303030303 0.5686135416666667 0.7914810606060606 0.5568666666666666 0.781842803030303 0.5528010416666667 0.8019204545454546 0.55235 0.8171799242424242 0.559578125 0.8396685606060607 0.5681614583333333 0.824409090909091 0.5781 0.8316363636363636 0.5930083333333334 0.8332443181818181 0.6033979166666666 0.8276212121212121 0.611078125 0.8220000000000001 0.611078125 0.8123617424242424 0.611078125 0.7954962121212121 0.6178541666666667 0.7906780303030303 0.630503125 0.7882689393939394 0.6399895833333333 0.7922840909090909 0.6436041666666666 0.7842518939393939 0.6440552083333333 0.7689943181818182 0.6399895833333333 0.7585530303030303 0.6228229166666667 0.7754185606060606 0.611078125 0.7738125 0.6043020833333334 0.7649772727272728 0.60385 0.7529299242424243 0.61514375 0.7465056818181818 0.6250822916666666 0.733655303030303 0.6309541666666667 0.7159867424242424 0.6246302083333333 0.687876893939394 0.609721875 0.6910890151515151 0.593459375 0.6983181818181818 0.5799072916666667 0.6967121212121211 0.5776479166666667 0.683058712121212 0.5912010416666666 0.6814526515151516 0.5948145833333334 0.6734204545454545 0.5948145833333334 0.6581628787878788 0.610175 0.6501306818181818 0.60385 0.6276439393939395 0.5979770833333333 0.6147935606060606 0.5902968749999999 0.5995340909090908 0.5898447916666666 0.597125 0.5889416666666667 0.573030303030303 0.5889416666666667 0.5601799242424242 0.5866833333333333 0.5401022727272727 0.5799072916666667 0.506371212121212 0.55415625 0.5015530303030303 0.5528010416666667 0.5127954545454545 0.5528010416666667 0.5288579545454546 0.5528010416666667 0.5457234848484849
4 0.47284166666666666 0.6276193181818182 0.46064375 0.6348465909090909 0.45838541666666666 0.6476969696969697 0.45567395833333335 0.6677746212121212 0.46651666666666664 0.6830359848484848 0.48183645833333333 0.6635871212121213 0.481425 0.6541231060606061 0.48278020833333335 0.6324375 0.47284166666666666 0.6276193181818182
4 0.4580614583333333 0.6927083333333334 0.43636354166666663 0.7017083333333334 0.43419375000000004 0.7454261363636363 0.44793645833333334 0.7608560606060607 0.4615385416666667 0.7406647727272728 0.4624010416666666 0.722282196969697 0.4609552083333333 0.7029943181818181 0.4580614583333333 0.6927083333333334
4 0.48337604166666664 0.7814299242424243 0.4631239583333333 0.7788579545454546 0.45299791666666667 0.7904299242424242 0.44648958333333333 0.7891439393939395 0.44287291666666667 0.7711439393939393 0.4284072916666667 0.7814299242424243 0.4175583333333333 0.800717803030303 0.403815625 0.8238617424242425 0.411771875 0.8521515151515151 0.42045208333333334 0.8662935606060607 0.4302885416666667 0.8749242424242424 0.445765625 0.8328636363636364 0.4754197916666667 0.8187178030303031 0.492778125 0.809717803030303 0.48337604166666664 0.7814299242424243
4 0 0.9990738636363635 0.25104166666666666 0.9990738636363635 0.2520833333333333 0.9833333333333334 0.26614583333333336 0.9601856060606061 0.27291666666666664 0.9583333333333334 0.2791666666666667 0.9518522727272727 0.29583333333333334 0.9277784090909091 0.29739583333333336 0.9 0.2953125 0.892592803030303 0.29270833333333335 0.8916666666666667 0.29322916666666665 0.8666666666666667 0.3 0.8351856060606061 0.31302083333333336 0.8203712121212121 0.3182291666666667 0.8185189393939394 0.3223958333333333 0.8111117424242424 0.3302083333333333 0.8101856060606061 0.34322916666666664 0.7990738636363637 0.3453125 0.7888882575757576 0.36302083333333335 0.7703712121212121 0.36354166666666665 0.7629621212121211 0.3692708333333333 0.754628787878788 0.3703125 0.7472215909090909 0.38385416666666666 0.725 0.43125 0.702778409090909 0.4375 0.702778409090909 0.4484375 0.6935189393939394 0.4432291666666667 0.6879621212121213 0.44479166666666664 0.6768522727272727 0.45260416666666664 0.6583333333333333 0.4421875 0.6546287878787879 0.4401041666666667 0.642592803030303 0.4354166666666667 0.6388882575757576 0.43020833333333336 0.6166666666666667 0.434375 0.6129621212121212 0.4421875 0.614814393939394 0.4552083333333333 0.6111117424242424 0.46979166666666666 0.5962954545454545 0.4765625 0.5944450757575758 0.4822916666666667 0.597221590909091 0.49322916666666666 0.5916666666666667 0.5 0.5796287878787878 0.5046875 0.5620378787878787 0.521875 0.532407196969697 0.5255208333333333 0.5212954545454546 0.525 0.5037045454545455 0.5213541666666667 0.49722159090909096 0.5223958333333333 0.49351893939393937 0.5192708333333333 0.49351893939393937 0.5135416666666667 0.48518560606060607 0.4791666666666667 0.492592803030303 0.4546875 0.48981439393939397 0.45260416666666664 0.49722159090909096 0.4578125 0.504628787878788 0.4578125 0.5092594696969697 0.45364583333333336 0.5157405303030302 0.4473958333333333 0.517592803030303 0.44375 0.5444450757575757 0.43854166666666666 0.5453712121212122 0.4375 0.5546287878787879 0.4239583333333333 0.5546287878787879 0.4192708333333333 0.5342594696969697 0.4114583333333333 0.5342594696969697 0.4083333333333333 0.5370378787878788 0.40729166666666666 0.5499999999999999 0.4046875 0.5537045454545454 0.3927083333333333 0.542592803030303 0.3765625 0.5592594696969697 0.3723958333333333 0.557407196969697 0.35625 0.5712954545454546 0.34427083333333336 0.5861117424242424 0.31614583333333335 0.5990738636363636 0.0953125 0.8138882575757576 0.09166666666666666 0.8287045454545454 0.07239583333333334 0.8657405303030303 0.059895833333333336 0.879628787878788 0.03697916666666667 0.8935189393939394 0.028125 0.907407196969697 0.019791666666666666 0.9148143939393939 0.0125 0.9314810606060606 0.013020833333333334 0.9361117424242424 0.00703125 0.9462954545454546 0 0.9481477272727273 0 0.9990738636363635
4 0.3671875 0.9861117424242425 0.371875 0.9805549242424242 0.4036458333333333 0.9712954545454546 0.4140625 0.9601856060606061 0.4192708333333333 0.9462954545454546 0.4203125 0.9379621212121213 0.4166666666666667 0.9111117424242424 0.41041666666666665 0.9055549242424242 0.4078125 0.8935189393939394 0.38958333333333334 0.8842594696969697 0.3729166666666667 0.8935189393939394 0.3625 0.9037045454545455 0.3567708333333333 0.9231477272727273 0.3458333333333333 0.9351856060606061 0.34010416666666665 0.9703712121212121 0.33958333333333335 0.9870378787878787 0.34270833333333334 0.9990738636363635 0.36354166666666665 0.9990738636363635 0.3671875 0.9861117424242425
4 0.5958333333333333 0.5296287878787879 0.6 0.5351856060606061 0.6109375 0.5833333333333334 0.6229166666666667 0.5898143939393939 0.63125 0.5814810606060606 0.6484375 0.5962954545454545 0.6515625 0.6037045454545454 0.6635416666666667 0.6120378787878789 0.6677083333333333 0.6194450757575758 0.6802083333333333 0.6277784090909091 0.6875 0.642592803030303 0.696875 0.6518522727272728 0.6958333333333333 0.6583333333333333 0.7270833333333333 0.7277784090909091 0.7270833333333333 0.7361117424242424 0.7317708333333334 0.739814393939394 0.7348958333333333 0.7574071969696969 0.7390625 0.7620378787878788 0.7395833333333334 0.767592803030303 0.7473958333333334 0.775 0.7520833333333333 0.7870378787878788 0.7635416666666667 0.797221590909091 0.7755208333333333 0.7981477272727273 0.7932291666666667 0.8129621212121213 0.80625 0.8398143939393939 0.8052083333333333 0.8453712121212121 0.8083333333333333 0.8527784090909091 0.8333333333333334 0.8861117424242425 0.8395833333333333 0.8833333333333333 0.8489583333333334 0.9 0.865625 0.8962954545454546 0.8682291666666667 0.8842594696969697 0.8630208333333333 0.8509261363636363 0.8677083333333333 0.8092594696969697 0.871875 0.8027784090909091 0.8890625 0.7944450757575757 0.8890625 0.782407196969697 0.88125 0.777778409090909 0.8817708333333333 0.7583333333333333 0.8770833333333333 0.7472215909090909 0.7953125 0.65 0.7942708333333334 0.6453712121212121 0.7822916666666667 0.6370378787878788 0.7791666666666667 0.6259261363636364 0.7677083333333333 0.6111117424242424 0.759375 0.6083333333333333 0.7515625 0.6 0.7479166666666667 0.5870378787878788 0.7359375 0.5759261363636363 0.7255208333333333 0.5768522727272727 0.7046875 0.5703712121212121 0.7005208333333334 0.5601856060606061 0.69375 0.5592594696969697 0.6911458333333333 0.5555549242424243 0.6859375 0.525 0.6744791666666666 0.510185606060606 0.6630208333333333 0.5074071969696969 0.6567708333333333 0.5018522727272727 0.6536458333333334 0.48981439393939397 0.646875 0.4861117424242424 0.6338541666666667 0.4916666666666667 0.621875 0.48981439393939397 0.6161458333333333 0.4861117424242424 0.6109375 0.4731477272727273 0.6026041666666667 0.48240719696969697 0.6020833333333333 0.49722159090909096 0.5958333333333333 0.5018522727272727 0.5916666666666667 0.510185606060606 0.5958333333333333 0.5296287878787879
4 0.9041666666666667 0.9064810606060606 0.921875 0.917592803030303 0.9260416666666667 0.9259261363636364 0.9338541666666667 0.967592803030303 0.9348958333333334 0.9990738636363635 0.9895833333333334 0.9990738636363635 0.9854166666666667 0.9833333333333334 0.9848958333333333 0.9712954545454546 0.9802083333333333 0.9694450757575758 0.9177083333333333 0.864814393939394 0.9182291666666667 0.8462954545454545 0.9151041666666667 0.8444450757575758 0.9104166666666667 0.8250000000000001 0.9072916666666667 0.8250000000000001 0.9067708333333333 0.8694450757575758 0.9026041666666667 0.8768522727272727 0.9015625 0.9 0.9041666666666667 0.9064810606060606