4 0.7155833333333333 0.6848882575757576 0.7051072916666666 0.6767121212121212 0.696675 0.6698996212121212 0.6943760416666667 0.6635397727272727 0.695653125 0.6558181818181819 0.6948864583333333 0.6449166666666667 0.6930989583333333 0.6385568181818182 0.6831333333333334 0.6317424242424242 0.6724020833333333 0.6290170454545454 0.6649927083333333 0.6285624999999999 0.66678125 0.6362859848484849 0.6744458333333333 0.6444602272727272 0.6775125000000001 0.648094696969697 0.6910541666666667 0.6612689393939394 0.6910541666666667 0.6712613636363636 0.6874770833333332 0.6789848484848485 0.6839 0.6812537878787879 0.6823666666666667 0.6871609848484849 0.6823666666666667 0.6953352272727272 0.6818562499999999 0.7035132575757576 0.682878125 0.7112348484848484 0.6879885416666667 0.7021496212121212 0.6943760416666667 0.7094166666666667 0.7012750000000001 0.7148693181818182 0.71200625 0.7248617424242424 0.7222260416666667 0.7162310606060607 0.7242697916666666 0.7080549242424242 0.7227374999999999 0.6944280303030304 0.7155833333333333 0.6848882575757576
4 0.8584197916666666 0.8070984848484849 0.855953125 0.793625 0.8501364583333333 0.7814071969696971 0.8362135416666666 0.7679337121212121 0.8270489583333334 0.7629204545454545 0.8090729166666667 0.7522689393939394 0.804490625 0.7485075757575758 0.797265625 0.7434962121212121 0.776821875 0.7272026515151515 0.7623697916666666 0.7231287878787879 0.747565625 0.733782196969697 0.75338125 0.7391098484848485 0.7620177083333334 0.7481950757575758 0.8279302083333333 0.8143049242424242 0.8577156250000001 0.841564393939394 0.8603583333333333 0.8340435606060606 0.8587729166666667 0.8227651515151515 0.8584197916666666 0.8070984848484849
4 0.47500624999999996 0.5980795454545454 0.477296875 0.5958863636363636 0.483465625 0.5908731060606061 0.4864614583333333 0.5855454545454546 0.48399479166666665 0.5770871212121212 0.47747395833333334 0.579907196969697 0.46828854166666667 0.5905397727272728 0.46989479166666664 0.5930662878787879 0.47253854166666664 0.5955719696969697 0.47500624999999996 0.5980795454545454
4 0.41702291666666663 0.7140056818181818 0.4193145833333333 0.7036666666666667 0.4223104166666667 0.698967803030303 0.427596875 0.6920738636363637 0.430946875 0.687060606060606 0.4216052083333333 0.687060606060606 0.4140270833333333 0.6845549242424243 0.40644895833333333 0.6861212121212121 0.40468645833333333 0.6930132575757576 0.407859375 0.7030416666666667 0.40169062499999997 0.7249715909090909 0.40468645833333333 0.7243465909090909 0.4087395833333333 0.721839015151515 0.41702291666666663 0.7140056818181818
4 0.5276041666666667 0.6018522727272728 0.5276041666666667 0.6064810606060606 0.5296875 0.6083333333333333 0.5369791666666667 0.6111117424242424 0.540625 0.610185606060606 0.5416666666666666 0.6046287878787879 0.5416666666666666 0.5990738636363636 0.5432291666666667 0.592592803030303 0.5432291666666667 0.5750000000000001 0.5421875 0.5712954545454546 0.5369791666666667 0.5638882575757576 0.5296875 0.5638882575757576 0.5265625 0.5712954545454546 0.525 0.5759261363636363 0.525 0.6 0.5265625 0.6 0.5276041666666667 0.6018522727272728
4 0 0.9990738636363635 0.0921875 0.9990738636363635 0.09427083333333333 0.9907405303030303 0.1 0.9833333333333334 0.10729166666666666 0.982407196969697 0.13854166666666667 0.9351856060606061 0.14166666666666666 0.9249999999999999 0.15364583333333334 0.917592803030303 0.15520833333333334 0.9055549242424242 0.16041666666666668 0.8944450757575757 0.17760416666666667 0.8861117424242425 0.190625 0.8731477272727273 0.20104166666666667 0.8694450757575758 0.20572916666666666 0.8583333333333333 0.21666666666666667 0.8453712121212121 0.22135416666666666 0.8157405303030303 0.228125 0.8120378787878787 0.2515625 0.8101856060606061 0.2786458333333333 0.7833333333333333 0.2833333333333333 0.7851856060606061 0.34375 0.7120378787878788 0.36770833333333336 0.6888882575757576 0.36822916666666666 0.6833333333333333 0.37864583333333335 0.6777784090909091 0.415625 0.6416666666666667 0.44114583333333335 0.6111117424242424 0.440625 0.6046287878787879 0.4515625 0.5981477272727272 0.4557291666666667 0.5990738636363636 0.4786458333333333 0.577778409090909 0.4869791666666667 0.5638882575757576 0.48802083333333335 0.5481477272727273 0.4817708333333333 0.5231477272727272 0.46770833333333334 0.514814393939394 0.4552083333333333 0.5138882575757576 0.4088541666666667 0.5287045454545455 0.38958333333333334 0.5287045454545455 0.3828125 0.5462954545454546 0.37552083333333336 0.547221590909091 0.3729166666666667 0.542592803030303 0.3651041666666667 0.542592803030303 0.3640625 0.5444450757575757 0.36875 0.5499999999999999 0.36666666666666664 0.5601856060606061 0.3572916666666667 0.5685189393939394 0.3453125 0.5722215909090909 0.3416666666666667 0.5657405303030303 0.3296875 0.5666666666666667 0.3223958333333333 0.5787045454545454 0.3203125 0.5898143939393939 0.3145833333333333 0.5962954545454545 0.3098958333333333 0.5879621212121212 0.3072916666666667 0.597221590909091 0.303125 0.6009261363636363 0.2828125 0.597221590909091 0.28020833333333334 0.6055549242424243 0.26875 0.614814393939394 0.2671875 0.6129621212121212 0.2671875 0.6222215909090909 0.2515625 0.6361117424242425 0.24947916666666667 0.6518522727272728 0.2171875 0.6731477272727273 0.19375 0.6731477272727273 0.17916666666666667 0.682407196969697 0.1421875 0.6962954545454546 0.1390625 0.702778409090909 0.12083333333333333 0.7037045454545454 0.115625 0.6972215909090909 0.10260416666666666 0.6990738636363636 0.0984375 0.6962954545454546 0.09479166666666666 0.7000000000000001 0.09479166666666666 0.7111117424242424 0.09166666666666666 0.717592803030303 0.08697916666666666 0.717592803030303 0.0828125 0.7120378787878788 0.06979166666666667 0.7231477272727272 0.03958333333333333 0.7212954545454545 0.036458333333333336 0.7120378787878788 0.03125 0.7148143939393939 0.030208333333333334 0.7231477272727272 0.027604166666666666 0.725 0.019791666666666666 0.7259261363636363 0.0171875 0.722221590909091 0.0109375 0.7277784090909091 0.00625 0.7370378787878789 0 0.739814393939394 0 0.9990738636363635
4 0.23333333333333334 0.9990738636363635 0.24375 0.9731477272727272 0.2453125 0.9638882575757576 0.24791666666666667 0.9620378787878788 0.25104166666666666 0.9259261363636364 0.2630208333333333 0.9166666666666666 0.2947916666666667 0.8712954545454545 0.30364583333333334 0.8453712121212121 0.29739583333333336 0.8416666666666667 0.3078125 0.8129621212121213 0.3140625 0.8194450757575757 0.32083333333333336 0.8101856060606061 0.34270833333333334 0.7944450757575757 0.35052083333333334 0.7814810606060606 0.3578125 0.7787045454545455 0.36666666666666664 0.7592594696969697 0.36770833333333336 0.7518522727272727 0.37447916666666664 0.7490738636363636 0.38125 0.7361117424242424 0.39010416666666664 0.7361117424242424 0.3932291666666667 0.739814393939394 0.39947916666666666 0.7314810606060606 0.40260416666666665 0.7046287878787878 0.3885416666666667 0.6898143939393939 0.3807291666666667 0.6888882575757576 0.36875 0.7009261363636363 0.3692708333333333 0.7055549242424243 0.3645833333333333 0.7129621212121212 0.3567708333333333 0.7111117424242424 0.3494791666666667 0.7157405303030303 0.34427083333333336 0.725 0.33541666666666664 0.7314810606060606 0.33229166666666665 0.7407405303030303 0.3255208333333333 0.7407405303030303 0.31875 0.7518522727272727 0.2760416666666667 0.7944450757575757 0.27708333333333335 0.7981477272727273 0.2755208333333333 0.8009261363636364 0.2515625 0.8138882575757576 0.23072916666666668 0.8361117424242424 0.22864583333333333 0.842592803030303 0.22447916666666667 0.842592803030303 0.2203125 0.8490738636363636 0.21614583333333334 0.8675928030303031 0.19739583333333333 0.8768522727272727 0.1859375 0.8916666666666667 0.16770833333333332 0.9064810606060606 0.16197916666666667 0.907407196969697 0.15260416666666668 0.9259261363636364 0.1296875 0.9462954545454546 0.11875 0.9722215909090909 0.11927083333333334 0.9814810606060606 0.12239583333333333 0.9870378787878787 0.13541666666666666 0.9990738636363635 0.23333333333333334 0.9990738636363635
4 0.28854166666666664 0.9722215909090909 0.284375 0.9703712121212121 0.2890625 0.982407196969697 0.29375 0.9842594696969696 0.2953125 0.9907405303030303 0.30364583333333334 0.9990738636363635 0.4244791666666667 0.9990738636363635 0.43072916666666666 0.9925928030303032 0.4359375 0.9935189393939393 0.4395833333333333 0.9990738636363635 0.44427083333333334 0.9935189393939393 0.44375 0.9842594696969696 0.45416666666666666 0.9444450757575757 0.45625 0.9435189393939394 0.4557291666666667 0.9240738636363637 0.4588541666666667 0.9148143939393939 0.4609375 0.8916666666666667 0.46510416666666665 0.8842594696969697 0.46822916666666664 0.8638882575757575 0.46979166666666666 0.817592803030303 0.46770833333333334 0.7907405303030304 0.46197916666666666 0.7833333333333333 0.453125 0.7629621212121211 0.4552083333333333 0.7490738636363636 0.45416666666666666 0.7425928030303031 0.45677083333333335 0.7361117424242424 0.4552083333333333 0.7268522727272728 0.45989583333333334 0.7166666666666667 0.46875 0.7083333333333334 0.4703125 0.7120378787878788 0.47291666666666665 0.7083333333333334 0.47604166666666664 0.6740738636363637 0.471875 0.6583333333333333 0.4635416666666667 0.65 0.45416666666666666 0.6555549242424242 0.4427083333333333 0.6861117424242424 0.4140625 0.7194450757575758 0.3963541666666667 0.7620378787878788 0.3770833333333333 0.7879621212121212 0.37447916666666664 0.7962954545454546 0.3458333333333333 0.8388882575757576 0.340625 0.8537045454545454 0.34010416666666665 0.8629621212121212 0.33125 0.8722215909090909 0.325 0.8888882575757576 0.31979166666666664 0.892592803030303 0.3098958333333333 0.9203712121212122 0.2989583333333333 0.942592803030303 0.29583333333333334 0.9648143939393939 0.28854166666666664 0.9722215909090909
4 0.8770833333333333 0.8518522727272728 0.8927083333333333 0.8712954545454545 0.9041666666666667 0.875 0.9078125 0.8879621212121211 0.9265625 0.9018522727272728 0.934375 0.9055549242424242 0.9994791666666667 0.902778409090909 0.9994791666666667 0.7907405303030304 0.996875 0.7888882575757576 0.9953125 0.7787045454545455 0.9916666666666667 0.7731477272727272 0.9723958333333333 0.7509261363636364 0.9661458333333334 0.7490738636363636 0.9484375 0.7314810606060606 0.9307291666666667 0.7037045454545454 0.9151041666666667 0.7046287878787878 0.9114583333333334 0.7138882575757576 0.9005208333333333 0.7231477272727272 0.8994791666666667 0.7314810606060606 0.9015625 0.7472215909090909 0.8651041666666667 0.8055549242424243 0.8630208333333333 0.8222215909090909 0.865625 0.8370378787878788 0.875 0.8435189393939394 0.8770833333333333 0.8518522727272728
4 0.6083333333333333 0.8212954545454546 0.6057291666666667 0.8083333333333333 0.596875 0.7981477272727273 0.5864583333333333 0.8009261363636364 0.578125 0.8157405303030303 0.5802083333333333 0.8333333333333334 0.5838541666666667 0.8398143939393939 0.59375 0.8379621212121212 0.6083333333333333 0.8212954545454546
4 0.6802083333333333 0.982407196969697 0.6958333333333333 0.9990738636363635 0.7859375 0.9990738636363635 0.7890625 0.9611117424242424 0.796875 0.9259261363636364 0.7953125 0.9166666666666666 0.7869791666666667 0.8962954545454546 0.7885416666666667 0.889814393939394 0.7869791666666667 0.8759261363636364 0.7796875 0.8675928030303031 0.7614583333333333 0.8638882575757575 0.7583333333333333 0.8583333333333333 0.7520833333333333 0.8555549242424243 0.7432291666666667 0.8407405303030303 0.7432291666666667 0.8259261363636363 0.7390625 0.7981477272727273 0.7364583333333333 0.7944450757575757 0.7348958333333333 0.775 0.728125 0.767592803030303 0.725 0.7518522727272727 0.7166666666666667 0.735185606060606 0.6994791666666667 0.7148143939393939 0.6916666666666667 0.7120378787878788 0.6890625 0.7046287878787878 0.6885416666666667 0.7148143939393939 0.6807291666666667 0.7203712121212121 0.6854166666666667 0.7287045454545454 0.6859375 0.7425928030303031 0.6822916666666666 0.7472215909090909 0.6734375 0.7462954545454545 0.6697916666666667 0.7379621212121212 0.6583333333333333 0.732407196969697 0.653125 0.717592803030303 0.6427083333333333 0.7083333333333334 0.6385416666666667 0.6981477272727273 0.6338541666666667 0.6981477272727273 0.6125 0.6796287878787879 0.6072916666666667 0.6620378787878788 0.6036458333333333 0.6601856060606061 0.6046875 0.6537045454545455 0.5989583333333334 0.6518522727272728 0.5911458333333334 0.6361117424242425 0.5802083333333333 0.6287045454545455 0.5755208333333334 0.6138882575757575 0.5635416666666667 0.6055549242424243 0.5598958333333334 0.5953712121212121 0.5572916666666666 0.597221590909091 0.5494791666666666 0.5888882575757576 0.5447916666666667 0.5888882575757576 0.5421875 0.5935189393939394 0.5421875 0.6129621212121212 0.5520833333333334 0.6537045454545455 0.653125 0.9277784090909091 0.6802083333333333 0.982407196969697