4 0.3927083333333333 0.6962954545454546 0.3984375 0.6796287878787879 0.43854166666666666 0.6037045454545454 0.44427083333333334 0.5842594696969696 0.45364583333333336 0.5666666666666667 0.45677083333333335 0.5546287878787879 0.4625 0.5462954545454546 0.4661458333333333 0.532407196969697 0.46510416666666665 0.5194450757575757 0.4505208333333333 0.517592803030303 0.43125 0.5407405303030304 0.4276041666666667 0.5481477272727273 0.42916666666666664 0.5583333333333333 0.4234375 0.5685189393939394 0.4125 0.6120378787878789 0.3765625 0.6777784090909091 0.3723958333333333 0.6907405303030303 0.37135416666666665 0.7009261363636363 0.3729166666666667 0.7055549242424243 0.3802083333333333 0.7092594696969696 0.3927083333333333 0.6962954545454546
4 0.37083333333333335 0.7444450757575758 0.3770833333333333 0.7268522727272728 0.3776041666666667 0.7157405303030303 0.36770833333333336 0.7148143939393939 0.36041666666666666 0.707407196969697 0.34270833333333334 0.7416666666666667 0.34270833333333334 0.7629621212121211 0.34427083333333336 0.7712954545454546 0.3489583333333333 0.775 0.37083333333333335 0.7444450757575758
4 0.37581666666666663 0.6373541666666667 0.37189791666666666 0.6425776515151516 0.3640625 0.6507045454545455 0.35753229166666667 0.6570890151515151 0.34447083333333334 0.6617329545454546 0.34414479166666667 0.6669583333333333 0.3434916666666667 0.6774053030303031 0.3480625 0.6843712121212121 0.3549197916666667 0.6930776515151515 0.359490625 0.6826306818181818 0.36145 0.6820492424242425 0.37059270833333335 0.6692784090909091 0.37189791666666666 0.6570890151515151 0.3761427083333333 0.6507045454545455 0.37581666666666663 0.6373541666666667
4 0.34120625 0.6919166666666666 0.3350020833333333 0.6884356060606062 0.3261864583333333 0.6977215909090909 0.31965625000000003 0.7081704545454546 0.32259479166666666 0.7174583333333333 0.3219416666666667 0.7290681818181818 0.328471875 0.7308087121212121 0.33141041666666665 0.7296477272727273 0.3454510416666666 0.7232632575757575 0.34904270833333334 0.707590909090909 0.34577708333333335 0.6983030303030303 0.34120625 0.6919166666666666
4 0.2915760416666667 0.9101742424242424 0.29255624999999996 0.8950814393939394 0.2954947916666667 0.8933390151515151 0.3062697916666667 0.8921780303030303 0.30659583333333335 0.8823106060606061 0.2971270833333334 0.8707007575757576 0.296146875 0.8637367424242424 0.28569895833333336 0.859092803030303 0.27492395833333333 0.863155303030303 0.27198541666666665 0.8724431818181818 0.267740625 0.8846325757575758 0.2566395833333333 0.8950814393939394 0.25500625 0.9107537878787878 0.2625166666666667 0.9148162878787879 0.2778625 0.9200416666666666 0.27753645833333335 0.9212026515151515 0.28798437499999996 0.9200416666666666 0.2915760416666667 0.9101742424242424
4 0.31998333333333334 0.7842121212121212 0.31606458333333337 0.7638958333333333 0.30953437500000003 0.7464810606060606 0.2954947916666667 0.7435795454545455 0.2945145833333333 0.7569299242424242 0.29059687500000003 0.7638958333333333 0.28178125 0.770280303030303 0.279821875 0.7830511363636364 0.28178125 0.7981439393939395 0.28929062499999997 0.8039469696969697 0.28602500000000003 0.8138162878787879 0.27916875 0.812655303030303 0.27296458333333334 0.8091723484848484 0.2670875 0.8027859848484848 0.26284270833333334 0.7993049242424243 0.25500625 0.8016249999999999 0.2579458333333333 0.8202007575757575 0.26316979166666665 0.8260056818181818 0.27492395833333333 0.8352935606060606 0.281128125 0.837034090909091 0.29059687500000003 0.835873106060606 0.29941249999999997 0.8190397727272727 0.3036572916666667 0.8051079545454545 0.3144322916666667 0.7964015151515151 0.31998333333333334 0.7842121212121212
4 0.51936875 0.8070568181818182 0.51905 0.7996837121212121 0.5050125 0.792310606060606 0.493209375 0.7917424242424242 0.48459583333333334 0.7991155303030303 0.4871479166666666 0.8144299242424242 0.5030989583333334 0.818965909090909 0.5104364583333333 0.8240700757575757 0.5164979166666667 0.815564393939394 0.51936875 0.8070568181818182
4 0.7552083333333334 0.9055549242424242 0.7604166666666666 0.9018522727272728 0.7619791666666667 0.8916666666666667 0.7453125 0.8592594696969698 0.7453125 0.8490738636363636 0.7375 0.8407405303030303 0.7286458333333333 0.7861117424242424 0.7208333333333333 0.7703712121212121 0.7192708333333333 0.7703712121212121 0.7192708333333333 0.7759261363636364 0.7229166666666667 0.8009261363636364 0.7208333333333333 0.807407196969697 0.7140625 0.8111117424242424 0.7114583333333333 0.8166666666666667 0.7083333333333334 0.8453712121212121 0.7083333333333334 0.8842594696969697 0.7208333333333333 0.9009261363636364 0.7489583333333333 0.9018522727272728 0.7552083333333334 0.9055549242424242
4 0.41041666666666665 0.7629621212121211 0.4083333333333333 0.7555549242424242 0.4041666666666667 0.7518522727272727 0.39895833333333336 0.7527784090909091 0.3953125 0.7592594696969697 0.39427083333333335 0.767592803030303 0.39947916666666666 0.7731477272727272 0.40729166666666666 0.7694450757575757 0.41041666666666665 0.7629621212121211
4 0.43680416666666666 0.7287234848484849 0.44122500000000003 0.7221723484848486 0.43846145833333333 0.7156212121212121 0.4307239583333333 0.7090719696969696 0.42906666666666665 0.6989185606060606 0.43385625 0.6897481060606061 0.4404885416666667 0.6782859848484848 0.4432520833333333 0.6681325757575758 0.437909375 0.6622367424242425 0.4314614583333333 0.6651837121212121 0.42685520833333335 0.6720625 0.42077604166666666 0.6835246212121212 0.413959375 0.6917140151515152 0.41211770833333333 0.7071060606060605 0.4154333333333333 0.7188977272727273 0.41561770833333334 0.7257746212121212 0.4154333333333333 0.7333087121212122 0.4159864583333333 0.7398579545454546 0.4251979166666667 0.7434602272727273 0.425565625 0.7421515151515151 0.42924999999999996 0.7349450757575757 0.43680416666666666 0.7287234848484849
4 0.20444791666666667 0.8040530303030303 0.20793854166666667 0.7880946969696969 0.200459375 0.7880946969696969 0.18450208333333334 0.7792310606060606 0.17403020833333332 0.764159090909091 0.170040625 0.778344696969697 0.17103854166666668 0.7836628787878788 0.16704895833333333 0.792528409090909 0.15558020833333333 0.8040530303030303 0.14311354166666668 0.8111439393939394 0.12715729166666667 0.8164640151515152 0.12765520833333335 0.8341931818181818 0.1341375 0.8448314393939395 0.13663125 0.8572424242424243 0.14909791666666666 0.8572424242424243 0.15159062499999998 0.8421723484848485 0.16754791666666666 0.8403977272727273 0.17602500000000001 0.8403977272727273 0.18849166666666667 0.8262140151515152 0.20444791666666667 0.8040530303030303
4 0.26801562500000004 0.683878787878788 0.25925729166666667 0.6950909090909091 0.2631114583333333 0.7050549242424242 0.27817604166666665 0.6975814393939394 0.2848322916666667 0.6876155303030302 0.28097916666666667 0.6807651515151516 0.26801562500000004 0.683878787878788
4 0.3772645833333333 0.5640852272727273 0.3715833333333334 0.5674526515151516 0.3654822916666667 0.5708181818181818 0.35853854166666665 0.5790473484848485 0.35811770833333334 0.5816666666666667 0.365271875 0.5827878787878787 0.36842708333333335 0.5827878787878787 0.38189375 0.5738106060606061 0.38441875 0.5682007575757576 0.3816833333333333 0.5652083333333333 0.3772645833333333 0.5640852272727273
4 0.64746875 0.6060530303030303 0.6317291666666667 0.5933333333333333 0.6245739583333333 0.5742556818181818 0.61563125 0.5494545454545455 0.6031114583333334 0.5354640151515152 0.5902333333333334 0.5252878787878787 0.5902333333333334 0.5367348484848485 0.5991760416666666 0.5659886363636364 0.610265625 0.5914261363636364 0.614915625 0.6060530303030303 0.611696875 0.6257670454545454 0.6217125 0.6403939393939394 0.6317291666666667 0.6562916666666666 0.6413875 0.6626515151515151 0.6675010416666667 0.6582007575757576 0.67644375 0.655655303030303 0.664996875 0.6206799242424242 0.64746875 0.6060530303030303
4 0.499890625 0.4575284090909091 0.4926020833333334 0.4539526515151515 0.4885802083333333 0.45529356060606063 0.48179479166666667 0.46735795454545453 0.452640625 0.5080170454545455 0.459175 0.51025 0.47475729166666664 0.5035492424242425 0.4848104166666667 0.4865700757575757 0.49461249999999995 0.46780492424242426 0.499890625 0.4575284090909091
4 0.45741562500000005 0.4919318181818182 0.46369895833333336 0.48388825757575754 0.4571645833333333 0.4794204545454545 0.45063020833333334 0.4803143939393939 0.44283854166666664 0.4879109848484849 0.4297697916666667 0.49952651515151514 0.4275083333333333 0.5084640151515152 0.4375614583333334 0.5106969696969698 0.4420854166666667 0.505782196969697 0.4476145833333333 0.49907954545454547 0.45741562500000005 0.4919318181818182