4 0.5004854166666667 0.9472708333333333 0.49631458333333334 0.9631628787878788 0.5019760416666667 0.9843503787878787 0.51089375 0.9802556818181819 0.5132979166666667 0.9668712121212121 0.5132979166666667 0.9499185606060606 0.5004854166666667 0.9472708333333333
4 0.49899583333333336 0.8614602272727273 0.49631458333333334 0.8863560606060605 0.49631458333333334 0.900657196969697 0.49631458333333334 0.9054242424242425 0.5046572916666666 0.9440928030303031 0.5219395833333333 0.9509791666666667 0.5392208333333334 0.9356174242424242 0.537134375 0.9033068181818182 0.5359427083333334 0.8762916666666667 0.5365385416666667 0.8508655303030304 0.5332604166666667 0.8317973484848485 0.513596875 0.8222613636363636 0.500434375 0.8238693181818182 0.49988958333333333 0.8238503787878788 0.4986979166666667 0.8450397727272727 0.49899583333333336 0.8614602272727273
4 0.6125166666666666 0.9990738636363635 0.6134104166666667 0.987528409090909 0.6092395833333334 0.9779943181818181 0.596725 0.9737556818181818 0.5892770833333334 0.9806420454545455 0.57765625 0.9806420454545455 0.5711010416666666 0.9990738636363635 0.6092395833333334 0.9990738636363635 0.6125166666666666 0.9990738636363635
4 0.5615666666666667 0.8805303030303031 0.5684197916666667 0.8948314393939394 0.57855 0.8974791666666667 0.5854031249999999 0.8943011363636363 0.5898729166666666 0.8784109848484848 0.5857010416666667 0.8619905303030303 0.5827218750000001 0.8455700757575758 0.575271875 0.8222613636363636 0.5627583333333334 0.8328560606060605 0.5543416666666666 0.842939393939394 0.5529260416666666 0.8524564393939393 0.558884375 0.8704640151515152 0.5615666666666667 0.8805303030303031
4 0.9614947916666666 0.8820075757575757 0.9627052083333333 0.876628787878788 0.9602854166666667 0.8653352272727273 0.953025 0.8572689393939393 0.9457635416666667 0.8588825757575758 0.9415291666666668 0.8631837121212121 0.9400156249999999 0.8701761363636363 0.9487895833333333 0.8820075757575757 0.9509072916666667 0.8830833333333333 0.9569572916666667 0.8857727272727273 0.9614947916666666 0.8820075757575757
4 0.933965625 0.8459753787878788 0.92821875 0.8448996212121213 0.9227729166666666 0.8448996212121213 0.92005 0.8513522727272728 0.918234375 0.8599583333333333 0.9203520833333333 0.8755549242424242 0.92821875 0.8777064393939393 0.9345291666666667 0.8752159090909091 0.9351760416666667 0.8680246212121212 0.9354781249999999 0.8626477272727273 0.933965625 0.8459753787878788
4 0.9185375 0.9277215909090909 0.9118822916666667 0.9164280303030303 0.8919166666666667 0.9094356060606061 0.8888916666666666 0.919655303030303 0.8934291666666667 0.9374034090909091 0.9067395833333334 0.9675208333333334 0.9133947916666667 0.9750492424242425 0.9217302083333333 0.9575113636363636 0.9215635416666667 0.9508484848484848 0.9254958333333333 0.9417064393939394 0.9185375 0.9277215909090909
4 0.8455447916666666 0.8171893939393939 0.8488729166666666 0.8166515151515151 0.8540156250000001 0.8171893939393939 0.8588552083333333 0.8101988636363637 0.8567374999999999 0.7994412878787879 0.8658145833333334 0.8021306818181818 0.8627885416666667 0.7773920454545455 0.73724375 0.678971590909091 0.6897489583333333 0.637560606060606 0.6725052083333334 0.6219621212121212 0.64709375 0.5999128787878788 0.6355979166666667 0.5923825757575758 0.621984375 0.5724848484848485 0.6077666666666667 0.5552746212121212 0.6002031250000001 0.538064393939394 0.5914302083333334 0.5391401515151515 0.590825 0.5466685606060606 0.59445625 0.5515094696969697 0.5999010416666667 0.5638787878787879 0.6056489583333333 0.5751742424242424 0.6141229166666666 0.5875435606060606 0.617753125 0.5929204545454546 0.6216854166666667 0.5977613636363637 0.6283416666666667 0.6047537878787879 0.6365093749999999 0.6155094696969696 0.6416520833333333 0.6203503787878788 0.650425 0.624653409090909 0.6516354166666667 0.6268030303030303 0.6534510416666667 0.6343333333333333 0.66615625 0.6450890151515152 0.6725093750000001 0.6483162878787878 0.6855166666666667 0.6477784090909091 0.6906604166666667 0.6520814393939394 0.689753125 0.657998106060606 0.6873322916666668 0.6714431818181819 0.7039770833333333 0.6805852272727273 0.7206156250000001 0.7058617424242424 0.7248510416666666 0.7112405303030304 0.73150625 0.7187689393939394 0.762065625 0.7553409090909091 0.7672083333333333 0.760719696969697 0.77598125 0.7585681818181819 0.77749375 0.7445852272727274 0.7605531249999999 0.7268371212121212 0.7647885416666667 0.7182310606060606 0.76841875 0.7193068181818182 0.7856625 0.7354412878787878 0.8004854166666667 0.7461988636363637 0.8047208333333333 0.7596439393939394 0.8144010416666667 0.7757784090909091 0.8225697916666667 0.7843825757575758 0.8346697916666667 0.7946003787878787 0.8286197916666667 0.7962140151515151 0.8207541666666667 0.8150378787878787 0.8422322916666667 0.8397784090909092 0.8473604166666667 0.8322481060606061 0.8473604166666667 0.8284829545454546 0.8455447916666666 0.8171893939393939
4 0.90666875 0.8193409090909092 0.8930552083333333 0.8021306818181818 0.8794416666666667 0.7972916666666667 0.8709718750000001 0.8085833333333333 0.8742989583333334 0.8349375 0.9060645833333333 0.8559128787878788 0.9084833333333333 0.8462310606060606 0.9093916666666666 0.8343996212121212 0.90666875 0.8193409090909092
4 0.8104166666666667 0.7342594696969698 0.9994791666666667 0.8861117424242425 0.9994791666666667 0.75 0.990625 0.7481477272727273 0.9739583333333334 0.7361117424242424 0.9588541666666667 0.732407196969697 0.9536458333333333 0.7231477272727272 0.9510416666666667 0.7120378787878788 0.9432291666666667 0.7101856060606061 0.6385416666666667 0.5379621212121212 0.6307291666666667 0.5305549242424242 0.6109375 0.5268522727272728 0.6057291666666667 0.5314810606060606 0.6067708333333334 0.5481477272727273 0.6203125 0.5648143939393939 0.6838541666666667 0.6259261363636364 0.8104166666666667 0.7342594696969698
4 0.39010416666666664 0.9990738636363635 0.4744791666666667 0.9990738636363635 0.47552083333333334 0.9962954545454545 0.4786458333333333 0.9518522727272727 0.4796875 0.8722215909090909 0.48125 0.85 0.4859375 0.8268522727272727 0.4984375 0.6611117424242424 0.5125 0.5833333333333334 0.5166666666666667 0.5787045454545454 0.5197916666666667 0.567592803030303 0.5244791666666667 0.5638882575757576 0.5270833333333333 0.5527784090909091 0.5307291666666667 0.5481477272727273 0.5302083333333333 0.5398143939393939 0.525 0.5361117424242424 0.5125 0.5407405303030304 0.4864583333333333 0.5805549242424243 0.4796875 0.5953712121212121 0.4765625 0.6111117424242424 0.4786458333333333 0.6175928030303031 0.4354166666666667 0.7490738636363636 0.43020833333333336 0.7555549242424242 0.4270833333333333 0.7740738636363637 0.4276041666666667 0.7833333333333333 0.4041666666666667 0.9148143939393939 0.39427083333333335 0.9231477272727273 0.3880208333333333 0.9546287878787878 0.39114583333333336 0.9749999999999999 0.39010416666666664 0.9898143939393939 0.3875 0.9935189393939393 0.39010416666666664 0.9990738636363635
4 0.5380208333333333 0.5453712121212122 0.5411458333333333 0.5462954545454546 0.5401041666666667 0.5435189393939394 0.5380208333333333 0.5453712121212122
4 0.5197916666666667 0.8157405303030303 0.5296875 0.8212954545454546 0.5390625 0.8361117424242424 0.5494791666666666 0.8361117424242424 0.5546875 0.8314810606060606 0.5578125 0.8231477272727273 0.56875 0.827778409090909 0.5744791666666667 0.8120378787878787 0.5755208333333334 0.8064810606060606 0.5697916666666667 0.7629621212121211 0.559375 0.722221590909091 0.5494791666666666 0.657407196969697 0.5447916666666667 0.6462954545454546 0.5427083333333333 0.629628787878788 0.5395833333333333 0.5944450757575758 0.5447916666666667 0.5601856060606061 0.5432291666666667 0.5499999999999999 0.5369791666666667 0.5481477272727273 0.5291666666666667 0.5518522727272727 0.5151041666666667 0.5851856060606061 0.5114583333333333 0.6 0.5072916666666667 0.6277784090909091 0.503125 0.6861117424242424 0.5005208333333333 0.6962954545454546 0.49635416666666665 0.782407196969697 0.49583333333333335 0.8138882575757576 0.4979166666666667 0.8222215909090909 0.5078125 0.8166666666666667 0.5197916666666667 0.8157405303030303
4 0.546875 0.6370378787878788 0.5526041666666667 0.65 0.5572916666666666 0.6907405303030303 0.5635416666666667 0.7231477272727272 0.5770833333333333 0.7717594696969696 0.5786458333333333 0.7870378787878788 0.5869791666666667 0.7981477272727273 0.603125 0.8675928030303031 0.6192708333333333 0.922221590909091 0.6229166666666667 0.9231477272727273 0.625 0.9092594696969697 0.6291666666666667 0.9 0.634375 0.9009261363636364 0.6375 0.9092594696969697 0.6395833333333333 0.9083333333333333 0.6390625 0.892592803030303 0.6348958333333333 0.8870378787878788 0.6333333333333333 0.8768522727272727 0.634375 0.8685189393939393 0.6260416666666667 0.8518522727272728 0.6276041666666666 0.8490738636363636 0.6260416666666667 0.8083333333333333 0.6390625 0.8064810606060606 0.6421875 0.8212954545454546 0.6515625 0.8333333333333334 0.6609375 0.8555549242424243 0.6682291666666667 0.8620378787878789 0.68125 0.9 0.6901041666666666 0.907407196969697 0.7067708333333333 0.9064810606060606 0.7161458333333334 0.9111117424242424 0.7182291666666667 0.917592803030303 0.7177083333333333 0.9500000000000001 0.7270833333333333 0.9592594696969696 0.7359375 0.9814810606060606 0.74375 0.9916666666666667 0.7515625 0.9990738636363635 0.8046875 0.9990738636363635 0.8114583333333333 0.9944450757575758 0.8130208333333333 0.9861117424242425 0.8114583333333333 0.982407196969697 0.8125 0.9703712121212121 0.8104166666666667 0.9666666666666667 0.8098958333333334 0.9277784090909091 0.8140625 0.8787045454545455 0.8177083333333334 0.8722215909090909 0.8203125 0.8564810606060606 0.8182291666666667 0.8453712121212121 0.8119791666666667 0.8416666666666667 0.8098958333333334 0.8268522727272727 0.8052083333333333 0.8203712121212121 0.7984375 0.8194450757575757 0.7947916666666667 0.8129621212121213 0.784375 0.8111117424242424 0.778125 0.8009261363636364 0.7588541666666667 0.7953712121212122 0.7505208333333333 0.782407196969697 0.74375 0.7814810606060606 0.7333333333333333 0.7731477272727272 0.7161458333333334 0.7740738636363637 0.7114583333333333 0.7833333333333333 0.7005208333333334 0.7629621212121211 0.7036458333333333 0.7203712121212121 0.6890625 0.7092594696969696 0.66875 0.7000000000000001 0.6609375 0.6740738636363637 0.6557291666666667 0.672221590909091 0.6395833333333333 0.6555549242424242 0.6333333333333333 0.6537045454545455 0.6239583333333333 0.6194450757575758 0.6192708333333333 0.6120378787878789 0.6192708333333333 0.6064810606060606 0.6145833333333334 0.6009261363636363 0.6130208333333333 0.592592803030303 0.5958333333333333 0.5731477272727273 0.5927083333333333 0.5601856060606061 0.5796875 0.5370378787878788 0.5630208333333333 0.532407196969697 0.5541666666666667 0.5379621212121212 0.5489583333333333 0.5444450757575757 0.54375 0.5638882575757576 0.5432291666666667 0.5759261363636363 0.5458333333333333 0.5870378787878788 0.54375 0.6 0.546875 0.6370378787878788