4 0.3307291666666667 0.8203712121212121 0.33489583333333334 0.8231477272727273 0.33958333333333335 0.8361117424242424 0.3380208333333333 0.8407405303030303 0.34010416666666665 0.8444450757575758 0.3390625 0.8564810606060606 0.3463541666666667 0.8685189393939393 0.3494791666666667 0.8907405303030302 0.34375 0.9018522727272728 0.3411458333333333 0.9 0.3385416666666667 0.9083333333333333 0.3333333333333333 0.9101856060606061 0.32916666666666666 0.9166666666666666 0.3296875 0.9203712121212122 0.33489583333333334 0.9231477272727273 0.33541666666666664 0.9277784090909091 0.32864583333333336 0.9379621212121213 0.3265625 0.9472215909090909 0.31979166666666664 0.9509261363636363 0.3171875 0.9722215909090909 0.31354166666666666 0.9777784090909092 0.3078125 0.9759261363636363 0.30520833333333336 0.9814810606060606 0.3078125 0.982407196969697 0.3125 0.9944450757575758 0.3385416666666667 0.9990738636363635 0.465625 0.9990738636363635 0.46822916666666664 0.9944450757575758 0.47239583333333335 0.9583333333333334 0.4822916666666667 0.7879621212121212 0.4859375 0.6861117424242424 0.47760416666666666 0.6833333333333333 0.47239583333333335 0.6731477272727273 0.459375 0.6731477272727273 0.4473958333333333 0.6638882575757576 0.4390625 0.652778409090909 0.4317708333333333 0.6555549242424242 0.403125 0.6814810606060606 0.4010416666666667 0.6907405303030303 0.3953125 0.6962954545454546 0.3932291666666667 0.7037045454545454 0.3890625 0.7018522727272727 0.3885416666666667 0.6972215909090909 0.38385416666666666 0.7000000000000001 0.384375 0.7037045454545454 0.35885416666666664 0.7657405303030302 0.32864583333333336 0.7759261363636364 0.32864583333333336 0.7833333333333333 0.325 0.7907405303030304 0.32760416666666664 0.792592803030303 0.33229166666666665 0.8111117424242424 0.32916666666666666 0.8138882575757576 0.3307291666666667 0.8203712121212121
4 0.5041666666666667 0.8379621212121212 0.5057291666666667 0.8138882575757576 0.5223020833333334 0.7947537878787879 0.5358625 0.8103844696969696 0.5398864583333334 0.8140928030303031 0.5398864583333334 0.825219696969697 0.5416739583333333 0.8291931818181819 0.5471874999999999 0.8318428030303031 0.5484375 0.8314810606060606 0.546875 0.857407196969697 0.5526041666666667 0.8629621212121212 0.5598958333333334 0.879628787878788 0.5604166666666667 0.9092594696969697 0.5723958333333333 0.9259261363636364 0.5828125 0.9629621212121212 0.5932291666666667 0.9759261363636363 0.5901041666666667 0.9861117424242425 0.5921875 0.9990738636363635 0.6005208333333333 0.9990738636363635 0.6041666666666666 0.9740738636363637 0.5875 0.864814393939394 0.5796875 0.8287045454545454 0.5734375 0.8148143939393939 0.5645833333333333 0.7638882575757576 0.5588541666666667 0.7527784090909091 0.5583333333333333 0.739814393939394 0.5479166666666667 0.702778409090909 0.5427083333333333 0.6768522727272727 0.5432291666666667 0.6694450757575757 0.5338541666666666 0.6388882575757576 0.5328125 0.6268522727272727 0.5302083333333333 0.6268522727272727 0.5291666666666667 0.6324071969696969 0.525 0.6305549242424242 0.5239583333333333 0.6388882575757576 0.5171875 0.6435189393939394 0.5182291666666666 0.6583333333333333 0.51484375 0.6740738636363637 0.5041666666666667 0.6731477272727273 0.4973958333333333 0.6861117424242424 0.49583333333333335 0.7101856060606061 0.49322916666666666 0.7203712121212121 0.4921875 0.764814393939394 0.4890625 0.782407196969697 0.4875 0.8342594696969696 0.4890625 0.8407405303030303 0.49322916666666666 0.842592803030303 0.5041666666666667 0.8379621212121212
4 0.5494791666666666 0.9842594696969696 0.553125 0.9787045454545454 0.5453125 0.9694450757575758 0.5380208333333333 0.9666666666666667 0.5380208333333333 0.9629621212121212 0.5328125 0.957407196969697 0.5067708333333333 0.9555549242424243 0.49114583333333334 0.9453712121212121 0.4875 0.9453712121212121 0.484375 0.9500000000000001 0.4822916666666667 0.9722215909090909 0.48125 0.9898143939393939 0.4828125 0.9990738636363635 0.546875 0.9990738636363635 0.5494791666666666 0.9842594696969696
4 0.541571875 0.8586799242424242 0.5400625 0.8452632575757575 0.5301010416666666 0.8323825757575758 0.5225541666666667 0.8350662878787879 0.5246666666666667 0.8554602272727273 0.530403125 0.8667310606060606 0.5313083333333333 0.893564393939394 0.5279874999999999 0.8951742424242424 0.5168177083333333 0.8951742424242424 0.5122895833333333 0.9134204545454545 0.5080635416666667 0.9230814393939394 0.502328125 0.9332784090909091 0.5131958333333333 0.9332784090909091 0.53010625 0.9348598484848485 0.5316104166666666 0.9268371212121213 0.53493125 0.9150303030303031 0.5391572916666667 0.9026875000000001 0.5403645833333334 0.8849772727272727 0.5400625 0.8731704545454545 0.541571875 0.8586799242424242
4 0.5666666666666667 0.6027784090909091 0.5708333333333333 0.6287045454545455 0.5697916666666667 0.6546287878787879 0.5760416666666667 0.6666666666666666 0.5822916666666667 0.6703712121212122 0.5916666666666667 0.6861117424242424 0.5953125 0.6879621212121213 0.5984375 0.7037045454545454 0.5973958333333333 0.7277784090909091 0.5994791666666667 0.735185606060606 0.6046875 0.7425928030303031 0.609375 0.7564810606060607 0.6192708333333333 0.7666666666666667 0.6229166666666667 0.7944450757575757 0.625 0.8018522727272727 0.6302083333333334 0.8083333333333333 0.6390625 0.8407405303030303 0.6458333333333334 0.8546287878787879 0.6546875 0.864814393939394 0.6572916666666667 0.875 0.6619791666666667 0.879628787878788 0.6645833333333333 0.889814393939394 0.6692708333333334 0.8953712121212121 0.6723958333333333 0.9120378787878788 0.684375 0.9231477272727273 0.6880208333333333 0.9342594696969697 0.6875 0.9703712121212121 0.6859375 0.9814810606060606 0.68125 0.9898143939393939 0.6828125 0.9944450757575758 0.7 0.9990738636363635 0.8963541666666667 0.9990738636363635 0.9 0.9935189393939393 0.8958333333333334 0.9722215909090909 0.8229166666666666 0.8768522727272727 0.8026041666666667 0.8583333333333333 0.7567708333333333 0.7944450757575757 0.7552083333333334 0.7888882575757576 0.6869791666666667 0.7166666666666667 0.6833333333333333 0.7046287878787878 0.6697916666666667 0.6879621212121213 0.659375 0.682407196969697 0.6515625 0.6861117424242424 0.6380208333333334 0.6629621212121212 0.6395833333333333 0.6537045454545455 0.6307291666666667 0.6388882575757576 0.6026041666666667 0.6055549242424243 0.5895833333333333 0.5833333333333334 0.5822916666666667 0.5796287878787878 0.5770833333333333 0.5689810606060607 0.5770833333333333 0.5638882575757576 0.5630208333333333 0.5648143939393939 0.5572916666666666 0.5796287878787878 0.5526041666666667 0.5787045454545454 0.55625 0.5842594696969696 0.5588541666666667 0.5833333333333334 0.5598958333333334 0.5953712121212121 0.5666666666666667 0.6027784090909091
4 0.5875 0.8481477272727272 0.5958333333333333 0.8592594696969698 0.6239583333333333 0.857407196969697 0.6265625 0.8407405303030303 0.6203125 0.817592803030303 0.6203125 0.8092594696969697 0.6135416666666667 0.8064810606060606 0.6088541666666667 0.7981477272727273 0.5947916666666667 0.7944450757575757 0.5963541666666666 0.7787045454545455 0.5947916666666667 0.7740738636363637 0.6052083333333333 0.7592594696969697 0.5994791666666667 0.7361117424242424 0.5927083333333333 0.7240738636363636 0.5838541666666667 0.7231477272727272 0.578125 0.7129621212121212 0.571875 0.6888882575757576 0.5651041666666666 0.6888882575757576 0.5604166666666667 0.6833333333333333 0.5588541666666667 0.6861117424242424 0.5520833333333334 0.6814810606060606 0.5520833333333334 0.7037045454545454 0.5588541666666667 0.7370378787878789 0.5786458333333333 0.8194450757575757 0.5875 0.8481477272727272
4 0.6223958333333334 0.9990738636363635 0.6739583333333333 0.9990738636363635 0.6776041666666667 0.9861117424242425 0.6776041666666667 0.9703712121212121 0.6723958333333333 0.9546287878787878 0.6557291666666667 0.9203712121212122 0.6473958333333333 0.9120378787878788 0.6416666666666667 0.9111117424242424 0.6182291666666667 0.9277784090909091 0.6140625 0.9407405303030303 0.6171875 0.957407196969697 0.6177083333333333 0.9814810606060606 0.6223958333333334 0.9990738636363635
4 0.54375 0.6583333333333333 0.5489583333333333 0.6620378787878788 0.5515625 0.657407196969697 0.5572916666666666 0.6555549242424242 0.5677083333333334 0.6379621212121211 0.5666666666666667 0.6111117424242424 0.5640625 0.5990738636363636 0.559375 0.5953712121212121 0.5583333333333333 0.582407196969697 0.5635416666666667 0.5759261363636363 0.5661458333333333 0.5657405303030303 0.5708333333333333 0.5648143939393939 0.5765625 0.5564810606060606 0.5734375 0.5444450757575757 0.5755208333333334 0.525 0.5729166666666666 0.5203712121212121 0.5692708333333333 0.5222215909090909 0.5671875 0.517592803030303 0.5604166666666667 0.517592803030303 0.5515625 0.5268522727272728 0.5484375 0.5240738636363637 0.5421875 0.5296287878787879 0.5364583333333334 0.5398143939393939 0.5359375 0.5537045454545454 0.5338541666666666 0.5592594696969697 0.534375 0.5731477272727273 0.5322916666666667 0.5916666666666667 0.5369791666666667 0.6342594696969697 0.54375 0.6583333333333333
4 0.5106322916666667 0.6476382575757575 0.507853125 0.6512045454545454 0.504303125 0.6597121212121212 0.5044572916666666 0.6638276515151514 0.5024510416666667 0.6684943181818181 0.4985916666666667 0.6720606060606061 0.49627604166666667 0.6687689393939394 0.4955041666666667 0.6641022727272727 0.49457812500000004 0.6805681818181818 0.4939604166666667 0.6885265151515151 0.49905520833333333 0.6827632575757576 0.49998125000000004 0.677 0.505846875 0.6709640151515152 0.5118666666666667 0.6712386363636363 0.5126385416666667 0.6635549242424243 0.514028125 0.6616325757575757 0.5152625 0.6602613636363637 0.5166520833333333 0.6558693181818182 0.5177322916666667 0.6432462121212121 0.5188135416666666 0.6407765151515151 0.5197395833333334 0.6402272727272728 0.5194302083333333 0.6361117424242425 0.5185041666666667 0.6333674242424242 0.5174239583333333 0.6243125 0.517578125 0.6193712121212122 0.5209739583333334 0.621840909090909 0.5229812500000001 0.6287026515151515 0.527303125 0.6295265151515151 0.5297729166666667 0.6289772727272728 0.530853125 0.6234886363636364 0.5297729166666667 0.6116875 0.528075 0.5924791666666667 0.5279208333333333 0.5875397727272728 0.5286927083333334 0.5743674242424243 0.52961875 0.5600965909090909 0.5317791666666667 0.5548825757575758 0.5336322916666667 0.5540587121212122 0.53625625 0.5477481060606061 0.5370281250000001 0.5370454545454546 0.5384177083333334 0.5318314393939394 0.5419677083333333 0.5285378787878787 0.547525 0.5225 0.5510750000000001 0.5233238636363636 0.5544708333333334 0.5225 0.5575583333333333 0.5192083333333333 0.5560145833333333 0.5074071969696969 0.5470614583333333 0.5052121212121212 0.5353302083333333 0.5019185606060605 0.5249875 0.5019185606060605 0.5134104166666666 0.5046628787878787 0.5053833333333333 0.5107007575757575 0.5018333333333334 0.5194829545454545 0.5012156249999999 0.5235984848484848 0.4919541666666667 0.5301837121212122 0.48176562500000003 0.533751893939394 0.47451145833333336 0.5403390151515151 0.4717322916666667 0.5461003787878788 0.44842604166666666 0.561469696969697 0.44441250000000004 0.5735435606060606 0.43731145833333335 0.5930265151515152 0.43808541666666667 0.6193712121212122 0.44333333333333336 0.6383068181818182 0.44379687500000004 0.6407765151515151 0.44194479166666667 0.6468143939393939 0.4464208333333334 0.6564185606060606 0.4487364583333333 0.6569678030303031 0.450896875 0.6605359848484849 0.45352187499999996 0.6550473484848485 0.4563 0.654498106060606 0.45753541666666664 0.6542234848484849 0.460159375 0.6555965909090908 0.46185729166666667 0.6517537878787878 0.46494479166666663 0.6468143939393939 0.468340625 0.6410511363636364 0.47250833333333336 0.6336420454545454 0.471890625 0.6248598484848484 0.4759041666666667 0.6229393939393939 0.4786822916666667 0.6234886363636364 0.48084375 0.6245852272727273 0.484703125 0.6319962121212122 0.492884375 0.6394053030303031 0.4956625 0.6339166666666667 0.4961260416666667 0.6226647727272727 0.4973604166666667 0.6072973484848485 0.49998437500000004 0.5971439393939394 0.5032260416666666 0.5850681818181818 0.5056958333333333 0.5749147727272728 0.5106354166666667 0.563939393939394 0.5141864583333333 0.5559810606060606 0.5191260416666666 0.5469242424242424 0.519434375 0.5510397727272728 0.5165010416666667 0.5579015151515152 0.5137229166666667 0.5609204545454546 0.5110989583333333 0.5691534090909091 0.508165625 0.577659090909091 0.50585 0.5850681818181818 0.5047697916666667 0.5905568181818183 0.5033802083333333 0.5982405303030303 0.5019916666666666 0.6097670454545454 0.5018375 0.6147064393939394 0.5009104166666667 0.620469696969697 0.50029375 0.6248598484848484 0.4996760416666667 0.6300738636363636 0.5010614583333334 0.6325435606060607 0.505075 0.6358371212121212 0.510478125 0.6410511363636364 0.5117125 0.644344696969697 0.5106322916666667 0.6476382575757575
4 0.8416666666666667 0.7805549242424242 0.8458333333333333 0.7805549242424242 0.871875 0.807407196969697 0.9994791666666667 0.9138882575757576 0.9994791666666667 0.8740738636363636 0.9942708333333333 0.8722215909090909 0.9994791666666667 0.7842594696969697 0.9994791666666667 0.7481477272727273 0.9328125 0.7157405303030303 0.9197916666666667 0.7055549242424243 0.8989583333333333 0.6962954545454546 0.8770833333333333 0.6796287878787879 0.87109375 0.6796287878787879 0.8223958333333333 0.6546287878787879 0.7828125 0.6444450757575757 0.7802083333333333 0.6555549242424242 0.7630208333333334 0.6648143939393939 0.7588541666666667 0.6592594696969697 0.759375 0.6453712121212121 0.75625 0.6407405303030302 0.7489583333333333 0.6416666666666667 0.7463541666666667 0.6342594696969697 0.7458333333333333 0.629628787878788 0.7489583333333333 0.6268522727272727 0.7479166666666667 0.6175928030303031 0.7411458333333333 0.6259261363636364 0.7229166666666667 0.6314810606060607 0.7171875 0.6222215909090909 0.7177083333333333 0.6111117424242424 0.7135416666666666 0.6064810606060606 0.7083333333333334 0.6018522727272728 0.6958333333333333 0.6 0.6583333333333333 0.5583333333333333 0.6270833333333333 0.5370378787878788 0.6197916666666666 0.527778409090909 0.5994791666666667 0.525 0.590625 0.5314810606060606 0.590625 0.5416666666666666 0.5984375 0.5564810606060606 0.6333333333333333 0.5953712121212121 0.8416666666666667 0.7805549242424242
4 0.7020322916666667 0.6692840909090909 0.7028229166666667 0.6642253787878788 0.6976052083333334 0.6616950757575758 0.6866947916666667 0.6538238636363636 0.6827416666666667 0.6515757575757576 0.678946875 0.6465151515151515 0.6751520833333333 0.6428617424242424 0.6719895833333334 0.6363958333333333 0.6677208333333333 0.6330227272727272 0.6636104166666666 0.6304943181818182 0.6596572916666666 0.6327424242424243 0.6517510416666668 0.6330227272727272 0.645946875 0.6350738636363636 0.6405166666666666 0.6272689393939394 0.6279239583333334 0.62275 0.6408416666666666 0.6400511363636364 0.6430552083333333 0.6425814393939394 0.6710416666666668 0.6763125 0.674678125 0.6695662878787879 0.6825833333333333 0.670409090909091 0.6958656249999999 0.6720946969696969 0.7020322916666667 0.6692840909090909
4 0.6407479166666668 0.6206969696969697 0.6473333333333334 0.6248049242424242 0.6511458333333333 0.6268579545454546 0.6543802083333333 0.6254204545454545 0.6557666666666666 0.6221344696969697 0.65345625 0.6192594696969697 0.6499906249999999 0.6163825757575757 0.6449072916666666 0.611659090909091 0.641903125 0.6087840909090909 0.638321875 0.604469696969697 0.6325447916666668 0.5991306818181819 0.63011875 0.595844696969697 0.626421875 0.5900928030303031 0.6220312499999999 0.587217803030303 0.6167166666666667 0.5829034090909091 0.613596875 0.5792064393939395 0.6079364583333333 0.5753049242424243 0.6012354166666667 0.5662670454545454 0.5954583333333333 0.558873106060606 0.5938416666666666 0.5564090909090909 0.5915302083333334 0.5518901515151515 0.5861 0.5444962121212121 0.5851760416666667 0.5387443181818181 0.587025 0.5352537878787879 0.5892197916666666 0.5305284090909091 0.59014375 0.5231344696969696 0.5857541666666666 0.5190265151515151 0.5811322916666666 0.5136875 0.575009375 0.5060871212121212 0.5690010416666667 0.5056761363636364 0.5664593750000001 0.5114280303030303 0.5684239583333334 0.5143030303030304 0.575009375 0.5190265151515151 0.578590625 0.5219015151515152 0.5788218749999999 0.5282689393939394 0.5772041666666666 0.5329943181818182 0.5758177083333333 0.5393617424242425 0.5758177083333333 0.5424412878787879 0.5778979166666667 0.5473712121212121 0.58251875 0.5572291666666667 0.5855229166666667 0.5660624999999999 0.5887572916666667 0.5716079545454545 0.5928010416666667 0.5755094696969697 0.598578125 0.5843409090909091 0.6038927083333333 0.5905037878787879 0.61013125 0.5991306818181819 0.6142906250000001 0.606935606060606 0.6169479166666666 0.6120700757575758 0.6193739583333334 0.6151515151515152 0.6256125 0.6219280303030302 0.6283854166666667 0.6161780303030303 0.6321979166666666 0.6139185606060606 0.6367041666666666 0.6178200757575758 0.6407479166666668 0.6206969696969697