4 0.5369708333333333 0.7433712121212122 0.5431385416666666 0.757625 0.5572916666666666 0.7370378787878789 0.5588541666666667 0.7518522727272727 0.571875 0.775 0.5755208333333334 0.7907405303030304 0.5828125 0.8018522727272727 0.5833333333333334 0.8138882575757576 0.5989583333333334 0.827778409090909 0.6072916666666667 0.8537045454545454 0.60625 0.8611117424242424 0.6083333333333333 0.8694450757575758 0.6197916666666666 0.8953712121212121 0.6265625 0.8990738636363637 0.6432291666666666 0.8953712121212121 0.6463541666666667 0.8657405303030303 0.6432291666666666 0.8101856060606061 0.6369791666666667 0.8018522727272727 0.6333333333333333 0.7861117424242424 0.6223958333333334 0.7629621212121211 0.6208333333333333 0.7472215909090909 0.6109375 0.7231477272727272 0.60625 0.725 0.603125 0.722221590909091 0.5994791666666667 0.7259261363636363 0.5770833333333333 0.7185189393939394 0.5635416666666667 0.7194450757575758 0.5564572916666666 0.7197935606060606 0.5552916666666667 0.7016155303030303 0.5441604166666667 0.6926401515151515 0.5143895833333334 0.693560606060606 0.5145625 0.7166931818181818 0.5151802083333333 0.7294829545454545 0.5281312499999999 0.7298484848484849 0.5369708333333333 0.7433712121212122
4 0.5708333333333333 0.9500000000000001 0.5729166666666666 0.9185189393939394 0.5692708333333333 0.9129621212121212 0.5609375 0.9064810606060606 0.5494791666666666 0.9037045454545455 0.540625 0.9129621212121212 0.5401041666666667 0.9240738636363637 0.5489583333333333 0.9388882575757576 0.5640625 0.9500000000000001 0.5708333333333333 0.9500000000000001
4 0.7 0.985185606060606 0.6994791666666667 0.9814810606060606 0.6895833333333333 0.9722215909090909 0.68125 0.9685189393939394 0.6651041666666667 0.9666666666666667 0.6479166666666667 0.9759261363636363 0.6432291666666666 0.9842594696969696 0.6453125 0.9990738636363635 0.7192708333333333 0.9990738636363635 0.7 0.985185606060606
4 0.6848958333333334 0.907407196969697 0.6729166666666667 0.8814810606060607 0.671875 0.8685189393939393 0.6697916666666667 0.8657405303030303 0.6661458333333333 0.8675928030303031 0.6671875 0.9046287878787879 0.6697916666666667 0.917592803030303 0.6822916666666666 0.9157405303030304 0.6848958333333334 0.907407196969697
4 0.7328125 0.8296287878787878 0.728125 0.817592803030303 0.7197916666666667 0.8055549242424243 0.7125 0.797221590909091 0.7088541666666667 0.797221590909091 0.7041666666666667 0.8027784090909091 0.7125 0.8305549242424243 0.7223958333333333 0.8333333333333334 0.7328125 0.8296287878787878
4 0.6036458333333333 0.7166666666666667 0.6145833333333334 0.7342594696969698 0.6348958333333333 0.735185606060606 0.6416666666666667 0.7305549242424243 0.6416666666666667 0.7194450757575758 0.6317708333333333 0.7064810606060606 0.6286458333333333 0.6861117424242424 0.6265625 0.6833333333333333 0.609375 0.6851856060606061 0.5953125 0.692592803030303 0.5953125 0.7009261363636363 0.6010416666666667 0.702778409090909 0.6036458333333333 0.7166666666666667
4 0.5649302083333333 0.7981931818181819 0.55670625 0.8029431818181818 0.5602010416666666 0.8120814393939394 0.5612291666666667 0.8161003787878788 0.5528010416666667 0.8204867424242424 0.5462218750000001 0.824873106060606 0.5507447916666667 0.8332784090909091 0.5540343750000001 0.8402215909090909 0.5624625000000001 0.8369337121212121 0.5667802083333334 0.838028409090909 0.5723302083333334 0.8314507575757575 0.5731531249999999 0.8204867424242424 0.5731531249999999 0.8117159090909091 0.5717135416666667 0.7989242424242424 0.5649302083333333 0.7981931818181819
4 0.5817979166666666 0.9901666666666666 0.5804552083333333 0.9973238636363636 0.5797843749999999 0.9990738636363635 0.5968958333333333 0.9990738636363635 0.6213895833333333 0.9973238636363636 0.619040625 0.9967291666666667 0.60796875 0.9806231060606061 0.6009229166666666 0.9722727272727273 0.5875010416666666 0.9651136363636363 0.5817979166666666 0.9901666666666666
4 0.5724031249999999 0.9985170454545454 0.5633437499999999 0.9883768939393941 0.5539489583333334 0.9859924242424243 0.5475739583333333 0.9907632575757577 0.5465677083333333 0.9937462121212121 0.5408697916666667 0.9990681818181819 0.5724031249999999 0.9985170454545454
4 0.4921875 0.9814810606060606 0.4901041666666667 0.9703712121212121 0.4875 0.9685189393939394 0.4713541666666667 0.9694450757575758 0.46927083333333336 0.9759261363636363 0.46822916666666664 0.9861117424242425 0.4744791666666667 0.9990738636363635 0.4875 0.9990738636363635 0.4921875 0.9814810606060606
4 0.45625 0.7157405303030303 0.4609375 0.7157405303030303 0.46145833333333336 0.7166666666666667 0.4625 0.7166666666666667 0.4640625 0.7194450757575758 0.4640625 0.7212954545454545 0.46458333333333335 0.722221590909091 0.4661458333333333 0.7231477272727272 0.47239583333333335 0.7231477272727272 0.4744791666666667 0.7212954545454545 0.4744791666666667 0.7166666666666667 0.4734375 0.7138882575757576 0.4734375 0.7101856060606061 0.4744791666666667 0.7083333333333334 0.475 0.7055549242424243 0.4744791666666667 0.7037045454545454 0.46927083333333336 0.7037045454545454 0.4671875 0.7055549242424243 0.4588541666666667 0.7046287878787878 0.4578125 0.7064810606060606 0.4552083333333333 0.7083333333333334 0.4546875 0.7092594696969696 0.4546875 0.7138882575757576 0.4552083333333333 0.7148143939393939 0.45625 0.7157405303030303
4 0.4875 0.7092594696969696 0.4901041666666667 0.7092594696969696 0.49114583333333334 0.7083333333333334 0.490625 0.7055549242424243 0.48854166666666665 0.7018522727272727 0.4875 0.7009261363636363 0.48333333333333334 0.7009261363636363 0.4828125 0.7018522727272727 0.48072916666666665 0.7018522727272727 0.4791666666666667 0.7037045454545454 0.478125 0.7083333333333334 0.4822916666666667 0.7101856060606061 0.4869791666666667 0.7101856060606061 0.4875 0.7092594696969696